344	0.00122479754213
0	0.0011760087257
347	0.00058324152993
343	0.00364228581359
810	0.000569218976151
817	0.000606499627749
719	0.00109400096291
718	0.00587366094888
716	0.00117252726408
713	0.00119675243457
712	0.00241574754065
710	0.000597264083709
915	0.00776984869522
299	0.00119796127541
294	0.00358658242754
295	0.000596877254639
292	0.00176103934008
293	0.00118224634445
290	0.00239340816187
291	0.00602418581065
591	0.00239408511274
590	0.000573570803186
592	0.00299444382901
199	0.00272666140547
198	0.00122624815114
597	0.000570379463361
596	0.00123461332977
599	0.00118751689053
197	0.00119559194736
191	0.00241081547001
190	0.000606161152313
193	0.00413138281867
192	0.000552923801588
270	0.00164136409663
272	0.00185204087874
274	0.000594314512052
275	0.00227682755097
278	0.00240786589835
526	0.00180291358688
523	0.00121943028878
528	0.000609836028476
449	0.000595571706529
443	0.00243078552074
440	0.00111924155972
444	0.00179266261654
102	0.00121652907076
103	0.0018047993786
101	0.00171215381639
106	0.0016839152943
107	0.00226633481246
105	0.000595813474697
900	0.00123722442599
38	0.000594701341122
904	0.00117673403021
32	0.0093833127452
31	0.00181103699735
35	0.00121473998631
34	0.00179851340622
641	0.000587158174262
643	0.0017090108302
644	0.00274576109079
647	0.00121459492541
646	0.00119423804562
648	0.0023682159187
435	0.000592477073971
432	0.0011749932994
433	0.00355094579949
430	0.000611866881092
338	0.00237126219763
335	0.0136842717573
334	0.00601538544931
337	0.00181432504444
333	0.000599004814523
332	0.00117175360594
745	0.000549925876297
854	0.00239490712452
1001	0.00391359805239
857	0.00121817309431
850	0.0131995265793
851	0.00303999295197
858	0.000581017262779
859	0.00235419336493
6	0.00116377525637
98	0.000605580908709
90	0.00601200069495
95	0.00117939348006
740	0.00122078419053
742	0.00120390877236
743	0.00238620347045
558	0.00284121116375
746	0.00120932437934
747	0.000560998858419
748	0.000585417443448
749	0.00180267181872
551	0.00060234121525
550	0.00115453971233
553	0.00114177435303
552	0.00119617219096
236	0.00292196173206
231	0.00526764485746
232	0.0011714151305
233	0.00243508899414
147	0.00119153024213
142	0.00542967788406
143	0.00120990462294
141	0.00182003077322
612	0.00120806718486
614	0.000612592185598
948	0.010746498387
947	0.00246898489138
945	0.000543253074844
942	0.00180243005055
940	0.00181505034895
688	0.000571394889669
685	0.00344809762057
684	0.00509802031037
687	0.00302302082654
686	0.000570669585163
680	0.00118674323239
682	0.00109632193733
622	0.000601664264377
133	0.000589140673244
131	0.000552972155221
137	0.00123098680724
136	0.00121585211989
135	0.00783120945641
134	0.00238987834661
495	0.000621682668738
491	0.000550554473535
493	0.0024138133953
24	0.00364542879978
25	0.000558242701297
26	0.00061911992615
28	0.000594411219319
29	0.00113650380695
407	0.000581645860017
402	0.00181161724095
401	0.0029931382809
933	0.00284193646826
936	0.00120830895303
935	0.0011761537866
379	0.00123998058312
828	0.000556937153187
371	0.000603356641558
373	0.000607128224988
372	0.000585562504349
374	0.00184029094575
377	0.000591364940395
704	0.00282293349021
700	0.00174662995723
701	0.00060364676336
702	0.00277868991535
703	0.00183187741348
393	0.000597505851878
392	0.00120366700419
397	0.00122436235942
82	0.00059818280275
398	0.000604517128767
84	0.00241903558774
796	0.000589527502314
795	0.0018045092568
790	0.00117470317759
798	0.000594362865686
586	0.00239161907742
582	0.00117847476102
581	0.00301876570677
588	0.000593879329349
245	0.00235593409574
246	0.00115333087149
249	0.00356293750065
418	0.00285557219297
511	0.00234432922365
510	0.000615880232691
513	0.000595861828331
1004	0.00229147870199
1003	0.000590784696791
514	0.000603114873389
517	0.00300783778555
516	0.00109279212207
458	0.00396934979207
459	0.000603888531529
624	0.00119965365259
450	0.00367540805269
629	0.0145145036483
628	0.00181065016828
454	0.00417403072361
595	0.00234220166376
175	0.00341821507493
174	0.00244127825925
173	0.0022053125267
171	0.000572313608709
170	0.00117881323646
977	0.00228055078077
976	0.00118882243864
975	0.000598763046354
971	0.000604565482401
979	0.00108331480986
978	0.0121135039659
656	0.000615299989087
657	0.00220724667205
654	0.00110705644402
2	0.00233485191144
652	0.000588802197808
187	0.00246956513498
650	0.00110691138312
185	0.00410899508625
188	0.00360911522086
189	0.00940062334607
658	0.00179943212526
659	0.00183884033674
184	0.00115981025841
868	0.00117581531117
13	0.0016671365834
14	0.00221909331231
19	0.000583628359
862	0.00119689749547
865	0.000600310362633
866	0.000594314512052
881	0.00164997104343
885	0.00296272384529
322	0.000586481223389
321	0.00169082986392
327	0.00390025244948
329	0.00120250651698
201	0.00230758046202
200	0.0017967726754
777	0.000581984335453
202	0.000603163227023
771	0.00240897803193
770	0.000596828901005
207	0.00608167828114
772	0.00355950439266
208	0.000570282756093
77	0.00177453000389
76	0.00059025280682
75	0.00364228581359
72	0.0011999437744
669	0.000574779644029
664	0.000563464893739
663	0.00300764437102
662	0.0129503119511
660	0.00244592020809
653	0.000537885821501
692	0.00724898335278
693	0.00178980975215
696	0.000589672563215
697	0.00177965548906
695	0.00244045624748
698	0.00354456311984
542	0.00119733267817
543	0.000603404995191
540	0.0129873991882
541	0.00550017748202
546	0.00289855857334
547	0.00180151133151
544	0.00120429560143
8	0.000596732193738
994	0.0011803121991
997	0.00060118072804
996	0.00167704907831
991	0.00118413213617
990	0.000599053168157
120	0.00297394188831
124	0.000598908107255
125	0.00122063912963
126	0.00238001420533
415	0.00298931834384
416	0.00598724363448
410	0.00178231493892
920	0.000605097372372
921	0.0016423311693
923	0.00411953617841
924	0.00162666459197
925	0.00117504165303
926	0.00174266495927
927	0.00958277148429
319	0.00111832284068
318	0.00172400045665
313	0.00179928706436
311	0.00295755000648
316	0.00120182956611
833	0.00179653090723
830	0.000610706393883
836	0.000583870127169
837	0.000552101789815
838	0.0012091309648
369	0.00238958822481
364	0.00236942475955
365	0.00115981025841
362	0.00895093455247
360	0.00603390489102
361	0.00118679158602
380	0.0005794699465
381	0.00281229569079
383	0.00119172365666
388	0.00121401468181
787	0.000596248657401
782	0.000594362865686
783	0.00163546495331
788	0.000615831879057
789	0.0011675468398
572	0.00180716870665
577	0.00114104904852
576	0.0016463445209
575	0.00235399995039
60	0.000616267061761
61	0.00359504431344
62	0.00119868657992
64	0.000605677615976
65	0.00480291808377
67	0.0030436194745
68	0.00116445220724
253	0.000599439997226
250	0.00179208237293
251	0.000598037741848
256	0.0023885727985
499	0.000563416540105
731	0.00239664785533
732	0.000584740492576
737	0.00169721254357
509	0.000605677615976
506	0.00328737014208
738	0.0203937252649
505	0.000606983164087
502	0.00177133866407
500	0.00179000316668
630	0.00242503143832
631	0.00365069934586
633	0.00120323182149
469	0.00245259300954
468	0.000574489522227
638	0.00119699420274
464	0.00113389271073
466	0.00123988387585
462	0.00716088303214
168	0.0053429798188
165	0.00299555596259
166	0.0017921790802
167	0.00300687071288
160	0.00298791608846
161	0.000587545003331
966	0.00234689196623
963	0.000608723894901
969	0.000575504948535
409	0.000593879329349
872	0.000583580005366
873	0.00119124012033
870	0.0018088127302
871	0.000612543831964
890	0.00238804090853
891	0.0030305639934
894	0.00060118072804
897	0.000552053436181
439	0.000593057317575
437	0.000551811668012
356	0.00476737816299
809	0.00119211048573
808	0.00057361915682
353	0.000606934810453
803	0.00119259402207
802	0.00061612200086
216	0.00117373610492
214	0.00420347808654
769	0.00245012697423
762	0.00236961817408
42	0.00060495231147
761	0.001100722118
764	0.00176529445985
765	0.005372523889
4	0.00181031169284
281	0.000590349514087
280	0.0090209506141
679	0.000566656233564
674	0.00180117285607
670	0.00226178957089
671	0.00121004968384
672	0.00056191757746
260	0.00175697763485
267	0.00179585395636
268	0.00120569785681
56	0.00178323365796
53	0.00241574754065
52	0.000596006889232
537	0.00112867051829
535	0.00477637193886
534	0.00367642347899
532	0.00276868071317
531	0.00119259402207
530	0.00541642898842
538	0.000598811399988
988	0.00120395712599
774	0.000618588036179
980	0.00115511995594
987	0.0176682243468
984	0.00238277036245
985	0.000574102693157
114	0.0011674017789
117	0.000587545003331
116	0.00122968125913
111	0.000596345364668
113	0.0005961035965
112	0.00181814498151
118	0.000568783793448
773	0.000597941034581
429	0.00179193731203
428	0.0030014551059
918	0.000557710811326
421	0.00241690802786
423	0.00169706748267
422	0.000598859753622
424	0.0024255633283
427	0.000588947258709
912	0.00355263817667
308	0.00117015793602
855	0.00119738103181
301	0.000602002739814
302	0.000612785600133
303	0.00181036004648
306	0.00244625868353
776	0.00181693614066
847	0.000606499627749
846	0.00182133632133
844	0.00340317709484
843	0.000583676712634
840	0.00235187239051
849	0.00344538981708
823	0.000600020240831
568	0.00433596704294
569	0.013626102336
508	0.000550506119902
561	0.00300092321593
758	0.000567865074407
565	0.00344529310981
566	0.00120724517309
229	0.000601035667139
228	0.00116720836437
226	0.000554374410599
223	0.00119298085114
220	0.00479692223319
724	0.00286016578817
722	0.00120811553849
720	0.00121565870535
605	0.00119873493355
150	0.00119331932658
607	0.00356153524528
157	0.00117712085928
602	0.00177651250287
159	0.0156062803441
609	0.0017838622552
48	0.00456056967157
951	0.00479706729409
950	0.00241850369777
953	0.000613172429203
952	0.000609400845773
955	0.00410725435544
954	0.000608917309435
40	0.00182428589299
956	0.00281969379675
5	0.00227276584574
488	0.00122842406466
485	0.000591848476732
483	0.000589720916849
482	0.00119728432454
472	0.001784152377
470	0.00117165689867
