344	0.0012299230273
0	0.00118268152716
347	0.000582419518157
343	0.00362173551926
810	0.000568928854349
817	0.000605484201441
719	0.00110323650695
718	0.00587051796268
716	0.0011757186039
713	0.00119138518123
712	0.00240989675097
710	0.000593105671209
421	0.00240336901042
299	0.00121377291364
294	0.00357870078525
295	0.000602486276151
292	0.00175151367424
293	0.00117006122876
290	0.00237546896376
291	0.00597675089597
591	0.00238044938803
590	0.000561965931093
592	0.00299840882697
595	0.0023720842094
198	0.00123292095259
597	0.000575021412198
596	0.00123001973457
599	0.00118742018326
197	0.00117857146829
191	0.00238131975344
190	0.000603791824261
193	0.00414318110529
192	0.00055737233589
270	0.00167903157729
272	0.00184846270985
274	0.000608240358563
275	0.00226986462772
278	0.00239539066085
526	0.0018006409661
523	0.00121546529082
528	0.000604565482401
449	0.00059987517993
443	0.00242546662103
440	0.00113036289547
444	0.00181858016421
102	0.0012177379116
103	0.00180977980287
101	0.00170833387933
106	0.00170345016232
107	0.00226256322903
105	0.000602002739814
900	0.00123050327091
38	0.00061027121118
904	0.00116981946059
32	0.00936116678095
31	0.00181359973994
35	0.00122063912963
34	0.00180194651421
641	0.000587980186035
643	0.00171167028005
644	0.00274943596695
647	0.00120076578617
646	0.00120042731073
648	0.00239345651551
435	0.00058739994243
432	0.00117750768835
433	0.00357014219208
430	0.00062158596147
338	0.0023679257969
335	0.0136972305312
334	0.00600281350454
337	0.00182534967293
333	0.000590687989523
332	0.00115429794416
745	0.000550554473535
854	0.00240452949763
855	0.00119259402207
857	0.00119515676466
850	0.0131908229252
851	0.00301030382087
858	0.000590156099552
859	0.0023755173174
6	0.0011709799478
98	0.000598037741848
90	0.0059885491826
95	0.00118147268631
740	0.00121082334198
742	0.00122271833588
743	0.00238020761987
558	0.0028348284841
746	0.00120168450521
747	0.000556792092285
748	0.000580485372808
749	0.00179822328441
551	0.000592428720337
550	0.00114801197178
553	0.00113761594053
552	0.00121087169562
236	0.00292771581448
231	0.00527741229147
232	0.00118558274518
233	0.00242648204734
147	0.00119365780201
142	0.00546183305048
143	0.00119307755841
141	0.00181156888732
612	0.00120937273297
614	0.000603936885162
1004	0.00228741699676
948	0.0107941750699
947	0.00249461231725
945	0.000554132642431
942	0.0018172746161
940	0.00180741047482
688	0.000560708736617
685	0.00344011927101
684	0.00512268066357
687	0.00300493656753
686	0.000572507023244
680	0.00118567945245
682	0.00109728901001
622	0.000606934810453
133	0.000591655062197
131	0.000546782890105
137	0.00121580376626
136	0.00121058157381
135	0.00786181730655
134	0.00238422097147
495	0.00062028041336
491	0.000550312705367
493	0.00243479887234
24	0.00360805144091
25	0.000559741663942
26	0.000608820602168
28	0.000597215730075
29	0.00113916325681
407	0.000569218976151
402	0.00182568814837
401	0.00299579773075
933	0.00283502189864
936	0.00121793132614
935	0.00118829054867
379	0.00123983552221
828	0.000539529845047
371	0.000593395793011
373	0.000618346268011
372	0.000590059392285
374	0.00184270862744
823	0.000589720916849
704	0.00281495514064
700	0.0017501597725
701	0.000601470849843
702	0.00277235558933
703	0.00182356058848
393	0.000594556280221
392	0.00119486664285
397	0.00123799808413
82	0.000608337065831
398	0.000600262009
84	0.0024184069905
796	0.000586626284291
795	0.00180731376755
790	0.0011924973148
798	0.000599633411761
586	0.00237189079487
582	0.00116870732701
581	0.00302505167915
588	0.00058739994243
245	0.00236633012699
246	0.00115071977527
249	0.00355539433379
924	0.00164257293747
511	0.00235907708193
510	0.000610754747517
513	0.000596732193738
927	0.00955888478923
1003	0.000600648838069
514	0.000604178653331
1001	0.00390397567928
516	0.00110705644402
458	0.0039559074819
459	0.000599246582691
624	0.00119820304358
450	0.00368005000152
629	0.0144491295355
628	0.00182520461203
454	0.00420149558756
199	0.00274987114965
175	0.00342353397464
174	0.00244035954021
173	0.00220434545403
171	0.000568880500715
170	0.00116532257265
977	0.002284612486
976	0.00119153024213
975	0.000621440900569
971	0.000602051093447
979	0.00109907809445
978	0.0120998682412
656	0.00061326913647
657	0.00220173435781
654	0.00108592590608
2	0.00232880770722
652	0.000592573781238
187	0.0024512391078
650	0.00110342992149
185	0.00411315349875
188	0.00361312857246
189	0.00936982208139
658	0.00181147218005
653	0.000546105939233
184	0.00115855306393
868	0.00120535938137
13	0.00164866549532
14	0.0021846655251
19	0.000583918480802
862	0.00118272988079
865	0.000610367918447
866	0.000587593356965
659	0.00184256356653
881	0.00163440117337
885	0.00297394188831
322	0.000583676712634
321	0.00171379783994
327	0.00392829755704
329	0.00118625969605
201	0.00230564631667
200	0.00180441254953
777	0.000584498724407
776	0.00178748877773
771	0.00244060130838
770	0.000598376217285
773	0.000595039816558
772	0.00358310096592
208	0.000562304406529
77	0.00176403726537
76	0.000581355738215
75	0.00359746199513
72	0.00120226474881
669	0.000559499895774
664	0.000568203549843
663	0.00301301162436
662	0.0129417533579
660	0.00242880302175
692	0.00723936097967
693	0.00179372639648
696	0.000594459572953
697	0.00175320605142
695	0.00242909314356
698	0.00352894489615
542	0.00118630804969
543	0.000591751769465
540	0.0129771482178
541	0.00552275862897
546	0.00289338473454
547	0.00178637664415
544	0.00121004968384
8	0.000604855604203
994	0.00118393872163
997	0.000605097372372
996	0.0016669915225
991	0.00118384201437
990	0.000606161152313
120	0.00297012195125
124	0.000604323714232
125	0.00121193547556
126	0.00237895042539
415	0.00299043047741
416	0.0060105017323
410	0.00178565133965
920	0.000601035667139
921	0.00165857799023
923	0.00411934276387
418	0.00283536037407
925	0.00118901585317
926	0.00172728850375
499	0.000562787942867
319	0.00113220033355
318	0.00169073315665
313	0.00176572964255
311	0.00297785853264
316	0.00120864742846
833	0.00178835914313
830	0.000600793898971
836	0.00058570756525
837	0.000549200571791
838	0.00123166375812
369	0.0023805460953
364	0.00235337135315
365	0.00118427719707
362	0.00898241276802
360	0.00600711697794
361	0.00118176280812
380	0.000586432869756
381	0.00283028324253
383	0.00119800962905
388	0.00122552284663
787	0.000593540853913
782	0.000589914331384
783	0.00162178087497
788	0.000608482126732
789	0.00116657976713
572	0.00180344547686
577	0.00113205527265
576	0.00166820036334
575	0.00237585579283
60	0.000624487179493
61	0.00357584792086
62	0.00119713926364
64	0.000616412122662
65	0.00483420288479
67	0.00303738185575
68	0.00117832970012
253	0.000600600484436
250	0.00177133866407
251	0.000593976036616
256	0.00236516963978
731	0.00239065200475
732	0.000593685914814
508	0.00055490630057
509	0.00059494310929
506	0.00329936184325
738	0.0203435341931
505	0.000601809325279
502	0.00178381390156
500	0.00178125115898
630	0.00240467455853
631	0.00362560380995
633	0.00121604553442
469	0.00242459625562
468	0.000561434041122
638	0.00121962370332
464	0.00113867972047
466	0.00123229235535
462	0.00717654960947
168	0.00532847372868
165	0.00302882326258
166	0.00178255670709
167	0.0030176535732
160	0.00300938510183
161	0.000597167376442
966	0.00234128294472
963	0.000616025293592
969	0.000566946355367
409	0.000597119022808
872	0.000592138598535
873	0.00118297164896
870	0.0018169844943
871	0.000608578833999
890	0.00240027437786
891	0.00303414216229
894	0.000601374142575
897	0.000564480320047
439	0.000576423667576
437	0.000550796241704
356	0.00475079286662
809	0.00120221639518
808	0.000562691235599
353	0.000606886456819
803	0.00119119176669
802	0.000616170354493
216	0.00116948098515
214	0.00422620429439
769	0.0024632791626
762	0.00238436603237
42	0.000598811399988
761	0.00109757913181
764	0.001754318185
765	0.00535226371647
202	0.000609014016703
517	0.00300261559311
4	0.0018046543177
281	0.000582564579058
280	0.00900784677936
679	0.000568445318012
674	0.00180586315854
670	0.00228262998702
671	0.00122736028471
672	0.000565882575425
260	0.00177361128485
267	0.0017921790802
268	0.00119781621451
56	0.00177225738311
53	0.00242933491173
52	0.000597070669174
537	0.0011378577087
535	0.00478783175005
534	0.00363720868205
532	0.002788505703
531	0.00119360944838
530	0.0054184114874
538	0.000596635486471
988	0.00121208053646
774	0.00062327833865
980	0.00116121251379
987	0.0176927879927
984	0.00237377658658
985	0.000573280681384
114	0.00115618373588
117	0.000596055242866
116	0.00122204138501
111	0.000604710543302
113	0.000602196154348
112	0.00181219748456
118	0.0005711531215
207	0.00609086547155
429	0.00181161724095
428	0.00301949101128
918	0.000560515322082
915	0.00776254729653
423	0.00171031637831
422	0.000600648838069
424	0.00240008096333
427	0.00059571676743
912	0.00356177701344
308	0.00114346673021
301	0.000609545906674
302	0.000596683840104
303	0.00182152973587
306	0.00244417947728
847	0.000608046944029
846	0.00181795156697
844	0.00341589410051
843	0.000585417443448
840	0.00235757811929
849	0.00349480723074
377	0.000599536704494
568	0.00431415955413
569	0.0136886235844
737	0.0016839152943
561	0.00303090246883
758	0.000559306481239
565	0.00343687957755
566	0.00119172365666
229	0.000595039816558
228	0.00115366934692
226	0.000554374410599
223	0.0012046824305
220	0.00479010437084
724	0.0028602141418
722	0.00119573700826
720	0.00121648071713
605	0.00119375450928
150	0.00120550444227
607	0.00358774291475
157	0.00117745933472
602	0.00178067091537
159	0.0155834090753
609	0.00178139621988
48	0.00457580106619
951	0.00480649625267
950	0.00241690802786
953	0.000611383344755
952	0.000602776397953
955	0.00411992300747
954	0.000604758896936
40	0.00183922716581
956	0.00283212068061
5	0.00226246652176
488	0.00122707016291
485	0.000603211580657
483	0.000599246582691
482	0.00118393872163
472	0.0017716771395
470	0.00118079573544
