344	0.00122682839474
0	0.00118708170783
347	0.000583289883564
343	0.00364088355821
810	0.000574779644029
817	0.000612157002895
719	0.00110865211393
718	0.0058556250435
716	0.00117668567658
713	0.00120550444227
712	0.00243673301768
710	0.000589285734145
915	0.00779412221934
299	0.0012217512632
294	0.00358929023103
295	0.000597699266412
292	0.00177559378383
293	0.00117267232498
290	0.00237633932917
291	0.00600349045541
591	0.00238804090853
590	0.000576133545773
592	0.00300164852043
199	0.00273971688657
198	0.00124138283849
597	0.000578454520192
596	0.00122663498021
599	0.00117847476102
197	0.0011758636648
191	0.00241086382364
190	0.000609255784872
193	0.00415565634279
192	0.000553890874262
270	0.00166602444982
272	0.00184377240738
274	0.000613075721935
275	0.00228040571987
278	0.00243112399617
526	0.00181335797177
523	0.00124297850841
528	0.000604275360598
449	0.000598763046354
443	0.00243595935955
440	0.00113089478544
444	0.00179227578747
102	0.00121865663064
103	0.00183076527991
101	0.00170320839415
106	0.00168275480709
107	0.00227842322089
105	0.00060741834679
900	0.00124554125099
38	0.000607515054058
904	0.00117741098108
32	0.00937954116177
31	0.00181253595999
35	0.00120821224576
34	0.0018009310879
641	0.000593734268447
643	0.00170814046479
644	0.0027350265841
647	0.00119655902003
646	0.00120255487062
648	0.00238784749399
435	0.000592235305802
432	0.00117228549591
433	0.00356936853394
430	0.000617862731674
338	0.00237126219763
335	0.0136574838443
334	0.00600373222358
337	0.00183134552351
333	0.000587690064232
332	0.00116986781422
558	0.00285238085314
854	0.00239326310097
855	0.00118553439155
857	0.00120473078413
850	0.0131508828238
851	0.00301891076767
858	0.000581259030948
859	0.00235670775388
6	0.00118060232091
98	0.000596055242866
90	0.00601325788943
95	0.00119767115361
740	0.00121449821814
742	0.00121338608457
743	0.00237309963571
745	0.000549732461762
746	0.00120946944024
747	0.000549152218158
748	0.000574537875861
749	0.00181862851784
551	0.000593444146645
550	0.00115497489504
553	0.00112949253006
552	0.00121019474474
236	0.00292162325663
231	0.00526324467679
232	0.00117421964126
233	0.00242082467219
147	0.00119356109474
142	0.00541106173507
143	0.00120134602977
141	0.00180566974401
612	0.00121280584096
614	0.000597457498244
948	0.0107863417812
947	0.00246569684428
945	0.000546686182838
942	0.00182327046668
940	0.00180272017235
688	0.000576423667576
685	0.00344587335342
684	0.00510145341836
687	0.0030307090543
686	0.000572748791413
680	0.00117020628966
682	0.00109163163486
622	0.000597312437343
133	0.000598037741848
131	0.000557614104059
137	0.00121643236349
136	0.00120042731073
135	0.00786481523184
134	0.00239418182001
495	0.000623471753185
491	0.000549877522663
493	0.00242314564661
24	0.00363454923219
25	0.000579034763797
26	0.000619264987052
28	0.000591945184
29	0.00114090398762
407	0.000583048115395
402	0.00183893704401
401	0.00300551681113
933	0.00286519456608
936	0.00119215883937
935	0.00119003127948
379	0.00123127692905
828	0.000554857946937
371	0.00060572596961
373	0.000616363769028
372	0.000577922630221
374	0.00183961399488
377	0.000601277435308
704	0.00283821323846
700	0.00173120514808
701	0.000601615910744
702	0.0027639904107
703	0.00180842590113
393	0.000591945184
392	0.0011966557273
397	0.00122484589576
82	0.000609400845773
398	0.000613704319174
84	0.00244712904893
796	0.000588850551442
795	0.00181301949633
790	0.00118200457628
798	0.000616170354493
586	0.00238557487321
582	0.00119293249751
581	0.00303157941971
588	0.000597264083709
245	0.00238020761987
246	0.0011466097164
249	0.00356496835327
924	0.00162903392003
511	0.00233567392321
510	0.000605484201441
513	0.000590107745918
1004	0.00229288095737
1003	0.000596877254639
514	0.000607563407691
1001	0.00388400562855
516	0.00109549992556
458	0.0039518941303
459	0.000596925608273
624	0.00119936353079
450	0.00366965397027
629	0.0145065736524
628	0.00179967389343
454	0.00418408827942
595	0.00235738470475
175	0.00342203501199
174	0.00243349332423
173	0.00219636710446
171	0.000567429891704
170	0.00117968360187
977	0.00225642231754
517	0.00299318663453
975	0.00059740914461
971	0.000596538779203
979	0.00108389505347
978	0.012086957821
656	0.000602002739814
657	0.0022222362985
654	0.00108524895521
2	0.00232595484283
652	0.000583386590831
187	0.00245476892306
650	0.00108568413791
185	0.00410793130631
188	0.00361211314615
189	0.00940376633226
658	0.00181945052962
659	0.00182385071029
184	0.00115744093036
868	0.00117160854504
13	0.00164619946
14	0.00222373526115
19	0.00058909231961
862	0.00119733267817
865	0.000602099447081
866	0.000592041891267
881	0.00162995263907
885	0.00298327413962
322	0.000586529577023
321	0.00170581949037
327	0.00389029160094
329	0.00119781621451
201	0.00231043332641
200	0.00180402572046
777	0.000592767195773
202	0.000601857678912
771	0.00242870631449
770	0.000593976036616
773	0.000590833050424
772	0.00358203718597
208	0.000562401113797
77	0.00178120280534
76	0.000578841349262
75	0.00357546109179
72	0.00120651986858
669	0.000569509097954
664	0.000571104767866
663	0.00300556516477
662	0.0129336783011
660	0.00242827113178
653	0.000543881672082
692	0.00724555024479
693	0.00178067091537
696	0.000590784696791
697	0.00178265341436
695	0.00242280717117
698	0.00352821959164
542	0.00120313511422
543	0.000609836028476
540	0.0129420434797
541	0.00553281618478
546	0.00290755234922
547	0.0018218682113
544	0.0012043923087
8	0.00061496151365
994	0.00118814548777
997	0.00059740914461
996	0.00168522084241
991	0.00118693664692
990	0.000600552130802
120	0.00297592438729
124	0.000604758896936
125	0.00122063912963
126	0.00238131975344
415	0.00299192944006
416	0.0059681923028
410	0.00178690853412
920	0.000588898905075
921	0.00165161506697
923	0.00411581294861
418	0.00286103615358
925	0.00117233384954
926	0.00173342941523
927	0.00956202777543
319	0.00113456966161
318	0.00169846973805
313	0.00177670591741
311	0.00296378762523
316	0.00121735108253
833	0.00176282842453
830	0.000608868955802
836	0.00058701311336
837	0.000553068862489
838	0.0012253294321
369	0.00240365913222
364	0.00234379733368
365	0.00117286573951
362	0.00900760501119
360	0.00602191318986
361	0.001175573543
380	0.000591461647663
381	0.00282307855111
383	0.00118335847803
388	0.00121319267003
787	0.000612737246499
782	0.000595958535599
783	0.00164112232846
788	0.000623761874988
789	0.00118534097701
572	0.00179986730796
577	0.00112683308021
576	0.00166041542831
575	0.00235680446115
60	0.000613849380075
61	0.00357328517827
62	0.00119452816742
64	0.000599294936325
65	0.00482554758435
67	0.00306034983177
68	0.00118200457628
253	0.000598231156383
250	0.00177351457758
251	0.00059025280682
256	0.00238098127801
499	0.000564190198245
731	0.00240099968237
732	0.000587448296064
508	0.00055321392339
509	0.000600262009
506	0.00330148940313
738	0.0203582336978
505	0.000619168279784
502	0.00175983049924
500	0.00178313695069
630	0.00242440284109
631	0.00362860173525
633	0.00120864742846
469	0.00242633698644
468	0.000568735439814
638	0.0012211710196
464	0.00113500484431
466	0.00122479754213
462	0.00717814527938
168	0.00530845532432
165	0.00301141595445
166	0.00177878512366
167	0.00302476155735
160	0.00299086566011
161	0.000598472924552
966	0.00234147635926
963	0.000609400845773
969	0.000566607879931
409	0.000595523352895
872	0.00059532993836
873	0.00118466402614
870	0.00180992486377
871	0.000595426645628
890	0.0023758074392
891	0.00302355271651
894	0.000600938959872
897	0.000556163495047
439	0.000593540853913
437	0.000544945452024
356	0.0047734223672
809	0.00120265157788
808	0.000566898001733
353	0.000596683840104
803	0.00118795207323
802	0.000614477977313
216	0.00117388116582
214	0.00419496784701
769	0.00242962503353
762	0.00235854519196
42	0.000610222857546
761	0.00108848864867
764	0.00177041994502
765	0.00530434526545
4	0.00181060181465
281	0.000586481223389
280	0.00901775927427
679	0.000557275628623
674	0.00180605657308
670	0.00228253327975
671	0.00120535938137
672	0.000566849648099
260	0.00177888183093
267	0.00180460596406
268	0.00119259402207
56	0.00177003311595
53	0.00242962503353
52	0.000598424570918
537	0.00111793601161
535	0.00476863535747
534	0.00364480020254
532	0.00278681332582
531	0.00118567945245
530	0.00542165118086
538	0.000602921458854
988	0.00119757444634
774	0.00061650882993
980	0.0011757186039
987	0.0177126613361
984	0.00238354402059
985	0.000568542025279
114	0.00116807872977
117	0.000596683840104
116	0.00122653827294
111	0.000590833050424
113	0.000597505851878
112	0.00180402572046
118	0.000569315683419
207	0.00606688206922
429	0.00180281687962
428	0.00302800125081
918	0.000568203549843
421	0.00240733400838
423	0.00172458070026
422	0.000600068594465
424	0.00240646364298
427	0.000582757993593
912	0.00355002708045
308	0.00114593276553
301	0.00059571676743
302	0.000604372067866
303	0.00181210077729
306	0.00246361763803
776	0.00179329121377
847	0.000611866881092
846	0.00182007912685
844	0.00339911538961
843	0.000582081042721
840	0.00235390324312
849	0.00344983835138
823	0.000597312437343
568	0.00431570687041
569	0.0136646401821
737	0.00169547181276
561	0.00302572863003
758	0.000563368186471
565	0.00342875616708
566	0.00119240060753
229	0.000600165301732
228	0.00118490579431
226	0.000562401113797
223	0.00119399627745
220	0.00482283978087
724	0.00287433340285
722	0.0011877586587
720	0.00120642316131
605	0.00118466402614
150	0.00118814548777
607	0.00359301346083
157	0.00116948098515
602	0.00179329121377
159	0.0156324396599
609	0.00179682102904
976	0.00118654981785
48	0.00455297815107
951	0.00478323815485
950	0.00242715899821
953	0.000616944012633
952	0.000605242433273
955	0.00411547447317
954	0.000602921458854
40	0.00182747723281
956	0.00283183055881
5	0.00226967121318
488	0.00123712771873
485	0.000605145726005
483	0.000599585058128
482	0.0011760087257
472	0.00175649409851
470	0.00117716921291
