344	0.00122078419053
0	0.00117204372774
347	0.000588125246936
343	0.00363242167231
810	0.000575311534
817	0.00060118072804
719	0.00108950407498
718	0.00591553519568
716	0.00116411373181
713	0.00120352194329
712	0.00241584424792
710	0.000597312437343
915	0.00780534026237
299	0.00122121937323
294	0.00358987047464
295	0.000587738417866
292	0.00175393135593
293	0.00116928757062
290	0.00239389169821
291	0.00598816235353
591	0.00237687121914
590	0.00056776836714
592	0.00298071139703
595	0.00234868105068
198	0.00123316272076
597	0.000571830072372
596	0.00123059997817
599	0.00118756524416
197	0.00117707250565
191	0.00239007176115
190	0.000603598409726
193	0.00415502774556
192	0.000554567825134
270	0.0016583845757
272	0.00184764069808
274	0.000608433773098
275	0.00228886760577
278	0.00240786589835
526	0.00179184060476
523	0.00123103516088
528	0.00061235041743
449	0.000595378291994
443	0.00244862801158
440	0.00112746167745
444	0.00179382310374
102	0.00122436235942
103	0.00181659766523
101	0.00171094497555
106	0.00169165187569
107	0.00227218560214
105	0.00059571676743
900	0.00122958455187
38	0.000599826826296
904	0.00117214043501
32	0.0093883415231
31	0.00180576645127
35	0.00121570705899
34	0.00182360894212
641	0.000585175675279
643	0.00170519089314
644	0.00275915504733
647	0.00120211968791
439	0.000596297011035
648	0.00239190919923
435	0.000578841349262
432	0.00118688829329
433	0.00354582031432
430	0.000610029443011
338	0.00236541140795
335	0.013639834768
334	0.00603492031733
337	0.00182805747642
333	0.000593395793011
332	0.00116459726815
745	0.000554954654204
854	0.00241608601609
1001	0.00389130702725
857	0.00119327097294
850	0.0131608436723
851	0.00303670490488
858	0.000575021412198
859	0.00235898037466
6	0.00118916091408
98	0.000595233231093
90	0.00599783308027
95	0.00117368775129
740	0.00121459492541
742	0.00121386962091
743	0.00237372823295
558	0.00282148288119
746	0.00120018554256
747	0.000540303503187
748	0.000587109820628
749	0.00179222743383
551	0.000588657136907
550	0.00114868892265
553	0.00114293484024
552	0.00120801883123
236	0.00293264788512
231	0.00523766560455
232	0.00117654061567
233	0.00242551497466
147	0.00120676163675
142	0.00541768618289
143	0.00121246736553
141	0.00179643419997
612	0.00120062072527
614	0.000610464625715
1004	0.00228292010882
948	0.010793498119
947	0.00246951678135
945	0.000545477341995
942	0.00181258431363
940	0.00180354218412
688	0.00057700391118
685	0.00345670456737
684	0.00507819532054
687	0.0029970065716
686	0.000565785868157
680	0.00119114341306
682	0.00109714394911
622	0.000611528405656
133	0.000590639635889
131	0.000553697459727
137	0.0012125640728
136	0.00118945103588
135	0.00785195316527
134	0.00237827347452
495	0.000623471753185
491	0.000538272650571
493	0.00241893888048
24	0.00360577882013
25	0.000551328131675
26	0.000602196154348
28	0.000585272382546
29	0.00113867972047
407	0.00057816439839
402	0.00183888869037
401	0.00301011040633
933	0.00285300945038
936	0.0011966557273
935	0.00119709091001
379	0.00124442911742
828	0.000547073011908
371	0.000602969812488
373	0.000619941937924
372	0.000590542928622
374	0.00182433424662
823	0.000593879329349
704	0.00280755703468
700	0.00174082752119
701	0.000601325788941
702	0.00277491833192
703	0.00182278693034
393	0.000599439997226
392	0.00120642316131
397	0.00120584291771
82	0.000611866881092
398	0.000621682668738
84	0.00242488637742
796	0.000589575855948
795	0.00182646180651
790	0.001183890368
798	0.000607273285889
586	0.00238431767873
582	0.00117576695754
581	0.0030226823511
588	0.000594894755657
245	0.00235786824109
246	0.00114501404649
249	0.00353943763467
924	0.00163498141697
511	0.00232779228091
510	0.000600262009
513	0.000600890606238
927	0.00953079132804
1003	0.000604758896936
514	0.000607950236761
517	0.00298303237145
516	0.00109501638922
458	0.00396267699062
459	0.000594604633854
624	0.00120492419867
450	0.00368449853583
629	0.0144501933155
628	0.00181848345694
454	0.00421203667971
199	0.00273347926782
175	0.00340254849761
174	0.0024219851594
173	0.00219980021246
171	0.00056360995464
170	0.00117803957832
977	0.00227668249007
976	0.00118925762134
975	0.000614768099116
971	0.00060741834679
979	0.00109105139126
978	0.0120572203363
656	0.000612833953767
657	0.00218568095141
654	0.00110106059344
2	0.00234345885824
652	0.000595426645628
187	0.00244698398803
650	0.00109288882934
185	0.00410382124745
188	0.00362787643074
189	0.00939211310653
658	0.00181519540985
659	0.00182259351581
184	0.00116807872977
868	0.00119153024213
13	0.0016509381161
14	0.00224360860461
19	0.00058701311336
862	0.00121014639111
865	0.000591219879494
866	0.000582709639959
881	0.00165238872511
885	0.0029805179825
322	0.00056984757339
321	0.00170180613878
327	0.00387370630457
329	0.00118882243864
201	0.00230550125577
200	0.00180731376755
777	0.000589769270482
776	0.00179909364982
771	0.00243373509239
770	0.000598859753622
207	0.0060813398057
772	0.0035856637085
208	0.000573570803186
77	0.00175441489226
76	0.000589043965977
75	0.00362429826184
72	0.00119293249751
669	0.000568735439814
664	0.000572361962343
663	0.00301305997799
662	0.0128623566914
660	0.00243716820039
653	0.000547411487344
692	0.00724448646485
693	0.00176872756784
696	0.000597554205511
697	0.00178100939081
695	0.00243571759138
698	0.00354988201955
542	0.00119530182556
543	0.000590446221354
540	0.0130165564293
541	0.00550612497897
546	0.00291069533541
547	0.00178918115491
544	0.0012000888353
8	0.000615590110889
994	0.00117465482396
997	0.000605387494174
996	0.00166143085462
991	0.00119389957018
990	0.00059571676743
120	0.00298844797843
124	0.00060533914054
125	0.00121923687425
126	0.00236207500722
415	0.00301755686593
416	0.00597994223579
410	0.00177549707657
920	0.000607708468592
921	0.00164184763296
923	0.00411407221779
418	0.0028557656075
925	0.00119201377846
926	0.00171616716799
499	0.000574199400425
319	0.00113118490725
318	0.00170108083427
313	0.00178536121784
311	0.00295977427363
316	0.00119370615565
833	0.00178821408223
830	0.000607369993156
836	0.000601229081674
837	0.000546154292867
838	0.00122184797047
369	0.00240583504574
364	0.00236468610344
365	0.00116416208544
362	0.00901974177325
360	0.00602897282039
361	0.00117455811669
380	0.000584837199843
381	0.0028345383623
383	0.00119554359373
388	0.00121324102367
787	0.000598956460889
782	0.000595861828331
783	0.00164194434023
788	0.000608917309435
789	0.00118350353893
572	0.00179324286014
577	0.00114864056902
576	0.00165398439503
575	0.0023804010344
60	0.000616267061761
61	0.00360887345269
62	0.00121145193922
64	0.000609062370337
65	0.00481747252752
67	0.00305290337218
68	0.00117760439562
253	0.00058493390711
250	0.00177119360316
251	0.00059740914461
256	0.00239534230722
731	0.00238654194588
732	0.000593057317575
508	0.000550409412634
509	0.000614332916412
506	0.00330956445996
738	0.0203968682511
505	0.000611431698389
502	0.00178806902133
500	0.00178468426697
630	0.0024175366251
631	0.00362115527565
633	0.00119510841102
469	0.00241608601609
468	0.000571201475134
638	0.00119858987265
464	0.00114835044722
466	0.00122165455594
462	0.00714903639188
168	0.00534650963406
165	0.0030344322841
166	0.00178700524139
167	0.00301533259878
160	0.00298815785663
161	0.000586577930657
966	0.00234278190737
963	0.000614768099116
969	0.00056868708618
409	0.000596248657401
872	0.000588850551442
873	0.00118292329533
870	0.00181147218005
871	0.00060911072397
890	0.00238678371405
891	0.00302800125081
894	0.000606064445046
897	0.000554712886035
646	0.00118954774315
437	0.000543398135745
356	0.00477081127098
809	0.00118756524416
808	0.000567429891704
353	0.000606596335017
803	0.00119486664285
802	0.000616847305366
216	0.00116701494983
214	0.00420860357172
769	0.00243368673876
762	0.00237464695199
42	0.000604855604203
761	0.00108534566248
764	0.00178410402337
765	0.00535313408188
202	0.00060949755304
4	0.00182119126043
281	0.000589382441413
280	0.00902365841758
679	0.000560708736617
674	0.00180209157511
670	0.00227668249007
671	0.00121662577803
672	0.000568638732547
260	0.00177225738311
267	0.00180658846305
268	0.0012046824305
56	0.00177593225927
53	0.00240762413019
52	0.000593444146645
537	0.00113602027062
535	0.00476631438305
534	0.00365185983306
532	0.00278531436317
531	0.00119641395913
530	0.00542871081138
538	0.00059363756118
988	0.00119472158195
774	0.000612688892866
980	0.00116174440376
987	0.0176890164093
984	0.00238030432713
985	0.000570282756093
114	0.00115985861204
117	0.000600552130802
116	0.00122416894489
111	0.000599923533564
113	0.000598666339087
112	0.00181321291087
118	0.000566946355367
773	0.000583821773535
429	0.00181592071436
428	0.00300745095648
918	0.000570427816994
421	0.00242575674283
423	0.00171244393819
422	0.000597554205511
424	0.00244485642815
427	0.000586626284291
912	0.00356753109586
308	0.00115932672207
855	0.00119017634038
301	0.000605774323244
302	0.000599294936325
303	0.00181002157104
306	0.00245694483658
847	0.000607853529494
846	0.00181964394415
844	0.00340820587275
843	0.000586046040686
840	0.00235124379327
849	0.0034641993806
377	0.000600745545337
568	0.00433944850456
569	0.0136660907911
737	0.00170291827235
561	0.00301262479529
758	0.000567865074407
565	0.00345235274034
566	0.00119418969198
229	0.00059571676743
228	0.00116774025434
226	0.000555970080512
223	0.0011926423757
220	0.00483512160383
724	0.00288323047145
722	0.00119007963312
720	0.0012134344382
605	0.00118780701233
150	0.00119041810855
607	0.00358948364557
157	0.00116019708748
602	0.00178937456944
159	0.0156115025365
609	0.00180325206232
48	0.00455887729439
951	0.00478275461851
950	0.00243068881347
953	0.000603404995191
952	0.000604565482401
955	0.00411615142404
954	0.000597070669174
40	0.00184082283572
956	0.00284000232291
5	0.00229467004182
488	0.00122416894489
485	0.000599826826296
483	0.000599246582691
482	0.00117484823849
472	0.00178067091537
470	0.00117446140942
