344	0.00122199303137
0	0.00116566104809
347	0.000582177749988
343	0.00362690935807
810	0.000564528673681
817	0.000599730119029
719	0.0010882468805
718	0.00589493654771
716	0.00118306835623
713	0.00119757444634
712	0.0024297217408
710	0.000592477073971
915	0.00778981874594
299	0.00122252492134
294	0.00354122671911
295	0.000607128224988
292	0.00175228733238
293	0.00118118256451
290	0.00236550811522
291	0.00600421575992
591	0.00239205426013
590	0.000574779644029
592	0.0029854016995
199	0.00273555847407
198	0.00123253412352
597	0.000560805443884
596	0.00123243741625
599	0.00118659817149
197	0.00118751689053
191	0.00239606761173
190	0.000591219879494
193	0.00415957298713
192	0.000558049286762
270	0.001667716827
272	0.00185890709473
274	0.000616460476296
275	0.00228978632481
278	0.00240303053498
526	0.00181413162991
523	0.00122402388399
528	0.000603066519755
449	0.000583966834436
443	0.00243112399617
440	0.00111880637701
444	0.00178265341436
102	0.0012296329055
103	0.00180228498965
101	0.00172008381232
106	0.00168642968325
107	0.00227537694196
105	0.000596442071936
900	0.00123108351451
38	0.000609836028476
904	0.00118476073341
32	0.00937393214025
31	0.00180073767337
35	0.00121024309838
34	0.00180083438063
641	0.000583483298099
643	0.00170170943151
644	0.00275533511026
647	0.00121565870535
646	0.00120265157788
648	0.00238180328978
435	0.000604323714232
432	0.00118007043094
433	0.00355645811374
430	0.000620232059726
338	0.00236328384806
335	0.0137242602124
334	0.00601910867911
337	0.00182370564938
333	0.00060234121525
332	0.00117450976306
745	0.000546541121937
854	0.00241976089225
855	0.00119172365666
857	0.00120811553849
850	0.0131637448903
851	0.0030264055809
858	0.000581984335453
859	0.00236342890897
6	0.00117180195957
98	0.000590978111325
90	0.00601586898565
95	0.00118592122062
740	0.00120221639518
742	0.00121251571916
743	0.00237546896376
558	0.00282549623279
746	0.00121585211989
747	0.000556356909582
748	0.000578261105657
749	0.00180745882845
551	0.000608482126732
550	0.0011666764744
553	0.00114090398762
552	0.00121130687832
236	0.00292428270648
231	0.00525836095979
232	0.00118872573137
233	0.00243383179966
147	0.00119955694533
142	0.00544872921574
143	0.00120555279591
141	0.00181862851784
612	0.00119331932658
614	0.000612592185598
1004	0.00229534699269
948	0.0107968828734
947	0.00246119995635
945	0.000548862096355
942	0.00179624078543
940	0.00179749797991
1001	0.00387375465821
685	0.00345012847319
684	0.00507219946996
687	0.00300208370314
686	0.000569605805221
680	0.00119172365666
682	0.00110652455405
622	0.000611528405656
133	0.000597119022808
131	0.000545235573826
137	0.0012210259587
136	0.00121875333791
135	0.00786157553838
134	0.00241449034617
495	0.000616992366267
491	0.000548136791849
493	0.00242527320649
24	0.003601572054
25	0.000565737514524
26	0.000614623038214
28	0.00058609439432
29	0.00114665807004
407	0.000581887628186
402	0.00181210077729
401	0.0029937185245
933	0.00285711950925
936	0.00121420809634
409	0.000591413294029
379	0.0012339363789
828	0.000560370261181
371	0.000596442071936
373	0.000614768099116
372	0.000592573781238
374	0.00182563979473
377	0.000599923533564
704	0.00280484923119
700	0.00173357447613
701	0.000603308287924
702	0.00276795540867
703	0.00182457601479
393	0.000594701341122
392	0.00120386041873
397	0.00120700340492
82	0.000607611761325
398	0.000618829804348
84	0.00243629783498
796	0.000595861828331
795	0.0018043641959
790	0.00118384201437
798	0.000601906032546
586	0.00238180328978
582	0.00116817543704
581	0.00301281820982
588	0.000588076893302
245	0.00236671695606
246	0.00114810867905
249	0.00352933172522
418	0.00283192726608
511	0.00234505452815
510	0.000607515054058
513	0.000602728044319
927	0.00956604112702
1003	0.000607466700424
514	0.000606209505947
517	0.00298163011607
516	0.00109477462105
458	0.00395552065283
459	0.000602051093447
624	0.00119302920477
450	0.00366578567958
629	0.0143808058511
628	0.00180803907206
454	0.00419361394526
595	0.00235757811929
175	0.00342996500792
174	0.00241855205141
173	0.00217857296725
171	0.000563900076442
170	0.001183890368
977	0.00227460328382
976	0.00119776786088
975	0.000619458401586
971	0.000597312437343
979	0.00109622523007
978	0.0120940658052
656	0.000610174503912
657	0.00220028374879
654	0.00109699888821
2	0.0023423950783
652	0.000592960610308
187	0.00244002106478
184	0.00116503245085
185	0.00410101673669
188	0.00357154444746
189	0.00937707512645
658	0.00182017583412
659	0.00183990411668
650	0.00109564498646
868	0.00119728432454
13	0.00165432287046
14	0.00220439380766
19	0.000583531651733
862	0.00120139438341
865	0.000595958535599
866	0.00058609439432
881	0.00164141245026
885	0.00298414450503
322	0.000592718842139
321	0.00169498827642
327	0.00391756305036
329	0.00118916091408
688	0.000571781718739
201	0.00231183558179
774	0.00062366516772
777	0.000581065616413
776	0.00179720785811
771	0.00242595015737
770	0.000594604633854
207	0.00608661035178
772	0.00358542194033
208	0.000566946355367
77	0.00176800226334
76	0.000591364940395
75	0.00361810899673
72	0.00120787377033
669	0.000561627455657
664	0.000567188123535
663	0.00299400864631
662	0.0129138049576
660	0.00243238119065
653	0.000552053436181
692	0.00724627554929
693	0.00177346622395
696	0.000586916406093
697	0.00177849500186
695	0.00244181014923
698	0.00352768770167
542	0.0012043923087
543	0.000611673466558
540	0.0129892366263
541	0.00551071857417
546	0.00290320052218
547	0.00181176230186
544	0.00122015559329
8	0.000606838103186
994	0.00117673403021
997	0.00060325993429
996	0.00165088976247
991	0.00119999212803
990	0.00059532993836
120	0.00298632041854
124	0.000594314512052
125	0.00121580376626
126	0.00236449268891
415	0.00299613620619
416	0.00595189712824
410	0.00177143537133
920	0.000599971887197
921	0.00165185683514
923	0.00410918850079
924	0.0016550965286
925	0.00118558274518
926	0.00172462905389
499	0.000573909278622
319	0.00110773339489
318	0.00170664150215
313	0.00179861011348
311	0.00295484220299
316	0.00120299005332
833	0.00179227578747
830	0.00060287310522
836	0.00058532073618
837	0.00054658947557
838	0.00121885004518
369	0.00239248944283
364	0.00235491866943
365	0.00117460647033
362	0.00899730568721
360	0.00601615910745
361	0.00118408378253
380	0.000587061466994
381	0.00282989641346
383	0.00119834810448
388	0.00120598797861
787	0.000597892680947
782	0.000593879329349
783	0.0016423311693
788	0.000609981089377
789	0.00119854151902
572	0.00181630754342
577	0.00112978265187
576	0.00165717573485
575	0.00236299372626
60	0.000607273285889
61	0.0035896770601
62	0.00119738103181
64	0.000612930661034
65	0.00483096319133
67	0.00306939196128
68	0.00118011878457
253	0.000605242433273
250	0.00176529445985
251	0.000593444146645
256	0.00240008096333
731	0.00238228682612
732	0.000594459572953
737	0.0017045622959
509	0.000609981089377
506	0.00329491330894
738	0.0204493802973
505	0.000612011941994
502	0.00176785720244
500	0.00178129951261
630	0.00241439363891
631	0.00364073849731
633	0.00120115261524
469	0.00242503143832
468	0.00056815519621
638	0.00120647151495
464	0.00114414368108
466	0.00122997138094
462	0.00718965344421
168	0.00532905397228
165	0.00303762362392
166	0.00177370799212
167	0.00303559277131
160	0.00299260639093
161	0.000586626284291
966	0.00232856593905
963	0.000612157002895
969	0.000565447392721
935	0.00118824219503
872	0.000581307384581
873	0.00118456731887
870	0.00179735291901
871	0.000618829804348
890	0.00238378578876
891	0.00301992619398
894	0.000605290786906
897	0.000553262277024
439	0.000586384516122
437	0.000548475267286
356	0.00474885872127
809	0.00118621134242
808	0.000574876351297
353	0.000606451274116
803	0.00120197462701
802	0.000616895658999
216	0.00116977110695
214	0.00420231759933
769	0.00243039869167
762	0.00236816756507
42	0.000609690967575
761	0.00109777254634
764	0.00175954037744
765	0.005355890239
202	0.000602389568883
4	0.00182563979473
281	0.000580050190105
280	0.00905513663314
679	0.000573957632256
674	0.00180252675781
670	0.00226362700897
671	0.00119820304358
672	0.000560998858419
260	0.00175833153659
267	0.00181567894619
268	0.00119476993559
56	0.00176655165433
53	0.00242324235388
52	0.000594701341122
537	0.0011293958228
535	0.00476771663843
534	0.00363000399062
532	0.00280412392669
531	0.001192207193
530	0.0054397837935
538	0.000592428720337
988	0.00120255487062
200	0.00181074687555
980	0.00114544922919
987	0.0176826337296
984	0.00239161907742
985	0.000562594528332
114	0.00114332166931
117	0.000600793898971
116	0.00122726357745
111	0.000597070669174
113	0.000605580908709
112	0.00179503194459
118	0.000566511172663
773	0.000588898905075
429	0.00179856175985
428	0.0029885446857
918	0.000574489522227
421	0.00240235358411
423	0.00170920424473
422	0.000603550056093
424	0.00243678137132
427	0.000589430795046
912	0.00356961030211
308	0.00114955928806
301	0.000604903957837
302	0.000607466700424
303	0.00181476022715
306	0.00244567843992
847	0.000611286637488
846	0.00180741047482
844	0.00340912459179
843	0.000585997687052
840	0.00234316873644
849	0.00347957583612
823	0.000595861828331
568	0.00432020375834
569	0.0136537606145
508	0.000554616178768
561	0.00300266394674
758	0.00057323232775
565	0.00344563158525
566	0.00119544688646
229	0.000604130299697
228	0.00115686068675
226	0.000558968005803
223	0.00119878328719
220	0.00483168849584
724	0.00286708035779
722	0.00119539853283
720	0.00120211968791
605	0.00118563109881
150	0.0011927874366
607	0.00359509266708
157	0.00117726592018
602	0.00177022653049
159	0.0156810350618
609	0.00179087353209
48	0.00455191437113
951	0.00480872051982
950	0.00239824352524
953	0.00060533914054
952	0.00060234121525
955	0.00412069666561
954	0.000602486276151
40	0.0018376314959
956	0.00283850336026
5	0.0022807441953
488	0.00122736028471
485	0.000597505851878
483	0.000610658040249
482	0.00118978951131
472	0.00178366884066
470	0.00118524426974
