344	0.00123775631596
0	0.0011924973148
347	0.000580001836471
343	0.0036389977665
810	0.000574973058564
817	0.000612398771063
719	0.00109811102178
718	0.00588608783274
716	0.00118253646626
713	0.00119631725187
712	0.00243131741071
710	0.00059987517993
915	0.00774692907283
299	0.00122092925143
294	0.00357048066751
295	0.000597457498244
292	0.00175194885694
293	0.00116604787716
290	0.00238131975344
291	0.00598250497838
591	0.00239693797713
590	0.000569895927023
592	0.00301165772261
199	0.0027344463405
198	0.00123108351451
597	0.000570476170628
596	0.00122208973864
599	0.00119389957018
197	0.00116585446262
191	0.0023963093799
190	0.000607660114959
193	0.00415212652753
192	0.000562110991995
270	0.0016758885911
272	0.00182815418369
274	0.000601857678912
275	0.00228553120504
278	0.0023931663937
526	0.0018209978459
523	0.00123533863428
528	0.000610754747517
449	0.000592186952168
443	0.00245815367742
440	0.00114013032948
444	0.00178545792511
102	0.00121382126727
103	0.00180683023122
101	0.00170253144328
106	0.00169992034706
107	0.00227465163746
105	0.000599053168157
900	0.00122537778573
38	0.000612979014668
904	0.00118408378253
32	0.00935855568473
31	0.00179909364982
35	0.00121227395099
34	0.00181442175171
641	0.000594991462924
643	0.00170688327032
644	0.00275586700024
647	0.00119713926364
646	0.0011960754837
648	0.00239200590649
435	0.000590929757692
432	0.00117634720114
433	0.00357110926475
430	0.000619071572517
338	0.00237174573397
335	0.0136567101861
334	0.00601649758289
337	0.00182467272206
333	0.000595039816558
332	0.00114893069082
558	0.00282341702654
854	0.00239036188295
855	0.00119254566844
857	0.00119269072934
850	0.0131845853065
851	0.00302311753381
858	0.000574296107692
859	0.0023505668424
6	0.00117310750768
98	0.000591993537633
90	0.00600363551632
95	0.00118524426974
740	0.00123736948689
742	0.00121807638704
743	0.00236705543149
745	0.000547218072809
746	0.00120265157788
747	0.00054982916903
748	0.000574296107692
749	0.00180223663601
551	0.000606354566848
550	0.00114100069489
553	0.00113365094256
552	0.00121295090187
236	0.00292423435285
231	0.00525313876734
232	0.00117982866277
233	0.00244379264821
147	0.00121319267003
142	0.00540907923609
143	0.00119370615565
141	0.00179416157918
612	0.00122179961684
614	0.000607176578622
948	0.0107580065519
947	0.00245070721783
945	0.000553745813361
942	0.00180934462017
940	0.00179130871479
688	0.000574586229494
685	0.00343470366403
684	0.00511330005862
687	0.0030102071136
686	0.000569895927023
680	0.0011879037196
682	0.00110120565434
622	0.000597844327314
133	0.000603598409726
131	0.000546686182838
137	0.00121831815521
136	0.00119742938544
135	0.00786215578199
134	0.00239094212655
495	0.000627533458418
491	0.000549200571791
493	0.00242595015737
24	0.00359751034876
25	0.000555099715105
26	0.000609014016703
28	0.000587883478767
29	0.0011209339369
407	0.000579228178331
402	0.00181737132337
401	0.00299985943599
933	0.00286751554049
936	0.00121657742439
935	0.00118756524416
379	0.0012345166225
828	0.000552005082547
371	0.000605774323244
373	0.000611044869319
372	0.000593879329349
374	0.00186156654459
377	0.000598811399988
704	0.00279836984428
700	0.00176461750898
701	0.000608675541267
702	0.00278410552233
703	0.00181277772816
393	0.000599246582691
392	0.00120975956204
397	0.00121739943617
82	0.000610174503912
398	0.000612592185598
84	0.00242420942655
796	0.00059532993836
795	0.00180610492671
790	0.00117852311466
798	0.000602002739814
586	0.00236787744327
582	0.00118466402614
581	0.00301305997799
588	0.000599053168157
245	0.00235312958498
246	0.00115371770056
187	0.00247212787757
249	0.00353779361112
924	0.00164155751116
511	0.00232551966013
510	0.000603743470627
513	0.000603888531529
1004	0.00229607229719
1003	0.000600938959872
514	0.000606402920482
1001	0.00389004983277
516	0.00109361413384
458	0.00394937974134
459	0.000600842252604
624	0.00118964445041
450	0.00367115293292
629	0.0144635389184
628	0.00183656771595
454	0.00418215413407
595	0.00234490946725
175	0.00341381489426
174	0.00244582350082
173	0.00220202447961
171	0.000572361962343
170	0.00117963524823
977	0.0022798738299
517	0.0030053233966
975	0.000615686818156
971	0.000604130299697
979	0.00109385590201
978	0.0120541257037
656	0.0006170407199
657	0.00220221789414
654	0.00109404931655
2	0.00234292696827
652	0.000578599581093
653	0.000538611126007
650	0.00110908729664
185	0.00411262160878
188	0.00361825405763
189	0.00943703363226
658	0.00179309779924
659	0.00181959559052
184	0.0011547814805
868	0.00119549524009
13	0.00165988353834
14	0.00220734337932
19	0.000579421592866
862	0.00119036975492
865	0.000604323714232
866	0.000586384516122
881	0.00164431366828
885	0.00297495731462
322	0.000580485372808
321	0.00169484321552
327	0.00391311451605
329	0.00117924841916
201	0.00232020076042
200	0.00179570889546
777	0.000584063541703
776	0.00180141462424
771	0.00240602846027
770	0.000599681765395
207	0.00609536235948
772	0.00357043231388
208	0.000570524524262
77	0.00177032323776
76	0.00058285470086
75	0.00360016979862
72	0.00121648071713
669	0.000565108917285
664	0.000561579102024
663	0.00301354351433
662	0.0129342585447
660	0.00243068881347
692	0.00721605452822
693	0.00178096103718
696	0.000585369089814
697	0.00177230573674
695	0.00243117234981
698	0.00355051061679
542	0.00119380286291
543	0.000602631337052
540	0.0130110441151
541	0.00550931631879
546	0.00291142063991
547	0.00179928706436
544	0.00120390877236
8	0.000610851454784
994	0.00118277823442
997	0.000593202378476
996	0.00165026116523
991	0.00117939348006
990	0.000607369993156
120	0.00298646547945
124	0.000603936885162
125	0.00120226474881
126	0.00238238353338
415	0.00298100151884
416	0.0059885491826
410	0.00179019658122
920	0.000601470849843
921	0.00164702147177
923	0.00413597641387
418	0.00285223579224
925	0.00119230390027
926	0.00172801380825
927	0.00960303165682
319	0.00113002442004
318	0.00170001705433
313	0.00178149292715
311	0.00298704572305
316	0.00122711851655
833	0.00176776049517
830	0.000613365843738
836	0.000596345364668
837	0.000556211848681
838	0.00121604553442
369	0.00240245029138
364	0.00236782908963
365	0.0011758636648
362	0.00897839941642
360	0.00601843172823
361	0.00118553439155
380	0.000582757993593
381	0.00283313610692
383	0.00120487584503
388	0.00120535938137
787	0.000607563407691
782	0.000592767195773
783	0.00164484555825
788	0.000599343289959
789	0.00117160854504
572	0.0018129711427
577	0.00113316740623
576	0.00163783428136
575	0.00235980238644
60	0.000612205356528
61	0.00358184377144
62	0.00118978951131
64	0.000606354566848
65	0.00478198096037
67	0.00306460495154
68	0.00117044805783
253	0.000596248657401
250	0.00178980975215
251	0.000590542928622
256	0.002376097561
499	0.000560950504785
731	0.00240056449966
732	0.000582999761762
737	0.00168289986799
509	0.000613994440976
506	0.00327339594194
738	0.0203948857521
505	0.000600793898971
502	0.00177931701363
500	0.00178226658529
630	0.00242382259748
631	0.00362603899266
633	0.00118742018326
469	0.00243997271114
468	0.000575795070337
638	0.00120937273297
202	0.000600648838069
466	0.00123118022178
462	0.00714067121325
168	0.00532847372868
165	0.00304289417
166	0.00178560298601
167	0.00301513918424
160	0.00299120413555
161	0.000595765121064
966	0.00233538380141
963	0.000600116948098
969	0.000576762143012
409	0.000586964759727
872	0.000597457498244
873	0.0011801671382
870	0.00182776735462
871	0.000614284562778
890	0.00236710378513
891	0.00301117418628
894	0.000599971887197
897	0.000555728312344
439	0.000580968909145
437	0.00054567075653
356	0.00473657689831
809	0.00119573700826
808	0.000564045137343
353	0.000609787674842
803	0.00118466402614
802	0.000616073647226
216	0.00116503245085
214	0.00418384651125
769	0.00243881222393
762	0.00237015006405
42	0.000616073647226
761	0.00108974584315
764	0.0017712419568
765	0.00534945920571
4	0.00181089193645
281	0.000588512076006
280	0.00901582512892
679	0.000560080139378
674	0.0017923241411
670	0.00226251487539
671	0.00121237065826
672	0.000570089341558
260	0.00177433658936
267	0.00181558223892
268	0.00119588206916
56	0.00178850420404
53	0.00241913229501
52	0.000600358716267
537	0.00113485978341
535	0.00477835443784
534	0.0036275379553
532	0.00281326276346
531	0.00119757444634
530	0.00546004396603
538	0.000594266158418
988	0.00121904345971
774	0.000619990291557
980	0.00115690904038
987	0.0177044412184
984	0.0023765327437
985	0.000573860924989
114	0.00116459726815
117	0.000597892680947
116	0.00121367620637
111	0.000598908107255
113	0.000595426645628
112	0.00180504114677
118	0.000560950504785
773	0.00058116232368
429	0.00181132711915
428	0.0030097719309
918	0.000566898001733
421	0.00240810766652
423	0.00171370113267
422	0.00059233201307
424	0.00243170423978
427	0.000602099447081
912	0.00353382861315
308	0.0011626631228
301	0.000616750598098
302	0.000598521278186
303	0.00183685783776
306	0.00245708989748
847	0.000604468775133
846	0.00182104619953
844	0.00341623257595
843	0.000600890606238
840	0.00235922214283
849	0.0034315123242
823	0.000606257859581
568	0.0043230082691
569	0.0136842234037
508	0.00055360075246
561	0.00303051563976
758	0.000574441168593
565	0.00344505134164
566	0.00120410218689
229	0.000601664264377
228	0.00115869812483
226	0.000560515322082
223	0.00121154864649
220	0.0048141361268
724	0.00287757309631
722	0.00119747773908
720	0.00119791292178
605	0.00119912176262
150	0.0011795868946
607	0.00359277169266
157	0.00117765274925
602	0.0017719672613
159	0.0156487348345
609	0.0017881657286
976	0.00119085329126
48	0.00457468893261
951	0.00478459205659
950	0.0024216950376
953	0.000605919384145
952	0.00060156755711
955	0.00411233148698
954	0.000608433773098
40	0.00182583320927
956	0.00284063092015
5	0.00225468158673
464	0.00114390191291
488	0.00123118022178
485	0.000599439997226
483	0.0005961035965
482	0.00119346438748
472	0.00179333956741
470	0.00117779781015
