344	0.00123325942803
0	0.0011761537866
347	0.000575118119465
343	0.00361172631708
810	0.000574151046791
817	0.000614139501877
719	0.00108292798079
718	0.00587796442228
716	0.00115753763762
713	0.00119718761727
712	0.00243213942248
710	0.000593927682982
421	0.0024016282796
299	0.0012045373696
294	0.00358048986969
295	0.000602776397953
292	0.00175083672337
293	0.00115473312687
290	0.00238891127394
291	0.005989419548
591	0.00239838858614
590	0.000560612029349
592	0.00299429876811
199	0.00273289902422
198	0.00124186637483
597	0.000579179824698
596	0.00123698265782
599	0.00119617219096
197	0.00118045726001
191	0.00240660870388
190	0.000601277435308
193	0.00416735792215
192	0.000565834221791
270	0.00166389688994
272	0.00185532892584
274	0.000606934810453
275	0.00228204974342
278	0.00239863035431
526	0.00180697529212
523	0.00123529028064
528	0.000604710543302
449	0.000593105671209
443	0.00243329990969
440	0.00111503479358
444	0.00180175309968
102	0.00121957534969
103	0.00182776735462
101	0.00170722174575
106	0.00168647803689
107	0.00229534699269
105	0.000600987313505
900	0.00124075424125
38	0.000611818527459
904	0.00116861061974
32	0.00937074080043
31	0.00181437339808
35	0.00121981711785
34	0.00180223663601
641	0.000591606708564
643	0.00170330510142
644	0.00274576109079
647	0.00119356109474
646	0.00118867737774
648	0.00238214176522
435	0.000594217804785
432	0.00118272988079
433	0.00356317926882
430	0.000611480052023
338	0.00236579823702
335	0.0136576289052
334	0.00603346970832
337	0.00182080443136
333	0.000600503777168
332	0.00116948098515
558	0.00281698599326
854	0.00240317559588
855	0.00118176280812
857	0.00119733267817
850	0.0131676615347
851	0.00301673485415
858	0.000582419518157
859	0.00236608835882
6	0.00117605707934
98	0.000606499627749
90	0.0060185284355
95	0.00117910335826
740	0.00121904345971
742	0.00120545608864
743	0.00238765407946
745	0.000552875447954
746	0.00120579456408
747	0.000550022583565
748	0.000577874276587
749	0.00181118205825
551	0.000596925608273
550	0.00115212203065
553	0.00114042045129
552	0.00120975956204
236	0.00291790002683
231	0.00525811919162
232	0.00118727512236
233	0.00242449954835
147	0.00118974115768
142	0.00542697008057
143	0.00120666492948
141	0.00180484773223
612	0.00119418969198
614	0.000597554205511
948	0.0107748336164
947	0.00246153843178
945	0.000551038009873
942	0.00182007912685
940	0.00178275012162
517	0.00299144590372
685	0.00342435598641
684	0.00511175274235
687	0.00301233467349
686	0.000570186048826
680	0.00120231310245
682	0.00109680547367
459	0.000600697191703
133	0.000586819698825
131	0.000548330206384
137	0.00121851156974
499	0.000562497821064
135	0.00784803652094
134	0.00240080626783
495	0.000613414197371
491	0.000552005082547
493	0.00242981844806
24	0.00359751034876
25	0.000566221050861
26	0.000607466700424
28	0.000594411219319
29	0.00112649460477
407	0.000577197325715
402	0.00181476022715
401	0.00302780783628
933	0.00285687774108
936	0.00122155784867
409	0.00059532993836
136	0.00120018554256
379	0.00122499095666
828	0.000547604901879
371	0.000596393718302
373	0.00062366516772
372	0.000592428720337
374	0.00186533812802
823	0.000595233231093
704	0.00281539032334
700	0.0017670835443
701	0.000602679690686
702	0.00275881657189
703	0.00183642265505
393	0.000604468775133
392	0.00120173285884
397	0.00123471003704
82	0.000601374142575
398	0.000616702244464
84	0.00241855205141
796	0.000581790920919
795	0.00182776735462
790	0.00117755604198
798	0.000605580908709
586	0.00239906553702
582	0.00118993457222
581	0.00300924004093
588	0.000581307384581
245	0.00235525714487
246	0.00114815703268
249	0.00352261057013
924	0.00164039702395
511	0.00234176648106
510	0.000616218708127
513	0.000598763046354
1004	0.00230366381769
1003	0.000604758896936
514	0.000599826826296
1001	0.00387153039105
516	0.00108771499053
458	0.00394725218146
622	0.000604903957837
624	0.00120608468588
450	0.00368527219397
629	0.0144275154613
628	0.00182820253732
454	0.00416416658233
595	0.00233968727481
175	0.00340424087479
174	0.00243025363077
173	0.00218814698673
171	0.000567623306239
170	0.00116822379067
977	0.00228823900853
976	0.00118007043094
975	0.000610561332982
971	0.000608337065831
979	0.00110309144605
978	0.0121004484848
656	0.000607128224988
657	0.00220038045606
654	0.00109651535187
2	0.00233930044574
652	0.000586674637924
187	0.00243750667582
650	0.0011047354696
185	0.00410575539279
188	0.00363063258786
189	0.00939849578618
658	0.0018004959052
659	0.00183830844677
184	0.00116919086335
868	0.00118384201437
13	0.00166075390375
14	0.00218819534036
19	0.000590542928622
862	0.00118422884344
865	0.000598279510017
866	0.000592090244901
881	0.00164494226552
885	0.00299072059921
322	0.000582032689087
321	0.00169672900724
327	0.00391882024483
329	0.00118650146422
688	0.000569025561617
201	0.00230506607307
774	0.000610077796645
777	0.000586722991558
202	0.000592622134872
771	0.00240646364298
770	0.00059987517993
207	0.00608486962097
772	0.00358730773205
208	0.000569509097954
77	0.00176389220447
76	0.000594217804785
75	0.00359630150792
72	0.00121420809634
669	0.000570717938797
664	0.000573038913215
663	0.00301678320779
662	0.0128900149699
660	0.00242406436565
653	0.000547508194611
692	0.00724917676732
693	0.00177477177206
696	0.000590011038651
697	0.00177873677002
695	0.0024173915642
698	0.00352618873903
542	0.00119491499649
543	0.000593105671209
540	0.0130240995962
541	0.00551840680193
546	0.00292960160619
547	0.0017881657286
544	0.00121241901189
8	0.000605580908709
994	0.00117305915405
997	0.000615106574552
996	0.00167071475229
991	0.00118974115768
990	0.000607853529494
120	0.00300010120415
124	0.000606161152313
125	0.0012259096757
126	0.00238465615417
415	0.00298283895692
416	0.00599033826704
410	0.00176534281348
920	0.000595184877459
921	0.00164034867032
923	0.0041278530034
418	0.00286050426361
925	0.0011844706116
926	0.00173971538761
927	0.00959007288298
319	0.00113761594053
318	0.00172003545869
313	0.00180649175578
311	0.00297461883918
316	0.00121324102367
833	0.0017756904911
830	0.000611528405656
836	0.000586577930657
837	0.00055321392339
838	0.00121976876422
369	0.00239461700271
364	0.00235844848469
365	0.00117252726408
362	0.00898937569128
360	0.00605010335832
361	0.00118176280812
380	0.000583918480802
381	0.00283603732494
383	0.0011884839632
388	0.00121203218283
787	0.000611334991121
782	0.000593057317575
783	0.00164881055622
788	0.000614477977313
789	0.00116198617192
572	0.00180368724502
577	0.00112944417643
576	0.00166239792729
575	0.00237469530562
60	0.000608046944029
61	0.00357550944542
62	0.0012000888353
64	0.000611770173825
65	0.00481050960427
67	0.0030642664761
68	0.0011883389023
253	0.000598617985453
250	0.00177718945375
251	0.000588076893302
256	0.00236797415054
731	0.00239466535635
732	0.000587641710599
508	0.000550264351733
509	0.000606886456819
506	0.00330037726956
738	0.0203464837648
505	0.000610464625715
502	0.00178869761857
500	0.00178676347322
630	0.0024050613876
631	0.00362608734629
633	0.00119539853283
469	0.00243180094705
468	0.000566994709
638	0.00121135523195
464	0.0011417259994
466	0.00122692510201
462	0.00717790351121
168	0.00531619190571
165	0.00302761442174
166	0.00177317610215
167	0.00303820386753
160	0.00299149425735
161	0.00058817360057
966	0.00232856593905
963	0.00061118993022
969	0.000566898001733
935	0.00118161774722
872	0.00058401518807
873	0.00118534097701
870	0.00181577565345
871	0.000602728044319
890	0.00239418182001
891	0.00301586448875
894	0.000604662189668
897	0.00055659867775
439	0.000590978111325
437	0.000543446489379
356	0.00477927315688
809	0.00117668567658
808	0.000569315683419
353	0.00061534834272
803	0.0011919170712
802	0.000612205356528
216	0.00116561269445
214	0.00418998742274
769	0.00244229368556
762	0.00238523639777
42	0.000605290786906
761	0.00110009352076
764	0.00174276166654
765	0.00535579353173
4	0.00180006072249
281	0.000590011038651
280	0.00899580672456
679	0.000562933003768
674	0.00179087353209
670	0.00227431316202
671	0.0012052626741
672	0.000571104767866
260	0.00176925945782
267	0.00180441254953
268	0.00120502090594
56	0.00178947127671
53	0.00242164668396
52	0.000599826826296
537	0.00112900899373
535	0.0047726970627
534	0.00366834842216
532	0.0027928091764
531	0.00119302920477
530	0.00542305343624
538	0.000589382441413
988	0.00120772870942
200	0.00180721706029
980	0.00117368775129
987	0.0176981068924
984	0.00238257694792
985	0.000565060563651
114	0.00116188946466
117	0.000602437922517
116	0.00122615144387
111	0.000599198229058
113	0.000598908107255
112	0.00180600821944
118	0.000567623306239
773	0.00059155835493
429	0.00179570889546
428	0.00301359186796
918	0.000565930929058
915	0.00777797210568
423	0.00172167948223
422	0.000599391643593
424	0.00240544821667
427	0.00059286390304
912	0.00357241481286
308	0.0011503329462
301	0.000606838103186
302	0.000599778472662
303	0.00182273857671
306	0.0024506588642
776	0.00181277772816
847	0.000604323714232
846	0.00180213992874
844	0.0034145885524
843	0.000580630433709
840	0.00234534464995
849	0.00344302048903
377	0.000596151950133
568	0.00432141259919
569	0.0136402699507
737	0.00169498827642
561	0.00302568027639
758	0.000555099715105
565	0.00343963573467
566	0.00118780701233
229	0.000592912256674
228	0.0011715601914
226	0.000558339408564
223	0.00119781621451
220	0.00480843039802
724	0.00287355974471
722	0.0011968007882
720	0.00121590047352
605	0.00120144273704
150	0.00119559194736
607	0.00359470583801
157	0.00119510841102
602	0.00180320370869
159	0.0155854882816
609	0.00177946207453
48	0.00456545338857
951	0.00481621533305
950	0.00240467455853
953	0.000604807250569
952	0.000604081946063
955	0.00414642079875
954	0.000602147800715
40	0.00180668517031
956	0.00285571725387
5	0.00227779462365
488	0.00124897435899
485	0.000597505851878
483	0.000603791824261
482	0.00119172365666
472	0.00178284682889
470	0.00117426799489
