344	0.00125555045317
0	0.00118582451335
347	0.000586577930657
343	0.00362478179818
810	0.000573909278622
817	0.000605000665104
719	0.00111039284475
718	0.00587133997446
716	0.00117712085928
713	0.00120173285884
712	0.00243823198033
710	0.000592186952168
915	0.00779489587748
299	0.00121217724373
294	0.00356337268336
295	0.000594798048389
292	0.00177307939488
293	0.00116425879271
290	0.00238562322684
291	0.00601490191297
591	0.00238678371405
590	0.000570717938797
592	0.00298385438322
595	0.00236850604051
198	0.00123185717265
597	0.00056907391525
596	0.00122813394285
599	0.00119070823035
197	0.00118089244271
191	0.00239829187888
190	0.000601906032546
193	0.00415444750195
192	0.000562787942867
270	0.00165935164837
272	0.00185001002613
274	0.000598376217285
275	0.00227474834472
278	0.00241221772539
526	0.00180963474197
523	0.00122716687018
528	0.000602099447081
449	0.00059779597368
443	0.00246961348861
440	0.00112760673835
444	0.00181248760636
102	0.00121512681538
103	0.00182443095389
101	0.0017045622959
106	0.00170185449241
107	0.00227358785751
105	0.000604565482401
900	0.00123543534155
38	0.000611286637488
904	0.00117620214024
32	0.00935652483211
31	0.00181790321334
35	0.00121372456001
34	0.00181930546872
641	0.000590542928622
643	0.00170741516029
644	0.00274353682364
647	0.00118495414794
646	0.00117818463922
437	0.000545960878332
435	0.000596490425569
432	0.00118069902817
433	0.00356646731592
430	0.000620473827895
338	0.0023391070312
335	0.0136634796948
334	0.00602026916632
337	0.00182583320927
333	0.000590881404058
332	0.00115289568879
745	0.000548233499117
854	0.00238678371405
855	0.00119443146015
857	0.00119999212803
850	0.0132063927953
851	0.00304521514442
858	0.00057777756932
859	0.00234930964792
6	0.00117620214024
98	0.000603114873389
90	0.00603274440382
95	0.00117296244678
740	0.00121536858355
742	0.00120415054053
743	0.00235748141202
558	0.00282950958439
746	0.00120076578617
747	0.000545525695629
748	0.00059117152586
749	0.00181514705622
551	0.000600842252604
550	0.00115860141756
553	0.00114080728036
552	0.00121793132614
236	0.00291848027044
231	0.00528137728944
232	0.00118442225797
233	0.0024300118626
147	0.00118572780608
142	0.00542861410411
143	0.00121009803748
141	0.00180272017235
612	0.00120187791974
614	0.00060156755711
948	0.0107710136793
947	0.00248276567699
945	0.000555631605076
942	0.00181650095796
940	0.00178362048703
688	0.000562256052896
685	0.00346685883045
684	0.00509245964249
687	0.00301992619398
686	0.000573377388651
680	0.00117741098108
682	0.0010802201773
622	0.000610077796645
133	0.000599294936325
131	0.000555825019611
137	0.00122610309024
136	0.00121033980564
135	0.00784092853679
134	0.0024006128533
495	0.000614187855511
491	0.000549297279059
493	0.0024175366251
24	0.00359175626635
25	0.000558484469466
26	0.000619941937924
28	0.000595184877459
29	0.00113224868719
407	0.000573909278622
402	0.00182104619953
401	0.0029927030982
933	0.00286601657785
936	0.0012008141398
409	0.000589043965977
379	0.00122136443413
828	0.00054320472121
371	0.000605822676877
373	0.00061820120711
372	0.000597941034581
374	0.00184899459982
823	0.000594749694756
704	0.00283091183977
700	0.00175736446392
701	0.000607321639523
702	0.00275364273308
703	0.00182443095389
393	0.000609787674842
392	0.00119302920477
397	0.00122895595463
82	0.000600165301732
398	0.000611431698389
84	0.00242048619675
796	0.00058986597775
795	0.00181795156697
790	0.00117794287105
798	0.000597312437343
586	0.00239558407539
582	0.00117707250565
581	0.0030222471684
588	0.000589334087779
245	0.00235341970679
246	0.00115038129983
249	0.00351550258597
924	0.00165553171131
511	0.00234457099181
510	0.000610029443011
513	0.000606934810453
1004	0.00229592723629
1003	0.000593830975715
514	0.000603743470627
517	0.00300164852043
516	0.00109143822033
458	0.00395039516765
459	0.000602921458854
624	0.00121430480361
450	0.00369968157681
629	0.0144345750918
628	0.00180233334328
454	0.00422233600369
199	0.00274624462713
175	0.00341347641883
174	0.00246134501725
173	0.00218103900257
171	0.000573860924989
170	0.00117770110288
977	0.00227697261187
976	0.0011927874366
975	0.000606838103186
971	0.000607128224988
979	0.00110168919068
978	0.012083524713
656	0.000613849380075
657	0.00219138668019
654	0.00109284047571
2	0.0023510020251
652	0.000587061466994
653	0.000545622402896
650	0.00110309144605
185	0.00411571624134
188	0.00359277169266
189	0.00942567052833
658	0.00180320370869
187	0.00243397686056
184	0.00116237300099
868	0.00117736262745
13	0.00164039702395
14	0.0022259595283
19	0.000587109820628
862	0.00119336768021
865	0.000601760971645
866	0.000590397867721
659	0.0018294597318
881	0.00163077465084
885	0.00297592438729
322	0.000583144822663
321	0.00169527839822
327	0.00392452597361
329	0.00120531102774
201	0.00229984388062
774	0.000614719745482
777	0.000584982260744
776	0.00180765224299
771	0.00242696558367
770	0.000595378291994
207	0.0060722976762
772	0.00358131188147
208	0.000566801294465
77	0.00178763383863
76	0.000581645860017
75	0.00360287760211
72	0.00121164535376
669	0.000565592453622
664	0.000574731290395
663	0.00301098077174
662	0.0128963009422
660	0.00243465381143
692	0.00722001952618
693	0.00177129031043
696	0.000588463722372
697	0.00178657005869
695	0.00243707149312
698	0.00351076392987
542	0.00120013718893
543	0.000597264083709
540	0.012961288226
541	0.00553963404714
546	0.00288521297044
547	0.00181703284793
544	0.00121377291364
8	0.000609062370337
994	0.00118098914998
997	0.000593347439378
996	0.0016717301786
991	0.00119481828922
990	0.0006044204215
120	0.00296726908686
124	0.000600262009
125	0.00122784382105
126	0.00237880536449
415	0.00299096236738
416	0.00596766041283
410	0.0017801390254
920	0.000605822676877
921	0.00164208940113
923	0.0041109292316
418	0.00285039835416
925	0.00117305915405
926	0.00174131105752
927	0.00955922326467
319	0.00112436704489
318	0.00171452314444
313	0.0018092479129
311	0.00297737499631
316	0.00120937273297
833	0.0017751102475
830	0.000605145726005
836	0.00059818280275
837	0.000548330206384
838	0.00123055162454
369	0.00238339895969
364	0.00234679525897
365	0.00117102830143
362	0.00901597018982
360	0.00599986393289
361	0.00118427719707
380	0.000584885553477
381	0.00281921026041
383	0.00118123091815
388	0.00121150029285
787	0.000598811399988
782	0.000585127321645
783	0.00164861714168
788	0.000603308287924
789	0.00117968360187
572	0.00180929626654
577	0.00114738337454
576	0.00165016445796
575	0.00236898957684
60	0.000615880232691
61	0.00357546109179
62	0.00120797047759
64	0.000605049018738
65	0.00483386440935
67	0.00303805880662
68	0.00117223714227
253	0.000600697191703
250	0.00176495598441
251	0.000587303235163
256	0.00237735475548
499	0.000569315683419
731	0.00239398840548
732	0.00058285470086
737	0.00169721254357
509	0.000612930661034
506	0.00330366531665
738	0.0204384523761
505	0.000610319564813
502	0.00179009987395
500	0.00178487768151
630	0.00241560247975
631	0.00362570051722
633	0.00120347358966
469	0.00239427852728
468	0.000567671659872
638	0.00121609388806
464	0.00113693898966
466	0.00122213809227
462	0.00715479047429
168	0.00530274959554
165	0.00302186033933
166	0.00175262580782
167	0.003022827412
160	0.00298723913759
161	0.000595039816558
966	0.00233093526711
963	0.000618539682546
969	0.000573087266849
935	0.00118118256451
872	0.000594846402023
873	0.00118084408908
870	0.00180663681668
871	0.000608095297662
890	0.00238591334865
891	0.00300832132189
894	0.000602534629784
897	0.000557904225861
439	0.000585369089814
648	0.00240293382771
356	0.00471641343305
809	0.00119810633631
808	0.000561482394756
353	0.000613414197371
803	0.00119873493355
802	0.0006211991324
216	0.00117852311466
214	0.00419429089614
769	0.00242275881754
762	0.00236599165155
42	0.000617959438941
761	0.00108708639329
764	0.00176747037337
765	0.0053474283531
202	0.00060325993429
4	0.0018095380347
281	0.000581452445483
280	0.00901974177325
679	0.000558097640396
674	0.00179590230999
670	0.0022549233549
671	0.0012127091337
672	0.000570476170628
260	0.00177428823572
267	0.00180160803877
268	0.00121241901189
56	0.00179135706843
53	0.00241332985896
52	0.000591510001296
537	0.00111962838879
535	0.00478652620194
534	0.00365906452449
532	0.00277839979355
531	0.00118451896524
530	0.00545806146705
538	0.000598666339087
988	0.00120419889416
200	0.00180997321741
980	0.00115487818777
987	0.0176983970142
984	0.00237962737626
985	0.000565882575425
114	0.00115183190884
117	0.000597505851878
116	0.00121846321611
111	0.000604081946063
113	0.000603018166122
112	0.00180779730389
118	0.000575359887634
773	0.000587593356965
429	0.00180736212119
428	0.0029849665168
918	0.000568638732547
421	0.00241221772539
423	0.00173521849968
422	0.000611721820191
424	0.00242778759545
427	0.000586626284291
912	0.00355408878568
308	0.00113640709969
301	0.000600503777168
302	0.000605049018738
303	0.00180088273427
306	0.00245887898193
847	0.000602728044319
846	0.00180741047482
844	0.00340457935022
843	0.000586191101587
840	0.00235994744734
849	0.00346705224499
377	0.000588802197808
568	0.00433654728654
569	0.0136589828069
508	0.000550264351733
561	0.00300425961665
758	0.000565640807256
565	0.00343412342042
566	0.00118553439155
229	0.000604710543302
228	0.00116150263559
226	0.000560612029349
223	0.00118978951131
220	0.00481021948247
1001	0.0038987051332
724	0.00290900295823
722	0.00118964445041
720	0.00119955694533
605	0.0011927874366
150	0.00119259402207
607	0.00358754950022
157	0.00118277823442
602	0.00178270176799
159	0.0156300703319
609	0.00178705359502
48	0.00456216534148
951	0.00480272466924
950	0.00243325155606
953	0.000606209505947
952	0.000597505851878
955	0.00411266996242
954	0.000610561332982
40	0.00183323131523
956	0.00284266177276
5	0.00227605389283
488	0.00124036741219
485	0.000602244507982
483	0.000595910181965
482	0.00117412293399
472	0.00178724700956
470	0.0011754284821
