344	0.00122513601756
0	0.00119491499649
347	0.000577874276587
343	0.00362125198292
810	0.000567865074407
817	0.000605580908709
719	0.00109545157193
718	0.00587743253231
716	0.0011749932994
713	0.00118214963719
712	0.00242831948542
710	0.000592815549407
915	0.00779155947676
299	0.00122276668951
294	0.00358735608568
295	0.000594798048389
292	0.00176282842453
293	0.00117949018733
290	0.00240322394952
291	0.00597631571326
591	0.00240452949763
590	0.000575940131238
592	0.00301509083061
595	0.00233644758135
198	0.0012419630821
597	0.000564238551878
596	0.001233791318
599	0.0011836002462
197	0.0011791517119
191	0.00241067040911
190	0.000606596335017
193	0.00414086013088
192	0.000563319832838
270	0.00165316238325
272	0.00185155734241
274	0.000598714692721
275	0.00226918767685
278	0.00241748827146
526	0.00182670357467
523	0.00122310516495
528	0.00061235041743
449	0.000596248657401
443	0.00243349332423
440	0.00112320655768
444	0.00178681182686
102	0.00120555279591
103	0.00181089193645
101	0.0017088657693
106	0.00168686486596
107	0.00228664333862
105	0.000605000665104
900	0.00123234070899
38	0.000598472924552
904	0.00115821458849
32	0.00937315848211
31	0.00180281687962
35	0.00121633565623
34	0.00179522535912
641	0.000585417443448
643	0.0017085756475
644	0.00275871986463
647	0.0012052626741
646	0.0012046824305
648	0.00237585579283
435	0.000585030614378
432	0.00117102830143
433	0.00354185531635
430	0.00061950675522
338	0.00238262530155
335	0.0136791946258
334	0.00603820836443
337	0.00184357899284
333	0.000595813474697
332	0.00116150263559
745	0.000552875447954
854	0.00239123224835
855	0.00119738103181
857	0.00119148188849
850	0.0131905811571
851	0.00301513918424
858	0.000577825922954
859	0.00237397000112
6	0.0011833101244
98	0.000602824751587
90	0.00603308287925
95	0.00118621134242
740	0.00122571626117
742	0.00121266078006
743	0.00237044018585
558	0.00282723696361
746	0.00120671328312
747	0.000549635754495
748	0.00058154915275
749	0.00182167479677
551	0.00060118072804
550	0.00115294404242
553	0.0011176458898
552	0.00120647151495
236	0.00292428270648
231	0.00525449266909
232	0.00118263317352
233	0.00241966418498
147	0.00118901585317
142	0.00539674905949
143	0.00120618139314
141	0.0018085226084
612	0.00120332852876
614	0.000596538779203
948	0.0108033622603
947	0.00247309495024
945	0.000545235573826
942	0.00182181985767
940	0.00181161724095
517	0.0029766496918
685	0.0034392489056
684	0.00510246884467
687	0.00303095082247
686	0.000566124343593
680	0.00119389957018
682	0.00110202766611
459	0.000611044869319
133	0.000597505851878
131	0.00055490630057
137	0.00121203218283
136	0.00120144273704
135	0.00784020323228
134	0.00240008096333
495	0.000624245411325
491	0.000544461915687
493	0.00244340581914
24	0.00362212234833
25	0.000559209773971
26	0.000615590110889
28	0.000588125246936
29	0.00113824453777
407	0.000581113970047
402	0.00181306784997
401	0.00298129164064
933	0.00285286438948
936	0.0012091309648
935	0.00119530182556
379	0.00122847241829
828	0.000551618253477
371	0.000601470849843
373	0.000613946087342
372	0.000587883478767
374	0.00182883113456
377	0.000591800123099
704	0.00282259501477
700	0.00173579874328
701	0.000605532555075
702	0.00277694918454
703	0.00182486613659
393	0.000604323714232
392	0.00121193547556
397	0.00122184797047
82	0.000613414197371
398	0.000608820602168
84	0.00242899643629
796	0.000591993537633
795	0.00180745882845
790	0.00117702415201
798	0.00060611279868
586	0.00235854519196
582	0.00117136677687
581	0.00303046728613
588	0.000586384516122
245	0.00233901032394
246	0.00114288648661
249	0.00353677818481
924	0.00167216536131
511	0.00235752976565
510	0.000618829804348
513	0.000600213655366
1004	0.00229960211246
1003	0.000592622134872
514	0.00061027121118
1001	0.00389580391518
516	0.00108940736771
458	0.0039725411319
622	0.000597167376442
624	0.00118534097701
450	0.00368391829222
629	0.0144539165453
628	0.00181882193238
454	0.0041813321223
199	0.00276195955808
175	0.00343243104324
174	0.00245607447117
173	0.00220255636958
171	0.000570669585163
170	0.00117223714227
977	0.00228997973935
976	0.00120395712599
975	0.000608095297662
971	0.000596393718302
979	0.0011051706523
978	0.0120871512356
656	0.000614574684581
657	0.00219569015359
654	0.00110091553254
2	0.00234839092888
652	0.000586384516122
187	0.0024348955796
184	0.00116904580245
185	0.00408046644236
188	0.00360152370036
189	0.00940333114956
658	0.00181998241959
659	0.00182834759822
650	0.00110836199213
868	0.00118476073341
13	0.0016546613459
14	0.00220323332045
19	0.000585997687052
862	0.00119515676466
865	0.000599439997226
866	0.000578067691122
881	0.00165698232032
885	0.00296562506331
322	0.000587496649698
321	0.00168536590331
327	0.00391509701504
329	0.00118490579431
688	0.000573038913215
201	0.00231449503164
200	0.00179793316261
777	0.000577100618448
776	0.00179938377162
771	0.00242271046391
770	0.000597941034581
207	0.00606944481181
772	0.00358295590501
208	0.000565205624553
77	0.00177148372497
76	0.000581694213651
75	0.00362516862725
72	0.00121009803748
669	0.000559644956675
664	0.000571685011471
663	0.00300295406854
662	0.012954808839
660	0.00244345417277
653	0.000552150143448
692	0.00727490090046
693	0.00177100018863
696	0.000586336162488
697	0.00178405566973
695	0.00244224533193
698	0.00353083068786
542	0.00121067828108
543	0.000616170354493
540	0.0129288912914
541	0.00551100869597
546	0.00292873124078
547	0.0018126810209
544	0.00121193547556
8	0.000615976939959
994	0.00118176280812
997	0.000595861828331
996	0.00166969932599
991	0.00117852311466
990	0.000599294936325
120	0.00298380602959
124	0.00058193598182
125	0.00122692510201
126	0.00238330225242
415	0.00298196859151
416	0.0059554269435
410	0.00177341787032
920	0.000609255784872
921	0.00166288146363
923	0.00414767799323
418	0.00285334792582
925	0.00118737182963
926	0.00174102093572
927	0.00957092484403
319	0.00112673637294
318	0.00171544186348
313	0.00177482012569
311	0.00297587603366
316	0.00118713006146
833	0.0017713870177
830	0.000602196154348
836	0.000587351588796
837	0.000548813742722
838	0.00123577381698
369	0.00240124145053
364	0.00235448348673
365	0.00117712085928
362	0.00898860203314
360	0.00603816001079
361	0.0011801671382
380	0.000596635486471
381	0.00281940367494
383	0.00118625969605
388	0.00120564950317
787	0.000610367918447
782	0.00059233201307
783	0.0016340143443
788	0.000608433773098
789	0.00117745933472
572	0.00180441254953
577	0.00112248125318
576	0.00163836617133
575	0.00235627257117
60	0.000616653890831
61	0.00357889419978
62	0.00121764120434
64	0.00061196358836
65	0.00480354668101
67	0.00304971203235
68	0.00116933592425
253	0.00059702231554
250	0.00177593225927
251	0.000592815549407
256	0.00237421176929
499	0.000567478245337
731	0.00239418182001
732	0.000585659211616
737	0.00170436888136
509	0.000607950236761
506	0.00330932269179
738	0.020376027835
505	0.000604613836034
502	0.00178362048703
500	0.001775835552
630	0.00242203351303
631	0.00360708436824
633	0.00119385121655
469	0.00242865796085
468	0.000565640807256
638	0.00120303840695
464	0.00115366934692
466	0.00123354954983
462	0.00714632858839
168	0.00531309727316
165	0.00302771112901
166	0.0017670835443
167	0.0029972966934
160	0.00298767432029
161	0.000588512076006
966	0.00232890441449
963	0.000601229081674
969	0.000574392814959
409	0.000595765121064
872	0.000590349514087
873	0.00117692744474
870	0.00181456681261
871	0.000608288712197
890	0.00237808005998
891	0.0029980219979
894	0.000599004814523
897	0.000560418614814
439	0.000595668413796
437	0.00053981996685
356	0.00478497888566
809	0.00119757444634
808	0.000567526598971
353	0.000609836028476
803	0.00117813628559
802	0.000616750598098
216	0.00115787611306
214	0.00419965814948
769	0.00244137496652
762	0.00237633932917
42	0.000605871030511
761	0.00109027773312
764	0.00175209391784
765	0.00537803620324
202	0.000606693042284
4	0.00183013668267
281	0.000584885553477
280	0.00905223541511
679	0.000565834221791
674	0.00178565133965
670	0.00226589962975
671	0.00122924607643
672	0.000566994709
260	0.00177665756377
267	0.00179986730796
268	0.00118964445041
56	0.00177472341843
53	0.00241429693164
52	0.000606306213215
537	0.00112499564213
535	0.00475751402171
534	0.00365451928292
532	0.00282467422102
531	0.00119346438748
530	0.00544858415484
538	0.000605290786906
988	0.00120569785681
774	0.00061534834272
980	0.00116304995187
987	0.0176846162286
984	0.00238165822888
985	0.000576278606675
114	0.00115855306393
117	0.000603743470627
116	0.00122445906669
111	0.000608868955802
113	0.00058986597775
112	0.00181572729982
118	0.000556937153187
773	0.000597892680947
429	0.00180697529212
428	0.00300058474049
918	0.000564093490977
421	0.00241623107699
423	0.00170257979692
422	0.000601374142575
424	0.00243151082524
427	0.00059117152586
912	0.00356332432972
308	0.00114559429009
301	0.000602437922517
302	0.000603791824261
303	0.00181466351988
306	0.00246100654181
847	0.000599633411761
846	0.00180083438063
844	0.00340965648176
843	0.000574247754058
840	0.00234718208804
849	0.00344833938874
823	0.000593444146645
568	0.00430405364468
569	0.0136455888504
508	0.000539384784146
561	0.0030056135184
758	0.000571830072372
565	0.00343823347929
566	0.00119573700826
229	0.000594266158418
228	0.00115981025841
226	0.000568300257111
223	0.00120231310245
220	0.00481374929773
724	0.00287752474267
722	0.00121174206102
720	0.0012000888353
605	0.00119733267817
150	0.00118127927178
607	0.00361182302434
157	0.00116986781422
602	0.00178889103311
159	0.0155761560303
609	0.00177187055404
48	0.0045564596127
951	0.00478763833552
950	0.00240762413019
953	0.000606547981383
952	0.000605000665104
955	0.00412045489745
954	0.00061573517179
40	0.00183502039967
956	0.00285276768221
5	0.00226357865533
488	0.00124031905855
485	0.000603114873389
483	0.000598569631819
482	0.00117397787309
472	0.00178840749677
470	0.00118679158602
