344	0.00121817309431
0	0.00117813628559
347	0.000585272382546
343	0.00363561301213
810	0.000574682936762
817	0.00060234121525
719	0.00109433943835
718	0.00584648620673
716	0.00117687909111
713	0.00119525347192
712	0.00243547582321
710	0.000594604633854
421	0.00240220852321
299	0.0012173027289
294	0.00356757944949
295	0.000594266158418
292	0.00175649409851
293	0.00117446140942
290	0.00238020761987
291	0.00600934124509
591	0.00240646364298
590	0.000564673734582
592	0.00301446223337
199	0.00273899158207
198	0.00122644156567
597	0.000565640807256
596	0.00122155784867
599	0.00118916091408
197	0.00117465482396
191	0.0023931663937
190	0.00060741834679
193	0.00415792896358
192	0.000565205624553
270	0.00166065719648
272	0.00184256356653
274	0.000607563407691
275	0.00230579137757
278	0.00240975169007
526	0.00180484773223
523	0.00122358870128
528	0.000603598409726
449	0.000594459572953
443	0.00243939246754
440	0.00112576930027
444	0.00180315535505
102	0.0012251843712
103	0.00179527371276
101	0.00172409716392
106	0.00169305413107
107	0.00228195303615
105	0.000606934810453
900	0.00123601558515
38	0.000609255784872
904	0.00117504165303
32	0.00934627386177
31	0.0018004959052
35	0.00120637480768
34	0.00180770059662
641	0.000589430795046
643	0.00170905918383
644	0.00275635053657
647	0.00119718761727
439	0.000590107745918
648	0.00237184244123
435	0.000591074818593
432	0.00117102830143
433	0.00355162275036
430	0.000617620963505
338	0.00237319634298
335	0.0136598531723
334	0.0060057630762
337	0.00182046595592
333	0.000599246582691
332	0.00114946258079
745	0.00054774996278
854	0.00239147401652
855	0.00119805798268
857	0.00121062992745
850	0.01317012757
851	0.00302335930197
858	0.000576472021209
859	0.00237261609937
6	0.00118659817149
98	0.000597215730075
90	0.00600025076196
95	0.00117847476102
740	0.00121072663471
742	0.00120642316131
743	0.00235361312132
558	0.00283502189864
746	0.00120787377033
747	0.000553407337925
748	0.000577439093884
749	0.00179875517438
551	0.000602196154348
550	0.0011507681289
553	0.00114709325274
552	0.00121885004518
236	0.00294894305968
231	0.00529641526952
232	0.00118253646626
233	0.00242952832626
147	0.00117910335826
142	0.00540772533435
143	0.00120893755027
141	0.00180262346508
612	0.00121749614344
614	0.000601857678912
948	0.0107682575222
947	0.00246627708789
945	0.000538466065106
942	0.00182022418776
940	0.00179957718616
688	0.00056776836714
685	0.00346598846505
684	0.00511107579147
687	0.00300778943192
686	0.000568396964378
680	0.00118258481989
682	0.0010965637055
622	0.000600213655366
133	0.00059779597368
131	0.000547459840977
137	0.00121488504721
499	0.00055945154214
135	0.00782269921687
134	0.00240157992597
495	0.000623229985017
491	0.000545380634727
493	0.00242730405911
24	0.0036398681319
25	0.000557227274989
26	0.000623181631383
28	0.000603985238796
29	0.00113916325681
407	0.000582081042721
402	0.00181654931159
401	0.00301383363613
933	0.00284991481782
936	0.00120400547963
935	0.00117697579838
136	0.00119124012033
379	0.00123137363631
828	0.000557952579495
371	0.000610561332982
373	0.000614671391848
372	0.000583725066267
374	0.00184754399081
823	0.00059155835493
704	0.00280272167131
700	0.00175199721058
701	0.000606354566848
702	0.00277051815125
703	0.00182767064735
393	0.000605919384145
392	0.0011999437744
397	0.00121710931437
82	0.000600552130802
398	0.00061496151365
84	0.0024052064485
796	0.000593202378476
795	0.00182331882031
790	0.00117102830143
798	0.000609304138505
586	0.00238223847248
582	0.00118108585724
581	0.00302248893657
588	0.000584788846209
245	0.00235196909777
246	0.00113916325681
187	0.00245104569327
249	0.0035354726367
418	0.00284096939558
511	0.00234848763615
510	0.000612592185598
513	0.000599053168157
1004	0.0023051144267
1003	0.000588995612343
514	0.000604372067866
517	0.00298694901578
516	0.00108592590608
458	0.00396567491591
459	0.000596635486471
624	0.00120100755434
450	0.00368449853583
629	0.0145078308469
628	0.00181519540985
454	0.00421411588596
595	0.00235951226463
175	0.003426918729
174	0.00243257460518
173	0.00221019624371
171	0.000567236477169
170	0.00118572780608
977	0.00227266913847
976	0.00119564030099
975	0.000616412122662
971	0.000602776397953
979	0.00110328486059
978	0.0120921800135
656	0.000610803101151
657	0.0021967055799
654	0.00109018102585
2	0.00232286021027
652	0.000584498724407
653	0.00054866868182
650	0.00109922315536
185	0.00412142197012
188	0.00360843826998
189	0.00937876750363
658	0.00181853181058
659	0.00182418918572
184	0.00115874647847
868	0.00118853231684
13	0.0016675717661
14	0.00221261392539
19	0.000585900979785
862	0.00119742938544
865	0.000607369993156
866	0.00059740914461
881	0.00163952665854
885	0.00297447377828
322	0.00058077549461
321	0.00169900162802
327	0.00390218659483
329	0.00118930597498
201	0.0022973778453
200	0.0018093929738
777	0.000588995612343
776	0.00180624998761
771	0.00242048619675
770	0.00059494310929
207	0.00610967503506
772	0.00358658242754
208	0.000567720013506
77	0.00177694768558
76	0.000583966834436
75	0.00360795473365
72	0.00121159700012
669	0.000569315683419
664	0.000572652084146
663	0.0030104972354
662	0.0128561674263
660	0.00242101808673
692	0.00725555944697
693	0.00177327280941
696	0.000592283659436
697	0.00177723780738
695	0.00243958588207
698	0.00352865477435
542	0.00119975035986
543	0.000605871030511
540	0.0129124994095
541	0.00551125046414
546	0.00289546394079
547	0.00180823248659
544	0.00120207133428
8	0.000612302063796
994	0.00117591201844
997	0.000603404995191
996	0.00166945755782
991	0.0011883389023
990	0.000604275360598
120	0.00297660133817
124	0.000602969812488
125	0.00120753529489
126	0.00239094212655
415	0.00298090481157
416	0.00599536704495
410	0.00178681182686
920	0.000594749694756
921	0.00163599684328
923	0.00415212652753
924	0.00164039702395
925	0.00117789451742
926	0.00174846739532
927	0.00958025709534
319	0.00114191941393
318	0.00170818881843
313	0.00179256590927
311	0.0029558576293
316	0.00118800042687
833	0.00177375634575
830	0.00060949755304
836	0.000590397867721
837	0.000542866245774
838	0.00122615144387
369	0.002409364861
364	0.00235177568324
365	0.00115221873791
362	0.00900436531773
360	0.0060397556807
361	0.00118872573137
380	0.000586191101587
381	0.00280702514471
383	0.00119786456815
388	0.00121309596277
787	0.000598472924552
782	0.00057908311743
783	0.00164117068209
788	0.000606741395918
789	0.00118050561364
572	0.00182322211305
577	0.00113360258893
576	0.00165040622613
575	0.00236768402873
60	0.000618878157982
61	0.00357110926475
62	0.0012043923087
64	0.000609642613941
65	0.00481785935659
67	0.0030850585386
68	0.00118103750361
253	0.000595523352895
250	0.00177017817686
251	0.000594169451151
256	0.00239761492801
731	0.0024013381578
732	0.00058324152993
737	0.00170403040593
509	0.000608046944029
506	0.00330845232639
738	0.0203750124087
505	0.000596006889232
502	0.00178197646348
500	0.00179159883659
630	0.00242387095112
631	0.00361399893786
633	0.0011877586587
469	0.00241927735591
468	0.000566849648099
638	0.00122025230056
464	0.00113345752803
466	0.00122233150681
462	0.00714947157459
168	0.00535255383827
165	0.00300493656753
166	0.00177056500593
167	0.00301789534136
160	0.00297611780183
161	0.000589189026878
966	0.00234558641812
963	0.00061157675929
969	0.000569170622518
409	0.000598714692721
872	0.000585755918884
873	0.00118011878457
870	0.00181582400709
871	0.000620909010598
890	0.00237793499908
891	0.00302437472828
894	0.000600938959872
897	0.000558677884
646	0.00120386041873
437	0.000547218072809
356	0.00477390590354
809	0.00118940268224
808	0.000572942205948
353	0.000608385419465
803	0.00119883164082
802	0.000613849380075
216	0.00116014873384
214	0.00418911705733
769	0.00242720735184
762	0.00238494627597
955	0.00411141276794
761	0.00109535486466
764	0.00176838909241
765	0.00535105487563
202	0.000604710543302
4	0.00179667596813
281	0.000577439093884
280	0.0090589565702
679	0.000576375313942
674	0.00181147218005
670	0.00225709926842
671	0.00119844481175
672	0.000565592453622
260	0.00177820488005
267	0.00179329121377
268	0.00119583371553
56	0.00177327280941
53	0.00240206346231
52	0.000600987313505
537	0.00113181350448
535	0.00475354902375
534	0.00363358215952
532	0.00280750868105
531	0.00117886159009
530	0.00540216466647
538	0.00059117152586
988	0.00120458572323
774	0.000617959438941
980	0.0011583596494
987	0.0176736883074
984	0.00239601925809
985	0.000569750866122
114	0.00115482983413
117	0.000598569631819
116	0.00121048486655
111	0.000596828901005
113	0.00059233201307
112	0.0018003508443
118	0.00056075709025
773	0.000596345364668
429	0.00179372639648
428	0.00302369777741
918	0.000569122268884
915	0.00783236994362
423	0.00171568363165
422	0.000601325788941
424	0.00241995430678
427	0.00058739994243
912	0.00356032640443
308	0.00113795441597
301	0.000604613836034
302	0.000599633411761
303	0.0018089577911
306	0.00242764253455
847	0.000603888531529
846	0.00182936302453
844	0.00340491782566
843	0.000594749694756
840	0.00237546896376
849	0.00345549572653
377	0.000598327863651
568	0.0043271666816
569	0.0136868828536
508	0.000552295204349
561	0.00301460729427
758	0.000560563675716
565	0.00345776834731
566	0.00119327097294
229	0.000603985238796
228	0.0011546364196
226	0.000566317758128
223	0.00120714846582
220	0.00481602191851
1001	0.00387617233989
724	0.00287428504922
722	0.0012131443164
720	0.00122054242236
605	0.00119612383733
150	0.00119946023806
607	0.00359214309542
157	0.00116648305986
602	0.00178318530433
159	0.0156174983871
609	0.00179420993281
48	0.00457744508974
951	0.00480054875572
950	0.00243499228687
953	0.000608143651296
952	0.000600503777168
42	0.00060988438211
954	0.000606209505947
40	0.00182955643906
956	0.00284527286898
5	0.00228408059603
488	0.00124201143573
485	0.000592428720337
483	0.000595281584726
482	0.00119080493762
472	0.00177482012569
470	0.0011803121991
