344	0.00123635406059
0	0.00116851391248
347	0.000583918480802
343	0.00363948130283
810	0.000561047212053
817	0.000605871030511
719	0.00109433943835
718	0.00588884398986
716	0.00117649226204
713	0.00120047566437
712	0.0024255633283
710	0.000589527502314
915	0.00781452745277
299	0.00121507846175
294	0.00356762780312
295	0.000600116948098
292	0.00174638818907
293	0.00117068982599
290	0.00239708303803
291	0.00601267764582
591	0.00239635773353
590	0.000571394889669
592	0.00301102912538
595	0.00235259769501
198	0.00124766881088
597	0.000587303235163
596	0.00124031905855
599	0.00117784616378
197	0.00117320421495
191	0.00237111713673
190	0.000602728044319
193	0.00418017163509
192	0.000558919652169
270	0.00164460379008
272	0.00185547398674
274	0.000612398771063
275	0.0022800188908
278	0.00239210261376
526	0.00180562139037
523	0.00121681919256
528	0.000608578833999
449	0.000592767195773
443	0.00244195521013
440	0.00111716235347
444	0.00180131791697
102	0.00123490345157
103	0.0018254463802
101	0.00171084826828
106	0.00168106242991
107	0.00229525028542
105	0.000602776397953
900	0.00122668333384
38	0.000601132374407
904	0.00118200457628
32	0.00937243317761
31	0.00180973144924
35	0.00119834810448
34	0.00180581480491
641	0.000590639635889
643	0.00172279161581
644	0.00276142766811
647	0.00120371535783
646	0.00119544688646
648	0.00239306968644
435	0.000590301160453
432	0.00117596037207
433	0.00356699920589
430	0.00061781437804
338	0.00237058524676
335	0.0136829662092
334	0.00603119708754
337	0.00181500199531
333	0.000593830975715
332	0.00115705410129
745	0.000544316854786
854	0.00239809846434
855	0.00118355189256
857	0.00119805798268
850	0.0132093907206
851	0.00304187874369
858	0.000582371164523
859	0.00236753896783
6	0.00118485744067
98	0.000599246582691
90	0.00603018166123
95	0.00117861982192
740	0.00122034900782
742	0.00119834810448
743	0.0023672004924
558	0.00283806817756
746	0.0012042472478
747	0.000551473192576
748	0.000572168547808
749	0.00179159883659
551	0.000597844327314
550	0.00114448215652
553	0.00111600186626
552	0.00120018554256
236	0.00291538563788
231	0.0052598115688
232	0.00118587286698
233	0.00243881222393
147	0.00119520511829
142	0.00541918514554
143	0.00120971120841
141	0.00180794236479
612	0.00120545608864
614	0.000591703415831
948	0.010756797711
947	0.00245467221579
945	0.000548330206384
942	0.00181601742162
940	0.00180426748863
688	0.000568396964378
685	0.0034398291492
684	0.0050976334813
687	0.00300566187203
686	0.000566946355367
680	0.00121275748733
682	0.00109535486466
459	0.000594459572953
133	0.000590929757692
131	0.000551860021646
137	0.00124152789939
136	0.00120598797861
135	0.00785200151891
134	0.00240017767059
495	0.000622891509581
491	0.00054073868589
493	0.00241028358004
24	0.0036150627178
25	0.00056946074432
26	0.000621634315104
28	0.000591123172227
29	0.0011468998382
407	0.000578019337488
402	0.00182849265912
401	0.00299057553831
933	0.00284353213817
936	0.0012009592007
409	0.000590349514087
379	0.00123712771873
828	0.000550409412634
371	0.000598908107255
373	0.000607611761325
372	0.000583386590831
374	0.00181843510331
823	0.000591510001296
704	0.00280320520765
700	0.00174411556828
701	0.000596200303767
702	0.00277912509806
703	0.00181036004648
393	0.000598424570918
392	0.00119481828922
397	0.00122305681131
82	0.000604662189668
398	0.000619941937924
84	0.0024130880908
796	0.000601615910744
795	0.00182075607773
790	0.0011761537866
798	0.000594846402023
586	0.00237764487728
582	0.00117837805376
581	0.00303757527029
588	0.000577970983855
245	0.0023550153767
246	0.0011550716023
249	0.00355699000371
418	0.002846723478
511	0.00233992904298
510	0.000617379195336
513	0.000588608783273
1004	0.00229520193179
1003	0.000609981089377
514	0.000605967737779
1001	0.00389275763626
516	0.00109564498646
458	0.00394826760777
622	0.000606161152313
624	0.00119583371553
450	0.00369861779687
629	0.0144306584475
628	0.0018220132722
454	0.00418302449948
199	0.00273604201041
175	0.00340467605749
174	0.00246240879719
173	0.00216798352147
171	0.000568058488942
170	0.00118132762541
977	0.00227218560214
976	0.00119839645812
975	0.000621054071499
971	0.000598763046354
979	0.00110077047164
978	0.0121301859696
656	0.000615203281819
657	0.00218616448775
654	0.00110120565434
2	0.0023422500174
652	0.000587883478767
187	0.00244210027103
184	0.00116479068268
185	0.00411590965588
188	0.00359663998336
189	0.00937301342121
658	0.0018093929738
659	0.00182443095389
650	0.00111580845172
868	0.00117388116582
13	0.00165751421029
14	0.002213194169
19	0.00058986597775
862	0.00118292329533
865	0.000595233231093
866	0.000582951408128
881	0.00163996184125
885	0.0029765046309
322	0.000582999761762
321	0.00171263735273
327	0.00391828835486
329	0.00120197462701
201	0.00232300527118
774	0.000617766024406
777	0.000584498724407
776	0.00180059261247
771	0.00242338741478
770	0.000607176578622
773	0.000591800123099
772	0.00356298585429
208	0.000565785868157
77	0.00176161958369
76	0.00057700391118
75	0.00359422230167
72	0.00121807638704
669	0.000568928854349
664	0.000567139769901
663	0.00301857229224
662	0.0128846477165
660	0.00243948917481
653	0.000542624477605
692	0.00725937938403
693	0.00177714110011
696	0.000599149875424
697	0.00178391060883
695	0.00245268971681
698	0.0035229973992
542	0.00120458572323
543	0.000602824751587
540	0.0130054350935
541	0.00553373490382
546	0.00292350904834
547	0.00181205242366
544	0.00121246736553
8	0.000604081946063
994	0.00118350353893
997	0.000606596335017
996	0.0016754534084
991	0.00120758364852
990	0.000607515054058
120	0.00296813945227
124	0.000596925608273
125	0.00121140358559
126	0.00236797415054
415	0.00296610859965
416	0.00596915937547
410	0.00176988805505
920	0.00059779597368
921	0.00163449788064
923	0.00410106509032
924	0.00164412025375
925	0.00118311670986
926	0.00173125350171
927	0.00956067387368
319	0.00113679392876
318	0.00171205710912
313	0.00178855255767
311	0.00296548000241
316	0.0012135794991
833	0.00178366884066
830	0.000612737246499
836	0.000593202378476
837	0.000546492768303
838	0.00121159700012
369	0.00239326310097
364	0.00235482196216
365	0.00118297164896
362	0.00898149404898
360	0.00601741630193
361	0.00118901585317
380	0.000585900979785
381	0.00284677183163
383	0.00118891914591
388	0.00122218644591
787	0.000607998590395
782	0.000588705490541
783	0.00165026116523
788	0.000609739321209
789	0.00118152103995
572	0.00179464511552
577	0.00112973429823
576	0.00166380018267
575	0.00234650513716
60	0.000609062370337
61	0.00357565450632
62	0.00119022469402
64	0.000605049018738
65	0.00479329571066
67	0.00304695587523
68	0.00118882243864
253	0.000593395793011
250	0.00178632829052
251	0.00058570756525
256	0.00237247103847
499	0.000568445318012
731	0.00238683206769
732	0.000596877254639
737	0.00169856644532
509	0.000588318661471
506	0.00329916842871
738	0.0203802829548
505	0.000610077796645
502	0.00177578719837
500	0.00179106694662
630	0.00242396765838
631	0.00363242167231
633	0.00121183876829
469	0.00243329990969
468	0.000561772516559
638	0.0012048274914
464	0.00114269307207
466	0.00123200223355
462	0.00716189845845
168	0.00528568076284
165	0.00302369777741
166	0.00179474182279
167	0.00304855154514
160	0.00298931834384
161	0.000599681765395
966	0.0023432654437
963	0.000613124075569
969	0.000569218976151
935	0.00118350353893
872	0.000600938959872
873	0.00117276903224
870	0.00181069852191
871	0.00060988438211
890	0.00238006255897
891	0.00300285736128
894	0.000597699266412
897	0.000558194347663
439	0.000589382441413
437	0.000549248925425
356	0.00473024257229
809	0.00118969280405
808	0.000566898001733
353	0.00060741834679
803	0.00119781621451
802	0.000613172429203
216	0.00116459726815
214	0.0042027044284
769	0.00242358082931
762	0.00236937640591
42	0.000599730119029
761	0.00110560583501
764	0.00177815652642
765	0.00533824116269
202	0.000607466700424
517	0.00298569182131
4	0.00181514705622
281	0.000588898905075
280	0.00899962666162
679	0.000575940131238
674	0.00179783645534
670	0.00229143034836
671	0.00120690669765
672	0.000567188123535
260	0.001767518727
267	0.00179827163805
268	0.00120018554256
56	0.00178337871886
53	0.00241260455446
52	0.000588898905075
537	0.00113727746509
535	0.00479953332941
534	0.00363053588059
532	0.00279590380896
531	0.00118509920884
530	0.0054599956124
538	0.000605387494174
988	0.00120429560143
200	0.00179348462831
980	0.00117189866684
987	0.0177232024283
984	0.00235956061827
985	0.000568590378913
114	0.00115976190477
117	0.000603066519755
116	0.00122344364038
111	0.000604758896936
113	0.000600020240831
112	0.00179285603107
118	0.000572700437779
207	0.00605822676879
429	0.00180088273427
428	0.003014510587
918	0.000560805443884
421	0.00241318479806
423	0.00170567442947
422	0.000604903957837
424	0.00240598010664
427	0.000589189026878
912	0.00357981291882
308	0.00114109740216
301	0.000597650912779
302	0.000609836028476
303	0.00182230339401
306	0.00244437289181
847	0.000607950236761
846	0.001817419677
844	0.00341836013583
843	0.000580678787343
840	0.00236521799341
849	0.00346840614673
377	0.000604372067866
568	0.00432677985253
569	0.0136585476242
508	0.000549877522663
561	0.00302833972625
758	0.000570911353332
565	0.00345070871679
566	0.00120168450521
229	0.000609062370337
228	0.00116179275739
226	0.000561434041122
223	0.00119327097294
220	0.00481466801677
724	0.00285068847596
722	0.00118882243864
720	0.00122387882309
605	0.00118529262338
150	0.00119597877643
607	0.00357957115065
157	0.00117354269038
602	0.0017878756068
159	0.0156190457034
609	0.00179754633354
48	0.00454263047346
951	0.0048066896672
950	0.00242435448745
953	0.000606547981383
952	0.000598859753622
955	0.00413109269686
954	0.000613559258273
40	0.00183545558238
956	0.0028343933014
5	0.00226077414458
488	0.00121493340085
485	0.000597941034581
483	0.000602292861616
482	0.00118302000259
472	0.00178598981508
470	0.0011803121991
