344	0.00121947864242
0	0.00117750768835
347	0.000578599581093
343	0.00362415320094
810	0.000571733365105
817	0.000606257859581
719	0.00109743407091
718	0.00591219879495
716	0.00118098914998
713	0.00119752609271
712	0.00242232363484
710	0.000605097372372
421	0.00240544821667
299	0.00121324102367
294	0.00360858333089
295	0.000600455423534
292	0.00175605891581
293	0.00117644390841
290	0.00237962737626
291	0.00598705021995
591	0.0023887178594
590	0.000569557451587
592	0.00298738419849
199	0.00273802450939
198	0.00123857832774
597	0.000570427816994
596	0.00121111346378
599	0.00118548603791
197	0.00117982866277
191	0.00239268285737
190	0.000599730119029
193	0.00415062756489
192	0.000562787942867
270	0.00167608200564
272	0.00185044520883
274	0.000603743470627
275	0.00228910937394
278	0.00241042864094
526	0.00180455761043
523	0.00123238906262
528	0.000603550056093
449	0.000601664264377
443	0.00242324235388
440	0.0011255275321
444	0.00178463591334
102	0.00122678004111
103	0.00181659766523
101	0.00171036473194
106	0.00170137095607
107	0.00227455493019
105	0.000596393718302
900	0.00122721522381
38	0.000607515054058
904	0.00116865897338
32	0.00937576957833
31	0.00181118205825
35	0.00121638400986
34	0.00179343627468
641	0.000580291958273
643	0.00171839143514
644	0.00272835378265
647	0.00120013718893
439	0.000590494574988
648	0.00237812841362
435	0.000599053168157
432	0.00117721756655
433	0.00355191287217
430	0.000610222857546
338	0.00236101122728
335	0.0136328718447
334	0.0060063433198
337	0.00183178070622
333	0.000591751769465
332	0.00114680313094
558	0.00283685933672
854	0.00239485877088
1001	0.00387452831634
857	0.0011963656055
850	0.0131596831851
851	0.00301011040633
858	0.000585030614378
859	0.00237604920737
6	0.00118190786902
98	0.000605194079639
90	0.00600445752809
95	0.00118045726001
740	0.0012046824305
742	0.00120990462294
743	0.00236309043353
745	0.000548475267286
746	0.00122421729852
747	0.000558871298535
748	0.000583628359
749	0.00180982815651
551	0.000598956460889
550	0.00114578770463
553	0.00114506240012
552	0.00122296010405
236	0.00293114892247
231	0.00526778991836
232	0.00118495414794
233	0.0024175366251
147	0.00119215883937
142	0.00540922429699
143	0.00120903425753
141	0.00179798151624
612	0.00121768955797
614	0.000602534629784
1004	0.00231507527525
948	0.0107593604536
947	0.00248644055315
945	0.000553745813361
942	0.00180402572046
940	0.00179682102904
688	0.00056868708618
685	0.00344060280734
684	0.00509134750892
687	0.00301484906244
686	0.000568058488942
680	0.00118679158602
682	0.0011043002869
459	0.000598086095482
133	0.000584643785308
131	0.000550602827169
137	0.00122073583689
499	0.000562787942867
135	0.00783338536993
134	0.0023798207908
495	0.000616992366267
491	0.000556888799553
493	0.002409364861
24	0.00362400814004
25	0.000559886724843
26	0.00062028041336
28	0.000588705490541
29	0.00113181350448
407	0.000588367015105
402	0.00181321291087
401	0.00298288731055
933	0.00285813493555
936	0.00121585211989
409	0.000593299085744
379	0.00121885004518
828	0.000555825019611
371	0.000602099447081
373	0.000611480052023
372	0.000587641710599
374	0.00183951728761
377	0.000598908107255
704	0.00281892013861
700	0.00174174624023
701	0.000595184877459
702	0.00276273321622
703	0.00183158729168
393	0.000591074818593
392	0.00118920926771
397	0.00121111346378
82	0.000601422496209
398	0.000615203281819
84	0.00243421862873
796	0.000588560429639
795	0.00180243005055
790	0.00117489659213
798	0.000597167376442
586	0.00241241113992
582	0.00117687909111
581	0.00301098077174
588	0.00059948835086
245	0.00234945470882
246	0.00113780935506
187	0.00245960428643
249	0.00354287074266
924	0.00165030951886
511	0.0023555956203
510	0.000609062370337
513	0.000598086095482
927	0.00962392042659
1003	0.000593105671209
514	0.000603936885162
517	0.00298104987247
516	0.00109902974082
458	0.00396857613393
622	0.000601664264377
624	0.00119075658399
450	0.00368290286591
629	0.0144741283642
628	0.00181461516624
454	0.00417427249178
595	0.00235458019399
175	0.00342188995109
174	0.00244843459705
173	0.00219902655432
171	0.000561095565686
170	0.00119036975492
977	0.00228814230126
976	0.00119757444634
975	0.000611770173825
971	0.000598811399988
979	0.00110342992149
978	0.0120886985518
656	0.000616992366267
657	0.00217615528557
654	0.00109264706117
2	0.00234974483062
652	0.000577052264814
653	0.000549877522663
184	0.00116488738995
185	0.00411948782477
188	0.00362618405356
189	0.00938456993967
658	0.0018003508443
659	0.00184933307526
650	0.00111406772091
868	0.00118911256044
13	0.00164286305927
14	0.00222320337118
19	0.000584063541703
862	0.00119549524009
865	0.000598327863651
866	0.000587835125134
881	0.00164658628907
885	0.00297747170357
322	0.000583918480802
321	0.00172646649197
327	0.00394870279047
329	0.00118572780608
201	0.0023223283203
774	0.000618297914377
777	0.000589334087779
776	0.0017960473709
771	0.00242686887641
770	0.000593879329349
207	0.00605547061166
772	0.00358005468699
208	0.000566994709
77	0.00176248994909
76	0.000592767195773
75	0.00360210394397
72	0.00121546529082
669	0.000567720013506
664	0.000567429891704
663	0.00300372772668
662	0.0129244911107
660	0.00243064045984
692	0.00723447726267
693	0.00178076762264
696	0.000586239455221
697	0.00177602896654
695	0.00244210027103
698	0.0035391958665
542	0.00119921846989
543	0.000604613836034
540	0.0129494899393
541	0.00551342637766
546	0.0028888878466
547	0.00179798151624
544	0.00121551364445
8	0.000605242433273
994	0.00116387196364
997	0.000602437922517
996	0.00166849048514
991	0.00118210128355
990	0.000604227006965
120	0.00298390273686
124	0.000599778472662
125	0.00122107431233
126	0.00238818596943
415	0.00298448298046
416	0.0059643240121
410	0.00177032323776
920	0.000603018166122
921	0.00165736914939
923	0.00412398471271
418	0.00283245915605
925	0.00118118256451
926	0.00172738521101
136	0.00120332852876
319	0.00112726826291
318	0.00171800460607
313	0.00181795156697
311	0.00294792763337
316	0.00119921846989
833	0.0017713870177
830	0.000599971887197
836	0.000592767195773
837	0.000546347707402
838	0.00122441071306
369	0.00240099968237
364	0.00236869945504
365	0.00116377525637
362	0.00899464623735
360	0.00603922379073
361	0.00117247891044
380	0.000588608783273
381	0.00283434494776
383	0.00118867737774
388	0.00121575541262
787	0.000597312437343
782	0.00059740914461
783	0.00164112232846
788	0.00061781437804
789	0.00118190786902
572	0.00180044755156
577	0.00113872807411
576	0.00164300812017
575	0.00235922214283
60	0.000613897733709
61	0.0036060205883
62	0.00122266998224
64	0.000613172429203
65	0.00482753008334
67	0.00305827062552
68	0.00118176280812
253	0.000595088170192
250	0.00176921110418
251	0.000603066519755
256	0.00237479201289
731	0.00238272200882
732	0.000594072743883
737	0.00169755101901
509	0.000610658040249
506	0.00328364691229
738	0.0203882129507
505	0.000608046944029
502	0.00178540957148
500	0.00177762463645
630	0.00241980924588
631	0.00362715112623
633	0.00120100755434
469	0.00242512814559
468	0.000574682936762
638	0.00120705175855
464	0.00114636794823
466	0.00122982632003
462	0.00715425858432
168	0.00534278640426
165	0.00302350436288
166	0.00178536121784
167	0.00303477075953
160	0.00300029461869
161	0.00059532993836
966	0.00234234672466
963	0.000610222857546
969	0.000573764217721
935	0.00118543768428
872	0.000596828901005
873	0.00117146348413
870	0.00181011827831
871	0.000602631337052
890	0.00237633932917
891	0.0030265506418
894	0.000600987313505
897	0.000560853797518
646	0.0011966557273
437	0.00054982916903
356	0.00476191420238
809	0.00117233384954
808	0.000572700437779
353	0.000608046944029
803	0.00120202298065
802	0.000622649741412
216	0.00116329172004
214	0.0041939524207
769	0.00242575674283
762	0.00236976323498
42	0.000597312437343
761	0.00108844029504
764	0.00175644574488
765	0.00535840462795
202	0.000595765121064
4	0.00181321291087
281	0.000597264083709
280	0.00898086545174
679	0.000562159345628
674	0.00179411322555
670	0.00227102511493
671	0.00120071743253
672	0.000572458669611
260	0.00177694768558
267	0.00180968309561
268	0.00120598797861
56	0.00178096103718
53	0.00240752742292
52	0.000594217804785
537	0.00113544002701
535	0.00476728145572
534	0.00364010990007
532	0.00280924941186
531	0.00118717841509
530	0.00542924270135
538	0.000595668413796
988	0.00120700340492
200	0.00181466351988
980	0.00114994611713
987	0.0176615031917
984	0.0023887178594
985	0.000568590378913
114	0.00115589361408
117	0.000606209505947
116	0.00122223479954
111	0.000608772248534
113	0.000597602559145
112	0.00179537042002
118	0.000566366111762
773	0.000588560429639
429	0.00178990645941
428	0.0029928481591
918	0.000565399039088
915	0.00778981874594
423	0.0017042721741
422	0.000600020240831
424	0.00244558173266
427	0.000599681765395
912	0.00356806298583
308	0.00115023623893
855	0.00118998292585
301	0.000606354566848
302	0.000599826826296
303	0.00181567894619
306	0.00246178019995
847	0.000616315415395
846	0.00182356058848
844	0.00340815751912
843	0.000575988484872
840	0.00237329305024
849	0.0034686479149
823	0.00059818280275
568	0.00427673384163
569	0.0136834013919
508	0.000555389836907
561	0.00303109588337
758	0.000572458669611
565	0.00343562238307
566	0.00119883164082
229	0.000600068594465
228	0.0011678369616
226	0.000554712886035
223	0.00121561035172
220	0.00481553838217
724	0.00286659682145
722	0.00119815468995
720	0.00119196542483
605	0.0011999437744
150	0.00119356109474
607	0.00359954120138
157	0.00116638635259
602	0.00178149292715
159	0.0156605814748
609	0.00179362968921
48	0.00456550174221
951	0.00479218357709
950	0.0024218400985
953	0.000603936885162
952	0.000598956460889
955	0.00411702178945
954	0.000610367918447
40	0.00181650095796
956	0.00285886024006
5	0.00227847157452
488	0.00124752374998
485	0.000592138598535
483	0.000607273285889
482	0.00117533177483
472	0.00179314615287
470	0.00118355189256
