344	0.0012299230273
0	0.00118094079634
347	0.000582419518157
343	0.00362072009295
810	0.000570040987925
817	0.000602099447081
719	0.0010965637055
718	0.00590252806821
716	0.00118369695347
713	0.00120598797861
712	0.00243533076231
710	0.000597650912779
421	0.00242130820853
299	0.0012046824305
294	0.00360360290661
295	0.000598617985453
292	0.00175784800026
293	0.0011714151305
290	0.00239369828367
291	0.0059974462512
591	0.00241497388251
590	0.000566172697227
592	0.00299855388788
199	0.00274174773919
198	0.00123403308617
597	0.000569315683419
596	0.00123490345157
599	0.00116928757062
197	0.00118742018326
191	0.0023766778046
190	0.000595378291994
193	0.00416808322666
192	0.000555486544175
270	0.00164324988834
272	0.00183801832497
274	0.000604613836034
275	0.00226967121318
278	0.00240689882568
526	0.00179348462831
523	0.00122910101553
528	0.000604275360598
449	0.000593347439378
443	0.0024304470453
440	0.00111759753617
444	0.00179053505665
102	0.0012294878446
103	0.0018211429068
101	0.00169963022526
106	0.00169073315665
107	0.00227653742917
105	0.000601470849843
900	0.00122378211582
38	0.000598763046354
904	0.0011795868946
32	0.00940304102775
31	0.00180774895026
35	0.00119815468995
34	0.00178918115491
641	0.00059155835493
643	0.00171882661785
644	0.00274832383338
647	0.00122078419053
439	0.00058739994243
648	0.00237754817001
435	0.000590591282256
432	0.00117716921291
433	0.00354799622783
430	0.0006211991324
338	0.00234945470882
335	0.0136529869563
334	0.00602829586951
337	0.00182269022308
333	0.000588995612343
332	0.00116372690274
745	0.000540400210454
854	0.00239041023658
855	0.00118988621858
857	0.00119046646219
850	0.0131949329841
851	0.00303762362392
858	0.000583144822663
859	0.00236869945504
6	0.00117890994373
98	0.000604565482401
90	0.00600252338274
95	0.00118152103995
740	0.00120729352672
742	0.00122339528675
743	0.00238219011885
558	0.00282375550198
746	0.00121009803748
747	0.000550796241704
748	0.000583870127169
749	0.00177897853819
551	0.000606693042284
550	0.00116672482803
553	0.00113993691495
552	0.00121082334198
236	0.00293240611695
231	0.00525072108566
232	0.00117678238384
233	0.00243397686056
147	0.00119114341306
142	0.00539181698885
143	0.00121145193922
141	0.00180586315854
612	0.00119549524009
614	0.000606016091412
948	0.0107515755186
947	0.00246516495431
945	0.000546637829204
942	0.00179919035709
940	0.00179145377569
688	0.000568832147082
685	0.00343731476025
684	0.00510019622389
687	0.00303714008758
686	0.000569412390686
680	0.00119825139721
682	0.00109854620448
459	0.000595281584726
133	0.000595281584726
131	0.000553794166995
137	0.00122039736146
136	0.00119883164082
135	0.00786505700001
134	0.00240641528934
495	0.00062028041336
491	0.000544316854786
493	0.00239713139167
24	0.00361133948801
25	0.000573570803186
26	0.000618346268011
28	0.000582467871791
29	0.00114119410943
407	0.000589043965977
402	0.00180407407409
401	0.00300425961665
933	0.00285900530096
936	0.00121706096073
409	0.000602679690686
379	0.0012336462571
828	0.000558387762198
371	0.000608385419465
373	0.000623858582255
372	0.000595910181965
374	0.00185769825389
377	0.000604807250569
704	0.00280688008381
700	0.00172815886915
701	0.000600697191703
702	0.00278632978948
703	0.00181031169284
393	0.000595378291994
392	0.00118195622265
397	0.0012294878446
82	0.000602196154348
398	0.000618007792575
84	0.0024469356344
796	0.000581404091849
795	0.0018296047927
790	0.00117687909111
798	0.000588318661471
586	0.00238093292437
582	0.00117813628559
581	0.00302732429994
588	0.000597312437343
245	0.00235743305838
246	0.00115154178704
249	0.00354509500981
924	0.00164252458383
511	0.00234901952612
510	0.000612205356528
513	0.000601422496209
1004	0.00230385723222
1003	0.000600068594465
514	0.000614284562778
1001	0.00388739038291
516	0.00109516145012
458	0.00394870279047
622	0.000607466700424
624	0.0012052626741
450	0.00368290286591
629	0.014427418754
628	0.00181277772816
454	0.00418278273131
595	0.0023673455533
175	0.00343750817478
174	0.00245254465591
173	0.00219206363106
171	0.000568783793448
170	0.00116832049794
977	0.00227281419937
517	0.00298786773482
975	0.000607128224988
971	0.000596780547372
979	0.00109936821626
978	0.0121105060407
656	0.000619603462488
657	0.00219607698266
654	0.00108491047978
2	0.00235690116841
652	0.000589237380511
187	0.00245781520199
184	0.00116387196364
185	0.00411997136111
188	0.00361056582987
189	0.00941957797049
658	0.00182056266319
659	0.00183158729168
650	0.0010965637055
868	0.00118326177076
13	0.0016341594052
14	0.00220835880563
19	0.000589382441413
862	0.00118098914998
865	0.000603840177895
866	0.000574537875861
881	0.00164784348354
885	0.00298864139296
322	0.000587448296064
321	0.00171007461014
327	0.00393859688102
329	0.00119675243457
201	0.00231347960533
200	0.00180446090316
777	0.000586626284291
776	0.00179672432177
771	0.00242009936769
770	0.000609255784872
207	0.00605339140541
772	0.00360249077304
208	0.000574296107692
77	0.00176867921421
76	0.000584111895337
75	0.00362144539745
72	0.00121449821814
669	0.000569605805221
664	0.000562642881965
663	0.00300580693293
662	0.0129027319755
660	0.00242493473106
653	0.000556405263216
692	0.00727006553708
693	0.00178424908427
696	0.000589914331384
697	0.00178565133965
695	0.00244616197626
698	0.00352057971752
542	0.00119385121655
543	0.00059948835086
540	0.0130058702763
541	0.00553736142635
546	0.0029102601527
547	0.00178729536319
544	0.00120405383326
8	0.000607853529494
994	0.00119201377846
997	0.000596683840104
996	0.00165654713761
991	0.00119201377846
990	0.000596490425569
120	0.00299231626913
124	0.000604758896936
125	0.00122711851655
126	0.00238064280257
415	0.00297007359761
416	0.00596920772911
410	0.00176863086058
920	0.000604807250569
921	0.00163657708689
923	0.00413022233146
418	0.00285247756041
925	0.00117799122469
926	0.00174368038558
927	0.00954287973647
319	0.0011464646555
318	0.00171200875549
313	0.00176326360723
311	0.00297215280386
316	0.00119293249751
833	0.00179174389749
830	0.000606402920482
836	0.000590542928622
837	0.000555099715105
838	0.0012294878446
369	0.00238634853135
364	0.00234950306245
365	0.00117310750768
362	0.00902085390683
360	0.00602355721341
361	0.00116334007367
380	0.000586626284291
381	0.00282157958846
383	0.00118577615972
388	0.00121590047352
787	0.000592960610308
782	0.00059818280275
783	0.00164416860738
788	0.000597264083709
789	0.00118074738181
572	0.0018003508443
577	0.00113103984634
576	0.00164363671741
575	0.00236386409167
60	0.000622794802313
61	0.00356820804673
62	0.00121067828108
64	0.000609690967575
65	0.00482051880645
67	0.00306349281796
68	0.00117639555477
253	0.000593444146645
250	0.00176577799619
251	0.000588463722372
256	0.00238654194588
499	0.000570137695192
731	0.0023933114546
732	0.000586626284291
508	0.000543398135745
509	0.000606064445046
506	0.00328717672755
738	0.0203158759146
505	0.000600020240831
502	0.00177259585854
500	0.00176273171726
630	0.00239466535635
631	0.00361395058423
633	0.00119365780201
469	0.00243339661696
468	0.000571346536035
638	0.00120647151495
464	0.00113089478544
466	0.00122155784867
462	0.00714168663956
168	0.00530274959554
165	0.00302311753381
166	0.00179009987395
167	0.00301504247697
160	0.00299159096462
161	0.000605049018738
966	0.00234341050461
963	0.000617572609871
969	0.000570427816994
935	0.00118413213617
872	0.000602292861616
873	0.00117441305579
870	0.00181543717802
871	0.000612543831964
890	0.00238339895969
891	0.00300769272465
894	0.000606451274116
897	0.000559596603041
646	0.00119975035986
437	0.000538466065106
356	0.00475282371924
809	0.00119829975085
808	0.000573667510454
353	0.000605145726005
803	0.00119283579024
802	0.00061950675522
216	0.00117209208137
214	0.0042104410098
769	0.00242566003556
762	0.00235095367147
955	0.00411634483858
761	0.00109873961902
764	0.00176360208267
765	0.00534365676967
202	0.000597312437343
4	0.00180209157511
281	0.00058532073618
280	0.00900958751017
679	0.000564770441849
674	0.00179744962627
670	0.00227943864719
671	0.00119423804562
672	0.000573909278622
260	0.00177177384677
267	0.00182622003834
268	0.00119486664285
56	0.00177216067584
53	0.00240820437379
52	0.000597747620046
537	0.00113650380695
535	0.00478183589947
534	0.00365509952652
532	0.00279745112523
531	0.00119186871756
530	0.00542566453246
538	0.000597989388215
988	0.00119728432454
774	0.000628258762923
980	0.00116382361001
987	0.0177345655322
984	0.00238654194588
985	0.00057153995057
114	0.00115250885972
117	0.000600503777168
116	0.00122624815114
111	0.000596393718302
113	0.000610609686616
112	0.00179435499372
118	0.000562981357402
773	0.000578261105657
429	0.00178516780331
428	0.00299971437509
918	0.000573957632256
915	0.00778232393272
423	0.00171684411886
422	0.000586771345192
424	0.00241134735998
427	0.000585900979785
912	0.00355873073452
308	0.00114443380288
301	0.000605387494174
302	0.000604081946063
303	0.0018043641959
306	0.00245665471478
847	0.000608917309435
846	0.00182670357467
844	0.00340191990037
843	0.000594556280221
840	0.00233775312946
849	0.00347159748656
823	0.000608917309435
568	0.00432441052448
569	0.0136577256124
737	0.00169247388747
561	0.00302742100721
758	0.000565447392721
565	0.00346115310167
566	0.0011962205446
229	0.000602776397953
228	0.00115526501684
226	0.00055906471307
223	0.00119757444634
220	0.00485252891197
724	0.0028884526639
722	0.0011965106664
720	0.0012175928507
605	0.00119646231277
150	0.00119941188442
607	0.00360432821112
157	0.0011714151305
602	0.0017798489036
159	0.0156447214829
609	0.00179319450651
976	0.00117712085928
48	0.00457933088145
951	0.00480267631561
950	0.00242029278222
953	0.000602582983418
952	0.000594556280221
42	0.000597167376442
954	0.000606596335017
40	0.0018387919831
956	0.00282892934079
5	0.00229452498091
488	0.00123325942803
485	0.000595136523825
483	0.000602534629784
482	0.00118302000259
472	0.00178226658529
470	0.00118693664692
