344	0.00121976876422
0	0.00117272067861
347	0.000587109820628
343	0.00363266344048
810	0.000567139769901
817	0.000610029443011
719	0.00110700809039
718	0.00589803118027
716	0.0011635334882
713	0.00118664652512
712	0.00241129900635
710	0.000585900979785
915	0.00780326105612
299	0.0012052626741
294	0.00356419469513
295	0.000594217804785
292	0.00177448165026
293	0.00117151183777
290	0.00236971488135
291	0.00598850082896
591	0.00240336901042
590	0.000568396964378
592	0.00298535334587
595	0.00235380653586
198	0.00124645997003
597	0.000561724162925
596	0.00123354954983
599	0.00118964445041
197	0.00118785536597
191	0.00239012011478
190	0.000605145726005
193	0.00413887763189
192	0.000554664532402
270	0.00164794019081
272	0.00185344313412
274	0.000597264083709
275	0.0022840322424
278	0.00239195755286
526	0.00179957718616
523	0.00121962370332
528	0.000604662189668
449	0.000602534629784
443	0.00242304893934
440	0.0011249472885
444	0.0017886009113
102	0.00121986547149
103	0.00182549473383
101	0.0017136044254
106	0.00168971773035
107	0.00228625650955
105	0.000602582983418
900	0.00122847241829
38	0.000604275360598
904	0.00117808793195
32	0.00935081910334
31	0.00180605657308
35	0.00121570705899
34	0.00181127876552
641	0.000593347439378
643	0.0017217761895
644	0.00274455224995
647	0.00120850236756
646	0.00119167530303
648	0.00238726725039
435	0.000592477073971
432	0.00118635640332
433	0.00355631305283
430	0.000618346268011
338	0.00234964812336
335	0.0136512462255
334	0.00601591733928
337	0.00182056266319
333	0.000589237380511
332	0.00116300159823
745	0.000542576123972
854	0.00239200590649
855	0.00118234305172
857	0.0012043923087
850	0.0131948362768
851	0.00299618455982
858	0.000568396964378
859	0.00236009250824
6	0.00118616298878
98	0.000606306213215
90	0.00597244742257
95	0.00117407458035
740	0.001208840843
742	0.00122252492134
743	0.00238117469254
558	0.00283690769035
746	0.0012051176132
747	0.00055737233589
748	0.000582467871791
749	0.00179087353209
551	0.000597747620046
550	0.00114428874198
553	0.0011250923494
552	0.00120705175855
236	0.00293564581041
231	0.00527828265688
232	0.00119559194736
233	0.00241947077045
147	0.00118858067047
142	0.00542740526327
143	0.00120415054053
141	0.00182094949226
612	0.00121899510608
614	0.000607563407691
948	0.0107921442173
947	0.00248281403062
945	0.000542527770338
942	0.00181113370462
940	0.00179682102904
1001	0.00387409313364
685	0.00344916140051
684	0.00508926830267
687	0.00299690986433
686	0.000576133545773
680	0.0011926423757
682	0.00110159248341
459	0.000600310362633
133	0.000591800123099
131	0.000550941302605
137	0.00120593962498
136	0.001200524018
135	0.00782463336222
134	0.00238277036245
495	0.000620232059726
491	0.000554277703332
493	0.00241574754065
24	0.00363827246199
25	0.000559790017576
26	0.000625889434871
28	0.000590301160453
29	0.00113950173224
407	0.000575650009436
402	0.0018304751581
401	0.00300459809209
933	0.00282602812276
936	0.00120724517309
935	0.00118630804969
379	0.00123079339271
828	0.000551666607111
371	0.000600697191703
373	0.000610561332982
372	0.000597215730075
374	0.00183671277685
823	0.000600455423534
704	0.00284503110082
700	0.00174590465273
701	0.000610658040249
702	0.00277182369936
703	0.00183337637613
393	0.000601229081674
392	0.00118732347599
397	0.00122856912556
82	0.000601229081674
398	0.000621779376005
84	0.00241855205141
796	0.000580050190105
795	0.00181316455723
790	0.00118069902817
798	0.000602292861616
586	0.00239137730926
582	0.00117262397134
581	0.00300503327479
588	0.000586529577023
245	0.00235095367147
246	0.00114540087556
249	0.00353764855022
924	0.00164083220665
511	0.00235303287772
510	0.000620812303331
513	0.000595861828331
1004	0.00229191388469
1003	0.00059571676743
514	0.000606306213215
517	0.00300251888584
516	0.00108737651509
458	0.00396770576852
622	0.000611044869319
624	0.00119757444634
450	0.00367695536897
629	0.0144861200653
628	0.00181456681261
454	0.0041814771832
199	0.00274358517727
175	0.00340951142086
174	0.00245206111957
173	0.002204877344
171	0.000567865074407
170	0.00118185951538
977	0.00228108267074
976	0.00119776786088
975	0.000611673466558
971	0.000605580908709
979	0.00109733736364
978	0.0120950328779
656	0.000612785600133
657	0.00219723746987
654	0.00109259870754
2	0.00231966887045
652	0.000597844327314
653	0.000556260202314
650	0.00110821693123
185	0.00412108349468
188	0.00359780047057
189	0.00937997634447
658	0.00182747723281
187	0.00246279562626
184	0.00116938427788
868	0.00118650146422
13	0.00165548335767
14	0.00222271983484
19	0.00059363756118
862	0.00118809713413
865	0.000608820602168
866	0.000582516225424
659	0.00182181985767
881	0.0016509381161
885	0.00299178437915
322	0.000583048115395
321	0.00171263735273
327	0.00391611244134
329	0.00120502090594
688	0.000573570803186
201	0.00232440752655
200	0.00180977980287
777	0.000585078968012
776	0.00182027254139
771	0.00242648204734
770	0.000587690064232
773	0.000595571706529
772	0.00359209474179
208	0.000575214826733
77	0.001759201902
76	0.000583580005366
75	0.00360007309135
72	0.00122339528675
669	0.00056868708618
664	0.00057023440246
663	0.00301354351433
662	0.0129203810518
660	0.00244181014923
692	0.00726890504987
693	0.0017883107895
696	0.000593057317575
697	0.00179000316668
695	0.00244345417277
698	0.0035191291085
542	0.00119597877643
543	0.000601857678912
540	0.012963125664
541	0.0055057381499
546	0.00289981576782
547	0.00180562139037
544	0.00121962370332
8	0.000596683840104
994	0.00118297164896
997	0.00059987517993
996	0.001667716827
991	0.00120004048166
990	0.000605290786906
120	0.00296591518511
124	0.000599730119029
125	0.00122600638297
126	0.00238417261783
415	0.00299898907058
416	0.00596137444044
410	0.0017794137209
920	0.000603453348825
921	0.00164721488631
923	0.00412383965181
418	0.00285847341099
925	0.00118398707527
926	0.00174155282569
927	0.00957358429388
319	0.00113108819998
318	0.00169716418994
313	0.00178226658529
311	0.00297133079209
316	0.00119119176669
833	0.00176524610622
830	0.000604613836034
836	0.00058701311336
837	0.000552053436181
838	0.00123001973457
369	0.00238252859428
364	0.00235873860649
365	0.00116812708341
362	0.00899324398197
360	0.00603608080454
361	0.00118113421088
380	0.000586964759727
381	0.00283613403221
383	0.0011801671382
388	0.00121880169155
787	0.000596732193738
782	0.000601906032546
783	0.0016429114129
788	0.000598134449116
789	0.00117291409315
572	0.00180233334328
577	0.00113268386989
576	0.00164329824197
575	0.00235399995039
60	0.000617330841703
61	0.00359697845879
62	0.00119854151902
64	0.000609449199406
65	0.00481805277113
67	0.00306697427959
68	0.00118176280812
253	0.000604565482401
250	0.00177365963848
251	0.000585997687052
256	0.00238006255897
499	0.00056322312557
731	0.00241033193367
732	0.000586529577023
737	0.00169411791101
509	0.000612011941994
506	0.00330032891592
738	0.0203313974311
505	0.000610754747517
502	0.00177622238107
500	0.0017632152536
630	0.00243320320242
631	0.00362115527565
633	0.00120042731073
469	0.00244408277001
468	0.000565785868157
638	0.00121473998631
464	0.00113872807411
466	0.00124056082672
462	0.00714033273781
168	0.00529457783144
165	0.00302587369093
166	0.00177046829866
167	0.00302901667712
160	0.00296891311041
161	0.000590687989523
966	0.00232958136536
963	0.000602002739814
969	0.000569170622518
409	0.000599971887197
872	0.000585465797081
873	0.00117596037207
870	0.00181456681261
871	0.000609304138505
890	0.00237459859835
891	0.00302539015459
894	0.000595523352895
897	0.000553649106094
439	0.000587448296064
437	0.000553552398826
356	0.0047600767643
809	0.00120260322425
808	0.000561965931093
353	0.000603840177895
803	0.00121150029285
802	0.000608917309435
216	0.00115304074969
214	0.00419791741867
769	0.00242696558367
762	0.00236352561623
42	0.000602437922517
761	0.00108906889227
764	0.00177090348136
765	0.00535932334699
202	0.000593202378476
4	0.001809102852
281	0.00059402439025
280	0.00900509062224
679	0.000572652084146
674	0.00180658846305
670	0.00228040571987
671	0.00120415054053
672	0.000564286905512
260	0.00177796311188
267	0.00179527371276
268	0.00119573700826
56	0.0017840073161
53	0.00241487717524
52	0.000594217804785
537	0.00111595351262
535	0.0048141361268
534	0.00365572812376
532	0.00279043984835
531	0.00118853231684
530	0.00538504748013
538	0.000599004814523
988	0.001200524018
774	0.00062028041336
980	0.00115376605419
987	0.0176941902481
984	0.00237590414647
985	0.000566269404494
114	0.00115632879678
117	0.000605290786906
116	0.00122436235942
111	0.000595233231093
113	0.000606161152313
112	0.00179300109197
118	0.000567526598971
207	0.00609671626123
429	0.0017966276145
428	0.00302089326665
918	0.00055398758153
421	0.00240380419312
423	0.0017095910738
422	0.000596393718302
424	0.00243837704123
427	0.00059325073211
912	0.00357608968903
308	0.00115676397948
301	0.000599343289959
302	0.000608288712197
303	0.00181432504444
306	0.00246903324501
847	0.000594556280221
846	0.00182167479677
844	0.0034140083088
843	0.000577100618448
840	0.00236691037059
849	0.00347967254339
377	0.000606789749552
568	0.00434046393087
569	0.013651584701
508	0.000545719110163
561	0.00302616381273
758	0.000574441168593
565	0.00346366749063
566	0.00118669487876
229	0.000605629262343
228	0.00116517751175
226	0.000565399039088
223	0.00120163615158
220	0.00480122570659
724	0.00288003913163
722	0.00119065987672
720	0.00121478833995
605	0.00120265157788
150	0.00119602713006
607	0.00361129113437
157	0.00117223714227
602	0.0017678088488
159	0.0156518778207
609	0.00179764304081
48	0.00456211698785
951	0.0047685386502
950	0.00243252625155
953	0.000602534629784
952	0.000603791824261
955	0.00413360708582
954	0.000609981089377
40	0.00181940217598
956	0.00285789316738
5	0.00225782457292
488	0.00122494260303
485	0.000589382441413
483	0.000595474999261
482	0.00118925762134
472	0.00178705359502
470	0.00118214963719
