344	0.00122068748326
0	0.00117852311466
347	0.000590446221354
343	0.00362134869019
810	0.000567526598971
817	0.000605919384145
719	0.00109520980376
718	0.00587820619045
716	0.0011708348869
713	0.00118843560957
712	0.0024421969783
710	0.000600600484436
915	0.00778991545321
299	0.00120850236756
294	0.00358102175967
295	0.000593782622081
292	0.00174725855447
293	0.00115748928399
290	0.00239998425606
291	0.00600223326094
591	0.0023804010344
590	0.000563368186471
592	0.00300614540837
199	0.00273410786506
198	0.00122953619823
597	0.000572071840541
596	0.001242108143
599	0.0011965106664
197	0.00118906420681
191	0.00239326310097
190	0.000599633411761
193	0.00415551128189
192	0.000557904225861
270	0.00166839377788
272	0.00183400497337
274	0.000599391643593
275	0.00225869493833
278	0.0024053515094
526	0.00180886108383
523	0.00123205058719
528	0.000602051093447
449	0.000585852626151
443	0.00244350252641
440	0.00112088558326
444	0.00179701444357
102	0.00121493340085
103	0.00184256356653
101	0.00171621552162
106	0.0017095910738
107	0.00228050242714
105	0.000600745545337
900	0.00124834576175
38	0.000600842252604
904	0.00116595116989
32	0.00936150525639
31	0.00180025413703
35	0.00120874413573
34	0.00180368724502
641	0.000592767195773
643	0.0016880737068
644	0.00274914584515
647	0.00122054242236
646	0.00119288414387
648	0.00239152237016
435	0.000588270307837
432	0.00115971355114
433	0.00354707750879
430	0.000621344193302
338	0.00234737550257
335	0.0136236363007
334	0.00603743470629
337	0.00183337637613
333	0.000589043965977
332	0.00115816623486
745	0.000550506119902
854	0.00239041023658
1001	0.00389788312143
857	0.00120028224983
850	0.0131924669488
851	0.00302316588744
858	0.000585562504349
859	0.00235303287772
6	0.00118084408908
98	0.000602196154348
90	0.00602694196777
95	0.00118340683166
740	0.00121739943617
742	0.00120666492948
743	0.00237943396173
558	0.00281514855518
746	0.00121986547149
747	0.000552343557983
748	0.000579760068302
749	0.00180325206232
551	0.000596248657401
550	0.00114970434896
553	0.00113606862425
552	0.00121522352265
236	0.00293023020343
231	0.00526387327403
232	0.00119051481582
233	0.00242783594908
147	0.00120797047759
142	0.00540825722432
143	0.00120724517309
141	0.00180919955927
612	0.00120801883123
614	0.000607128224988
948	0.0107720774593
947	0.00246869476957
945	0.000549393986326
942	0.00180170474604
940	0.0018136964472
688	0.000562546174698
685	0.00345699468917
684	0.00511247804685
687	0.00300396949485
686	0.000572990559582
680	0.00119259402207
682	0.00110686302948
459	0.000601325788941
133	0.000595958535599
131	0.000555051361471
137	0.00122383046945
136	0.00120303840695
135	0.00789140973039
134	0.0023922960283
495	0.000629709371935
491	0.000556405263216
493	0.00242435448745
24	0.00360133028583
25	0.000567671659872
26	0.000617959438941
28	0.000595668413796
29	0.00114627124097
407	0.000576762143012
402	0.00181945052962
401	0.00298694901578
933	0.00284817408701
936	0.00120516596684
935	0.00119346438748
379	0.00124022235128
828	0.000559983432111
371	0.000615058220918
373	0.000614913160017
372	0.000589720916849
374	0.00183618088688
377	0.000598569631819
704	0.00280755703468
700	0.001742568252
701	0.000604517128767
702	0.0027638453498
703	0.00181031169284
393	0.000603018166122
392	0.00119631725187
397	0.00122247656771
82	0.000595958535599
398	0.000616073647226
84	0.00242725570548
796	0.000591510001296
795	0.00182293199124
790	0.00118123091815
798	0.000603163227023
586	0.0023885727985
582	0.00117426799489
581	0.00301325339253
588	0.000592186952168
245	0.00236357396987
246	0.0011464646555
249	0.00353929257376
418	0.00282810732901
511	0.00232740545184
510	0.00060234121525
513	0.000601664264377
1004	0.00230820905926
1003	0.00059818280275
514	0.000597312437343
517	0.00300034297232
516	0.00110284967789
458	0.00395798668815
622	0.000615541757255
624	0.001200524018
450	0.00369726389513
629	0.0144891179906
628	0.00181132711915
454	0.00419482278611
595	0.00235898037466
175	0.00340269355851
174	0.00244147167379
173	0.00221773941057
171	0.000565592453622
170	0.00119240060753
977	0.00227963206173
976	0.00118621134242
975	0.000605242433273
971	0.000606257859581
979	0.0011050255914
978	0.012117855793
656	0.000611480052023
657	0.00220632795301
654	0.00110280132425
2	0.00234336215097
652	0.000588947258709
187	0.00245389855766
650	0.00109994845986
185	0.00410836648902
188	0.00362507191998
189	0.00936077995188
658	0.00179590230999
659	0.00182921796363
184	0.00114240295027
868	0.00118094079634
13	0.00164518403369
14	0.0022137744126
19	0.000580340311907
862	0.00119346438748
865	0.000596248657401
866	0.000580291958273
881	0.00164765006901
885	0.00297548920459
322	0.00058493390711
321	0.00169817961625
327	0.00391693445312
329	0.00118872573137
201	0.00231507527525
200	0.00181074687555
777	0.000595910181965
202	0.000598231156383
771	0.00242778759545
770	0.000603936885162
773	0.000585465797081
772	0.00361230656068
208	0.000569799219756
77	0.00178589310781
76	0.000587109820628
75	0.00360843826998
72	0.00121024309838
669	0.000563900076442
664	0.000570572877896
663	0.00302384283831
662	0.0128858565574
660	0.00244504984268
653	0.000547121365541
692	0.00725004713272
693	0.00180513785404
696	0.00059286390304
697	0.00179271097017
695	0.00242817442452
698	0.00353745513568
542	0.0012043923087
543	0.000610658040249
540	0.0130296119104
541	0.00548320535658
546	0.0028934814418
547	0.00181055346101
544	0.00120265157788
8	0.000601857678912
994	0.00117779781015
997	0.000605387494174
996	0.00165998024561
991	0.00119423804562
990	0.000607224932255
120	0.00297133079209
124	0.000604468775133
125	0.00121048486655
126	0.00236787744327
415	0.00299889236331
416	0.00595624895527
410	0.00178216987802
920	0.000598376217285
921	0.0016383178177
923	0.00410082332216
924	0.00164503897279
925	0.00117702415201
926	0.00175199721058
927	0.00955177680508
319	0.00113514990521
318	0.00172032558049
313	0.00179957718616
311	0.00299541090168
316	0.00120419889416
833	0.00178690853412
830	0.000606934810453
836	0.000585900979785
837	0.000542286002169
838	0.00123074503907
369	0.0023964544408
364	0.00234848763615
365	0.00117610543297
362	0.00900035196613
360	0.00597965211399
361	0.0011920621321
380	0.000580001836471
381	0.00284348378454
383	0.00119375450928
388	0.00121561035172
787	0.000606064445046
782	0.000588608783273
783	0.00163590013602
788	0.000600600484436
789	0.00117421964126
572	0.00181350303267
577	0.00114085563399
576	0.0016543712241
575	0.0023514372078
60	0.000606499627749
61	0.00356564530414
62	0.0012011042616
64	0.000616653890831
65	0.00479271546706
67	0.00306300928162
68	0.00119883164082
253	0.000604758896936
250	0.00178695688776
251	0.000574779644029
256	0.00238881456667
499	0.00057323232775
731	0.00241057370184
732	0.000590011038651
737	0.00169948516436
509	0.000610851454784
506	0.00330153775676
738	0.0204076994651
505	0.000596345364668
502	0.00178918115491
500	0.00179488688369
630	0.00240554492394
631	0.00360901851359
633	0.00119713926364
469	0.00242111479399
468	0.000567284830803
638	0.00120821224576
464	0.00115797282033
466	0.00123432320797
462	0.00719240960133
168	0.00528664783551
165	0.00301905582857
166	0.00179029328848
167	0.00299434712174
160	0.00301281820982
161	0.000606451274116
966	0.00233717288586
963	0.0006044204215
969	0.000574489522227
409	0.000594846402023
872	0.000590204453186
873	0.00115981025841
870	0.00181461516624
871	0.000606934810453
890	0.00238306048426
891	0.00299599114529
894	0.000595813474697
897	0.000555534897809
439	0.00058232281089
437	0.000552101789815
356	0.00474653774686
809	0.00118780701233
808	0.000565447392721
353	0.000610948162052
803	0.00119394792381
802	0.000618056146209
216	0.00116827214431
214	0.00418423334032
769	0.00244011777205
762	0.00236463774981
955	0.00411407221779
761	0.0010926954148
764	0.00177535201566
765	0.00535564847083
4	0.00180716870665
281	0.000586819698825
280	0.00902636622107
679	0.000574731290395
674	0.00179285603107
670	0.00227112182219
671	0.00120120096887
672	0.000570669585163
260	0.0017721123222
267	0.00180426748863
268	0.00121188712192
56	0.00176326360723
53	0.00241550577248
52	0.000594121097517
537	0.00113679392876
535	0.00478396345936
534	0.00363411404949
532	0.00277941521986
531	0.00119080493762
530	0.00540472740906
538	0.000599053168157
988	0.00120859907483
774	0.000620909010598
980	0.00116145428195
987	0.0176788621462
984	0.00239592255083
985	0.000576278606675
114	0.0011549265414
117	0.000592960610308
116	0.00122571626117
111	0.000594169451151
113	0.000603453348825
112	0.00180330041595
118	0.000571685011471
207	0.00608409596283
429	0.00180586315854
428	0.00299642632799
918	0.000564722088215
421	0.00240298218135
423	0.00172627307744
422	0.000590881404058
424	0.00242638534007
427	0.000592815549407
912	0.00355703835734
308	0.00115391111509
855	0.00118224634445
301	0.000604517128767
302	0.00059818280275
303	0.00182757394008
306	0.00245921745736
776	0.00179556383456
847	0.000606983164087
846	0.001809102852
844	0.00340221002217
843	0.000582274457256
840	0.00233412660693
849	0.00347116230385
823	0.000597699266412
568	0.00431333754236
569	0.0136575805515
508	0.000552101789815
561	0.00298839962479
758	0.000566898001733
565	0.00344592170705
566	0.00118887079227
229	0.00060156755711
228	0.00115255721335
226	0.000555099715105
223	0.00119380286291
220	0.00481215362781
724	0.00287022334398
722	0.0011926423757
720	0.00121473998631
605	0.00120971120841
150	0.00118998292585
607	0.00360452162565
157	0.00117426799489
602	0.00180126956334
159	0.0156045879669
609	0.00177274091944
48	0.00453832700006
951	0.00481283057869
950	0.00242440284109
953	0.000611044869319
952	0.000604662189668
42	0.000614864806383
954	0.000600600484436
40	0.00184024259212
956	0.00284145293192
5	0.00228306516972
488	0.00122595802934
485	0.000596925608273
483	0.000583531651733
482	0.00117591201844
472	0.00177641579561
470	0.00117736262745
