344	0.00122552284663
0	0.00117736262745
347	0.000584160248971
343	0.00365969312173
810	0.000571636657837
817	0.000594121097517
719	0.00109849785085
718	0.00586660131835
716	0.00116952933879
713	0.00118577615972
712	0.00243093058164
710	0.000595378291994
915	0.00783817237966
299	0.00121087169562
294	0.00356801463219
295	0.000596297011035
292	0.00177046829866
293	0.00116919086335
290	0.00239408511274
291	0.00600315197998
591	0.00237329305024
590	0.000570959706965
592	0.00298656218671
595	0.00233601239865
198	0.00124288180114
597	0.000566027636326
596	0.0012379497305
599	0.00118268152716
197	0.0011749932994
191	0.00241009016551
190	0.000600938959872
193	0.00415381890471
192	0.000556937153187
270	0.00165330744415
272	0.0018591488629
274	0.000600842252604
275	0.00229273589647
278	0.00242014772132
526	0.00180460596406
523	0.00122586132207
528	0.000604372067866
449	0.000601712618011
443	0.00245143252234
440	0.00112020863239
444	0.00180305864779
102	0.00122001053239
103	0.00181350303267
101	0.00171563527802
106	0.0016880737068
107	0.00228185632888
105	0.000610126150278
900	0.00124172131393
38	0.00059286390304
904	0.00116851391248
32	0.00938713268226
31	0.00182713875738
35	0.00121058157381
34	0.00181031169284
641	0.000582467871791
643	0.00171171863369
644	0.00273986194747
647	0.00119834810448
646	0.00120245816335
648	0.00237440518382
435	0.000592573781238
432	0.00117658896931
433	0.0035561196383
430	0.000614332916412
338	0.00235138885417
335	0.0136733921898
334	0.0060601125605
337	0.00181674272613
333	0.000593008963942
332	0.00116599952352
745	0.000552682033419
854	0.00238175493615
855	0.00118891914591
857	0.0011927874366
850	0.0131668878765
851	0.00302137680299
858	0.000582274457256
859	0.00235690116841
6	0.00118384201437
98	0.000601132374407
90	0.00600924453783
95	0.00118654981785
740	0.00122702180928
742	0.00121280584096
743	0.00237203585577
558	0.00283613403221
746	0.00120971120841
747	0.000544461915687
748	0.00057400598589
749	0.00180083438063
551	0.000592573781238
550	0.0011592300148
553	0.00113249045536
552	0.00121212889009
236	0.00292737733904
231	0.00526135888508
232	0.00119728432454
233	0.00242348412205
147	0.00118742018326
142	0.00541792795106
143	0.00120347358966
141	0.00181393821537
612	0.00120647151495
614	0.000604903957837
948	0.010848814676
947	0.00246197361449
945	0.000553697459727
942	0.00180576645127
940	0.00179348462831
517	0.00297060548759
685	0.00345273956941
684	0.00508709238915
687	0.0029932833418
686	0.000563948430076
680	0.00117354269038
682	0.00110642784678
459	0.000606547981383
133	0.000589914331384
131	0.000547169719175
137	0.00122455577396
136	0.00119307755841
135	0.00781612312269
134	0.00238277036245
495	0.00061820120711
491	0.000543736611181
493	0.00241212101812
24	0.00359596303248
25	0.000560563675716
26	0.000620086998825
28	0.000582757993593
29	0.00113055631001
407	0.000579905129204
402	0.0018303300972
401	0.00301939430401
933	0.002855040303
936	0.00121130687832
409	0.000602437922517
379	0.00123727277963
828	0.000552923801588
371	0.000607224932255
373	0.000615590110889
372	0.000584740492576
374	0.00184889789255
823	0.00059494310929
704	0.00280997471637
700	0.00175219062511
701	0.000599439997226
702	0.00275944516913
703	0.00181853181058
393	0.000595136523825
392	0.00121048486655
397	0.00121130687832
82	0.000595620060162
398	0.000615686818156
84	0.00242038948949
796	0.000588125246936
795	0.00181833839604
790	0.00117620214024
798	0.000611334991121
586	0.00239181249196
582	0.00118582451335
581	0.00301963607218
588	0.00058609439432
245	0.00237121384399
246	0.00115526501684
249	0.00353760019658
924	0.00164441037555
511	0.0023388169094
510	0.000614913160017
513	0.000589672563215
1004	0.00231700942059
1003	0.000605049018738
514	0.000606886456819
1001	0.00388284514134
516	0.00108902053864
458	0.00396664198858
622	0.000607563407691
624	0.00120357029692
450	0.0036814522569
629	0.0144454063057
628	0.00182138467497
454	0.00418462016939
199	0.00273280231695
175	0.00341608751505
174	0.00244006941841
173	0.00221435465621
171	0.000567188123535
170	0.00117552518937
977	0.0022718471267
976	0.00119834810448
975	0.000610658040249
971	0.000608820602168
979	0.00110183425158
978	0.0120852170902
656	0.000604468775133
657	0.00219375600824
654	0.00110454205507
2	0.00232073265039
652	0.00059402439025
187	0.0024516742905
184	0.00116865897338
185	0.00411025228073
188	0.00362715112623
189	0.00938292591613
658	0.00182331882031
659	0.00182370564938
650	0.0011086037603
868	0.00119046646219
13	0.00164387848558
14	0.00218877558397
19	0.000586722991558
862	0.00119941188442
865	0.000603743470627
866	0.000574102693157
881	0.00162937239546
885	0.00295576092203
322	0.000580195251006
321	0.00171655399706
327	0.00391374311329
329	0.00119887999445
688	0.000568638732547
201	0.00232281185664
200	0.00180533126857
777	0.000593927682982
776	0.00180731376755
771	0.00243499228687
770	0.000594701341122
207	0.00606731725193
772	0.00357043231388
208	0.000565930929058
77	0.00179034164212
76	0.000577439093884
75	0.00359388382623
72	0.0012132893773
669	0.000577197325715
664	0.000566801294465
663	0.00300982028453
662	0.0129132730677
660	0.00244350252641
653	0.000540641978623
692	0.00722814293665
693	0.00178207317075
696	0.000592622134872
697	0.0017755454302
695	0.00243871551667
698	0.00350752423641
542	0.00119878328719
543	0.000594894755657
540	0.012931454034
541	0.0055097515015
546	0.00290063777959
547	0.0018293146709
544	0.00123084174634
8	0.000619168279784
994	0.00116421043908
997	0.000600745545337
996	0.0016720203004
991	0.00118272988079
990	0.000595958535599
120	0.00297785853264
124	0.000587303235163
125	0.00120729352672
126	0.00237106878309
415	0.00299657138889
416	0.00596079419684
410	0.00178004231813
920	0.000598424570918
921	0.00165359756596
923	0.0041523682957
418	0.00285818328919
925	0.00118727512236
926	0.00174914434619
927	0.00956410698168
319	0.00112784850652
318	0.00171370113267
313	0.00179266261654
311	0.00296978347581
316	0.00119786456815
833	0.00178318530433
830	0.000599826826296
836	0.000586336162488
837	0.00055567995871
838	0.00121904345971
369	0.00239152237016
364	0.00234481275998
365	0.00116300159823
362	0.00902622116017
360	0.00603840177896
361	0.00119124012033
380	0.000584063541703
381	0.00280895929006
383	0.00118437390434
388	0.00120521432047
787	0.000603163227023
782	0.000585949333419
783	0.00165287226145
788	0.000610899808418
789	0.00117378445855
572	0.00179952883252
577	0.00113587520972
576	0.0016585296366
575	0.00237213256304
60	0.000613365843738
61	0.00358605053757
62	0.00120632645405
64	0.000604758896936
65	0.00480093558479
67	0.00306310598889
68	0.00117837805376
253	0.000604613836034
250	0.0017629251318
251	0.000583918480802
256	0.00237909548629
499	0.000568783793448
731	0.00238233517975
732	0.000587254881529
737	0.00168343175796
509	0.000602196154348
506	0.00328688660575
738	0.020389228377
505	0.000617089073534
502	0.00176824403151
500	0.00177738286828
630	0.00244064966202
631	0.00362226740923
633	0.00119960529896
469	0.00244340581914
468	0.000567961781675
638	0.00118901585317
464	0.00113969514678
466	0.00123828820594
462	0.00718883143243
168	0.005330939764
165	0.00301397869703
166	0.00175910519473
167	0.00300648388381
160	0.00297689145997
161	0.000596200303767
966	0.00234993824516
963	0.000614139501877
969	0.000576713789378
935	0.00118103750361
872	0.000595088170192
873	0.00117426799489
870	0.00180368724502
871	0.000607756822226
890	0.00236381573804
891	0.00304197545096
894	0.000607079871354
897	0.000560370261181
439	0.000589575855948
437	0.000544558622954
356	0.00476699133392
809	0.00120589127134
808	0.000559693310309
353	0.000605145726005
803	0.00120492419867
802	0.000616944012633
216	0.0011718503132
214	0.00420173735573
769	0.00242483802379
762	0.00236579823702
955	0.00412935196605
761	0.0011083136385
764	0.00176074921828
765	0.00535724414074
202	0.00061196358836
4	0.00181176230186
281	0.000593492500279
280	0.00899909477165
679	0.000560515322082
674	0.0017961924318
670	0.00226802718964
671	0.00120946944024
672	0.000577245679349
260	0.00176660000796
267	0.00181089193645
268	0.00120647151495
56	0.00179198566566
53	0.00242638534007
52	0.000589334087779
537	0.0011167755244
535	0.00477709724337
534	0.00365896781722
532	0.00279890173425
531	0.00120047566437
530	0.00540530765266
538	0.000588125246936
988	0.00122010723966
774	0.000625502605801
980	0.0011504780071
987	0.0176839876313
984	0.00237213256304
985	0.000568348610744
114	0.00116972275332
117	0.000600068594465
116	0.00122237986044
111	0.000603211580657
113	0.000600020240831
112	0.00179053505665
118	0.000561337333855
773	0.000584256956238
429	0.00179890023529
428	0.00304830977697
918	0.000568783793448
421	0.00241860040504
423	0.00171012296378
422	0.000603888531529
424	0.00241821357597
427	0.000601035667139
912	0.00356090664804
308	0.00113089478544
301	0.000603066519755
302	0.000604323714232
303	0.00181393821537
306	0.00246289233353
847	0.000616992366267
846	0.0018126810209
844	0.00340075941316
843	0.000586771345192
840	0.00234824586798
849	0.00344640524339
377	0.000590059392285
568	0.00431420790776
569	0.0136624159149
508	0.000549345632692
561	0.00302118338846
758	0.000569267329785
565	0.00344592170705
566	0.00120826059939
229	0.000603356641558
228	0.00115787611306
226	0.000563851722808
223	0.00120545608864
220	0.00480412692462
724	0.00287573565823
722	0.00117639555477
720	0.00122305681131
605	0.00119090164489
150	0.00119225554663
607	0.00360664918554
157	0.00117890994373
602	0.00178584475418
159	0.0156351958171
609	0.00177728616101
48	0.00456642046125
951	0.00480267631561
950	0.00239988754879
953	0.000613414197371
952	0.000602631337052
42	0.000609207431238
954	0.000612785600133
40	0.00182177150404
956	0.00283241080241
5	0.00228098596347
488	0.00123732113326
485	0.000605822676877
483	0.000601519203476
482	0.00116314665913
472	0.00178560298601
470	0.00119051481582
