344	0.00123214729445
0	0.00118152103995
347	0.000578841349262
343	0.0036232344819
810	0.000571685011471
817	0.000602002739814
719	0.00109941656989
718	0.00587143668172
716	0.00118785536597
713	0.00119065987672
712	0.00240989675097
710	0.000591364940395
915	0.00779533106019
299	0.00121246736553
294	0.00357821724891
295	0.000598617985453
292	0.00174919269982
293	0.00117596037207
290	0.00239572913629
291	0.00598632491544
591	0.00240230523048
590	0.000572700437779
592	0.00297950255619
595	0.00237387329385
198	0.00123229235535
597	0.000583918480802
596	0.00123026150274
599	0.00118940268224
197	0.00117426799489
191	0.00238852444487
190	0.000598617985453
193	0.00414221403262
192	0.000550070937198
270	0.00165412945593
272	0.00185668282758
274	0.000595620060162
275	0.00226904261594
278	0.00240254699864
526	0.0017967726754
523	0.00124322027657
528	0.000618152853476
449	0.000596151950133
443	0.00244442124545
440	0.00113273222352
444	0.00179522535912
102	0.00122015559329
103	0.00182568814837
101	0.0017095910738
106	0.00168473730607
107	0.00228741699676
105	0.000598714692721
900	0.00123026150274
38	0.000608143651296
904	0.0011717052523
32	0.00935729849025
31	0.00181461516624
35	0.00121009803748
34	0.00178275012162
641	0.000592573781238
643	0.0017049974786
644	0.00274005536201
647	0.00121188712192
439	0.000585949333419
648	0.00239389169821
435	0.000595039816558
432	0.00118036055274
433	0.00355326677391
430	0.000613462551005
338	0.00234626336899
335	0.013661738964
334	0.00603139050207
337	0.00183371485156
333	0.000588221954203
332	0.00114718996001
745	0.000543156367576
854	0.00239007176115
855	0.00118413213617
857	0.00121092004925
850	0.0131669845838
851	0.00302582533729
858	0.000576810496645
859	0.00235419336493
6	0.0011749932994
98	0.000599971887197
90	0.00602205825076
95	0.0011840354289
740	0.00121797967977
742	0.00120710011219
743	0.0023637673844
558	0.00282477092829
746	0.00119699420274
747	0.000544461915687
748	0.000589237380511
749	0.0018179999206
551	0.000602728044319
550	0.00114820538631
553	0.00113872807411
552	0.00120729352672
236	0.00291180746898
231	0.005247771514
232	0.00117663732294
233	0.00243455710417
147	0.00118553439155
142	0.00543867165993
143	0.00120415054053
141	0.00181427669081
612	0.00122204138501
614	0.000602582983418
948	0.0107661299623
947	0.00247531921739
945	0.000545235573826
942	0.0018050895004
940	0.00180325206232
517	0.00299246133003
685	0.00344606676795
684	0.00510029293115
687	0.00299376687814
686	0.000560563675716
680	0.00120033060346
682	0.00109303389024
622	0.00060364676336
133	0.000591074818593
131	0.000556743738652
137	0.00120710011219
136	0.00120173285884
135	0.00783667341702
134	0.00240356242495
495	0.000618152853476
491	0.000543108013943
493	0.00241400680984
24	0.00361544954687
25	0.000567284830803
26	0.000622069497807
28	0.000592428720337
29	0.00113674557512
407	0.000585755918884
402	0.00181485693441
401	0.00297872889805
933	0.00285827999645
936	0.00119515676466
409	0.000595136523825
379	0.00122218644591
828	0.000547943377315
371	0.000614187855511
373	0.0006295159574
372	0.000590929757692
374	0.00183424674153
377	0.000591896830366
704	0.00281659916419
700	0.00174358367831
701	0.000608675541267
702	0.0027681488232
703	0.00182051430956
393	0.000614091148244
392	0.00118248811262
397	0.00123089009998
82	0.000600020240831
398	0.000612592185598
84	0.00241511894341
796	0.000596248657401
795	0.00183168399895
790	0.00116856226611
798	0.00060741834679
586	0.00237909548629
582	0.00118766195143
581	0.00300953016273
588	0.000583628359
245	0.00237295457481
246	0.00114743172818
249	0.00354485324164
924	0.00163517483151
511	0.00234563477176
510	0.000613172429203
513	0.000603404995191
1004	0.00229786138164
1003	0.000591413294029
514	0.000599246582691
1001	0.00386210143248
516	0.00108868206321
458	0.00395474699469
459	0.000601325788941
624	0.00119820304358
450	0.00366119208437
629	0.0144324475319
628	0.00181509870258
454	0.00419196992172
199	0.00273923335024
175	0.00340549806926
174	0.00245143252234
173	0.00219041960752
171	0.000574489522227
170	0.00117247891044
977	0.00227590883193
976	0.00119443146015
975	0.000615976939959
971	0.000596055242866
979	0.00110338156786
978	0.012134489443
656	0.000616605537197
657	0.00218587436595
654	0.00108969748951
2	0.00233514203324
652	0.000582903054494
187	0.00243426698237
184	0.00116948098515
185	0.00412219562826
188	0.00362797313801
189	0.00937871914999
658	0.00180929626654
659	0.00184116131116
650	0.00110787845579
868	0.00117218878864
13	0.00166965097235
14	0.00221256557176
19	0.00058193598182
862	0.00119438310652
865	0.000602534629784
866	0.000595668413796
881	0.0016345945879
885	0.00299096236738
322	0.000581742567285
321	0.00169755101901
327	0.00390842421358
329	0.00118640475695
688	0.000570669585163
201	0.00231285100809
200	0.00180813577933
777	0.000583048115395
776	0.00179314615287
771	0.00244766093891
770	0.000604178653331
207	0.00607573078419
772	0.0035607132335
208	0.000559886724843
77	0.00177293433398
76	0.00058401518807
75	0.00359867083597
72	0.00119767115361
669	0.000571636657837
664	0.000566994709
663	0.00302040973032
662	0.0129197524546
660	0.00244422783091
653	0.00054905551089
692	0.00728326607909
693	0.00177549707657
696	0.000590542928622
697	0.00177486847933
695	0.00245075557146
698	0.00354195202362
542	0.00118988621858
543	0.000593685914814
540	0.012943058906
541	0.00552585326153
546	0.00291229100532
547	0.00181127876552
544	0.00121082334198
8	0.000612737246499
994	0.00118171445448
997	0.000593299085744
996	0.00168430212337
991	0.00118722676873
990	0.000598859753622
120	0.00296509317334
124	0.00059155835493
125	0.00122610309024
126	0.00237430847655
415	0.00299120413555
416	0.00597655748143
410	0.00177559378383
920	0.000599198229058
921	0.00163957501218
923	0.00412432318814
418	0.00284638500256
925	0.0011884839632
926	0.00172264655491
927	0.00958223959432
319	0.00113679392876
318	0.00172772368645
313	0.0018012212097
311	0.00296112817538
316	0.00121072663471
833	0.0017842974379
830	0.00061534834272
836	0.000585272382546
837	0.0005418991731
838	0.00121053322018
369	0.00238451109327
364	0.00234955141609
365	0.00117354269038
362	0.00899817605261
360	0.00603139050207
361	0.00118069902817
380	0.000582951408128
381	0.00284870597698
383	0.00120260322425
388	0.00122968125913
787	0.000600068594465
782	0.000589237380511
783	0.00165234037148
788	0.000611528405656
789	0.00118321341713
572	0.00178154128078
577	0.00112518905666
576	0.0016629781709
575	0.00235820671652
60	0.000614719745482
61	0.00357280164193
62	0.00120337688239
64	0.000611480052023
65	0.00480683472811
67	0.00302273070474
68	0.00117808793195
253	0.000596828901005
250	0.00178748877773
251	0.000580630433709
256	0.00238228682612
499	0.000566801294465
731	0.00239572913629
732	0.000590784696791
737	0.00169397285011
509	0.000613220782837
506	0.00329897501418
738	0.0203583787587
505	0.000615493403621
502	0.00179222743383
500	0.00175223897875
630	0.00241100888455
631	0.0036144824742
633	0.00120284499242
469	0.00242319400024
468	0.000567429891704
638	0.00121087169562
464	0.00113606862425
466	0.00123243741625
462	0.00718157838738
168	0.00533490476196
165	0.00302456814282
166	0.00179527371276
167	0.00300585528657
160	0.00298989858744
161	0.000603888531529
966	0.00232933959719
963	0.000607224932255
969	0.000566607879931
935	0.0011916269494
872	0.000591026464959
873	0.00117992537003
870	0.00181887028601
871	0.000608240358563
890	0.00238035268077
891	0.00302950021346
894	0.00060195438618
897	0.000559693310309
646	0.00120153944431
437	0.000547556548245
356	0.00477226188
809	0.00119394792381
808	0.000576278606675
353	0.000608627187633
803	0.00120603633224
802	0.00061950675522
216	0.00117078653326
214	0.00419844930864
769	0.00243784515126
762	0.00236260689719
42	0.000607224932255
761	0.00108887547774
764	0.00176026568194
765	0.00534133579525
202	0.000606064445046
4	0.00180973144924
281	0.000592718842139
280	0.00903313572979
679	0.000564045137343
674	0.00180073767337
670	0.0022889159594
671	0.00120772870942
672	0.000558194347663
260	0.00177893018456
267	0.00179657926087
268	0.00119892834809
56	0.00177912359909
53	0.00240027437786
52	0.000599633411761
537	0.00114085563399
535	0.00479522985601
534	0.00365669519644
532	0.00278265491332
531	0.00118906420681
530	0.00541613886661
538	0.000596925608273
988	0.00120236145608
774	0.000624100350424
980	0.00115976190477
987	0.0177506672922
984	0.00238494627597
985	0.00056191757746
114	0.00116643470623
117	0.000602196154348
116	0.00122465248123
111	0.000589334087779
113	0.000587206527895
112	0.0018053796222
118	0.000568542025279
773	0.000601325788941
429	0.00179875517438
428	0.00301518753788
918	0.000560466968448
421	0.00243271966609
423	0.00170233802875
422	0.000605049018738
424	0.00243242954428
427	0.000596538779203
912	0.00358600218394
308	0.00115188026248
301	0.000614719745482
302	0.000596442071936
303	0.00181543717802
306	0.00244456630635
847	0.00061027121118
846	0.00183884033674
844	0.00340298368031
843	0.000590591282256
840	0.0023474238562
849	0.00349253460996
823	0.000598472924552
568	0.00430458553465
569	0.0136907511443
508	0.000545622402896
561	0.00301247973439
758	0.000563271479204
565	0.00345718810371
566	0.00121473998631
229	0.000605677615976
228	0.00115279898152
226	0.000560998858419
223	0.00119167530303
220	0.00481394271226
724	0.00289773656157
722	0.00119791292178
720	0.0012259096757
605	0.00120168450521
150	0.00118302000259
607	0.00358140858873
157	0.00116977110695
602	0.00178062256174
159	0.0155977217509
609	0.00180499279313
48	0.00455496065006
951	0.00477932151052
950	0.0024265787546
953	0.000601132374407
952	0.000604372067866
955	0.00412209892099
954	0.000596248657401
40	0.00181490528805
956	0.00285692609471
5	0.00226633481246
488	0.00124157625303
485	0.000589382441413
483	0.000593976036616
482	0.00118601792788
472	0.00178328201159
470	0.00118567945245
