344	0.00205203482958
0	0.00150310662367
347	0.00204733981938
343	0.00351580326304
810	0.0
812	0.00255677350444
813	0.00204961359519
814	0.0005226231439
349	0.00100170222254
719	0.000491561795596
718	0.00611636755964
716	0.00102050554019
715	0.00153551824141
713	0.000515194619637
710	0.000504571813116
915	0.00666283540819
299	0.000503023742281
294	0.00470021295043
295	0.000504571813116
292	0.000503337298834
293	0.00152210114372
290	0.00103071923125
291	0.00154687774828
591	0.00254670724237
590	0.00102358425127
592	0.000515194619637
595	0.00204036187344
599	0.00251872061888
197	0.00052021252652
191	0.00102234105111
190	0.00357945991857
193	0.00204919331363
192	0.000992299092352
270	0.000497458721841
272	0.00153500639842
274	0.00153653002375
275	0.00197670875437
277	0.00153547175396
278	0.00102820652642
526	0.00152915557896
527	0.00102131577806
522	0.00153086297618
528	0.00252792493342
443	0.0015341936536
441	0.0
447	0.00104617389346
445	0.00203645896849
444	0.00150859307379
102	0.000503108196107
103	0.00199392802534
101	0.00199611894223
106	0.000998914954711
107	0.0020279194723
104	0.00365442624153
105	0.000494094987399
900	0.00153500639842
38	0.00305820367836
32	0.00353251109249
31	0.000512261895654
30	0.000522119782424
35	0.000509238151186
641	0.000992988194068
644	0.00295941520119
647	0.000509238151186
439	0.00155930148036
649	0.00100527055496
648	0.00207276654008
435	0.00104216684474
432	0.000996217215143
433	0.00299116358264
339	0.000504571813116
338	0.00149219783612
335	0.000995586085957
334	0.00357475708741
337	0.00254503801689
333	0.00100834751468
332	0.00312225605261
745	0.000984615684224
854	0.00254276458188
818	0.00155109661546
857	0.00154156641915
850	0.000506206222481
851	0.00356076371073
6	0.00100084944054
99	0.000504571813116
98	0.00617748322069
91	0.00104814737673
90	0.00556933824678
93	0.0
95	0.0004955579084
815	0.0004965049719
740	0.000498916013247
742	0.010701465237
743	0.00050427120142
559	0.0
558	0.00304368802826
746	0.0183767318817
748	0.00153547175396
550	0.00205193770924
553	0.00049439103489
552	0.00253718096328
239	0.00100724719218
235	0.000513232953624
236	0.000506866976805
231	0.003497644864
232	0.00311958074156
233	0.000510673827624
147	0.00767638689677
618	0.000503114465355
142	0.00255995148986
143	0.00305809737456
141	0.00100758355042
617	0.00156229883532
614	0.00101421392406
149	0.000995479828187
951	0.00655478715335
1004	0.000496444907117
948	0.00104033070813
949	0.00104088456723
946	0.00155452040141
947	0.0
943	0.00350594310605
940	0.000513011906782
688	0.000496277627421
685	0.00152796767792
684	0.00303255910767
687	0.00255635673596
1000	0.00103035274658
680	0.00101854400822
133	0.000520105221456
136	0.00256929025122
135	0.00714379271016
134	0.00205729298634
139	0.00100527055496
138	0.000502547679371
491	0.000495408928493
493	0.00254672710496
24	0.00254584444877
28	0.0004955579084
29	0.000496277627421
405	0.000510451928273
404	0.00101267321268
402	0.000498826425221
401	0.00205913964393
933	0.00153546298826
931	0.00102358425127
936	0.000511763923123
409	0.000504571813116
934	0.000502425939559
378	0.000496988724969
828	0.000491561795596
371	0.00152678518706
373	0.000511512175168
372	0.00201096998512
976	0.00200783735253
377	0.00202604239796
704	0.00302753249696
706	0.000501247233393
707	0.000515194619637
700	0.00304827389817
702	0.00098784190499
703	0.000514493556044
392	0.000523113064238
391	0.00203971329182
396	0.000483662274992
82	0.00152770895222
181	0.0015270949613
399	0.00150304568225
86	0.000511646997527
795	0.00203883048189
792	0.000503550849725
791	0.000503707879164
790	0.00410421388869
799	0.000489636995203
798	0.00050974142109
586	0.00779085739305
587	0.00258134239442
582	0.00198877864894
580	0.00102019803845
581	0.00102018231012
589	0.000505426940736
245	0.00249514673085
246	0.00150675855635
241	0.000509238151186
249	0.000504571813116
248	0.000510641667575
924	0.000991499586529
510	0.00502478813186
513	0.000488586623442
512	0.000503420301912
514	0.00348289882639
1001	0.00198299249261
516	0.00195486802549
458	0.00102279039003
622	0.000503108196107
626	0.000503550849725
624	0.000503550849725
450	0.004099283228
629	0.0101837536595
628	0.00101980642178
454	0.00257740399069
457	0.000506481815823
178	0.0141324402777
199	0.000988682237987
175	0.00296838870264
171	0.00102358425127
977	0.00795271829729
517	0.00721460210303
972	0.00102358425127
971	0.00051445631636
978	0.00102176737844
656	0.00102075032635
657	0.00150113751094
180	0.0
2	0.00256440403021
186	0.00103575683031
650	0.00197175589942
185	0.00101493498849
188	0.00152096862795
189	0.00248999875604
658	0.00101841501447
659	0.00101328123157
184	0.0010028366997
11	0.00051553762251
868	0.00411794611859
13	0.000995601949899
15	0.00152879562142
14	0.000991351370054
16	0.00149074991072
19	0.000503980796159
860	0.000509009116758
863	0.00906758121722
862	0.00302353320127
866	0.0010232832599
883	0.00151912411724
881	0.0
886	0.000499403010772
885	0.00052327340726
752	0.0
889	0.000520331621355
929	0.00251422890258
809	0.0004955579084
322	0.00100202420935
323	0.00050216235885
321	0.00201413013153
326	0.000516858605485
327	0.00592633812191
324	0.00052021252652
329	0.000503550849725
759	0.00104417311634
775	0.000510641667575
200	0.00205639891193
777	0.0004965049719
758	0.00201725287031
771	0.00253848397402
770	0.000511411332311
207	0.00305950584377
206	0.000503108196107
779	0.00149501109918
76	0.0004965049719
75	0.0030604113123
74	0.00365467592036
73	0.000502008496221
70	0.00101054291792
78	0.00100861196742
686	0.00102358425127
669	0.000508029687367
668	0.00255968058843
663	0.00250441936481
662	0.00256125487587
660	0.000525227703312
692	0.00306286040524
693	0.00201619717319
696	0.00255192027044
697	0.00199998075852
695	0.000504040154303
698	0.0004955579084
542	0.00201821610961
543	0.000514555049849
540	0.00547779934171
541	0.00148518720989
546	0.00151989609286
547	0.00152524908568
544	0.000510241917388
995	0.000509730381847
994	0.00349823889918
996	0.00346842889612
991	0.000504571813116
990	0.00152889894477
993	0.000503550849725
998	0.000513261563291
120	0.00102980124715
122	0.0004965049719
125	0.000503108196107
126	0.00415600386555
127	0.00153191936695
414	0.000508606981435
415	0.00462270337673
416	0.0082962814235
410	0.0114333522398
920	0.00204245192814
921	0.0014974658858
922	0.000505426940736
923	0.00411342383497
418	0.00197931406766
925	0.000995125705661
926	0.00307108183978
499	0.00504276439033
319	0.0015174250441
318	0.000503923883343
313	0.0036481885558
311	0.00149867655539
310	0.0030098049964
316	0.00307760173336
314	0.00151067733322
832	0.00402605258899
833	0.00102631784662
837	0.00147785919582
834	0.000510641667575
835	0.000512724852718
838	0.00102605051399
368	0.000501247233393
369	0.00147681783474
364	0.000496596251424
365	0.00102032901686
362	0.00355091549476
360	0.00101841501447
361	0.0004955579084
381	0.0014993861603
383	0.00202382146151
388	0.00305102622704
784	0.0015293277503
780	0.00149527719127
782	0.0057063633109
783	0.00196304539954
788	0.0010095169156
789	0.0004955579084
151	0.000517707324469
572	0.00101130578772
577	0.00972235613443
153	0.00198183288278
61	0.00458756693893
62	0.00343380515729
66	0.0
67	0.00408741898206
68	0.0004955579084
69	0.000501922081221
250	0.00199934071932
251	0.0009920628803
253	0.00155126349072
255	0.000511763923123
157	0.0010224055907
939	0.00150984908848
731	0.00255230494776
732	0.000500973552996
737	0.000493053888628
506	0.00596267330565
738	0.00492433863633
505	0.00050912244705
502	0.0081016740481
503	0.00100627969764
500	0.00208653445123
630	0.005095307735
631	0.00101841501447
633	0.00154286735253
634	0.00101314235527
468	0.000506866976805
465	0.000511597832195
466	0.000510244397207
462	0.00103009290936
168	0.00623152765702
164	0.000998696169184
165	0.00409654835341
166	0.000523113064238
167	0.00152505745622
160	0.00101841501447
163	0.000978465195734
963	0.000511024075142
969	0.000993903628959
935	0.00514077314411
909	0.0010091348199
879	0.000500487133758
874	0.0029876350527
872	0.0004955579084
873	0.00149037265604
870	0.00102131577806
890	0.00151698729575
891	0.00508635437456
894	0.000509552663456
438	0.000517696793595
896	0.000508029687367
897	0.000493053888628
899	0.000497093147999
646	0.00146865466653
356	0.00930327257212
355	0.00153546359099
353	0.00153007508716
803	0.000506633268298
802	0.000512724852718
800	0.000489636995203
807	0.000504040154303
216	0.00151360859694
214	0.00871588270183
769	0.00203830615523
762	0.00207986250542
955	0.000992988194068
761	0.000969922062351
767	0.00100107678502
764	0.0024923912911
765	0.000507239859966
956	0.00202962678927
288	0.00509442115633
281	0.000509238151186
280	0.0193507308053
285	0.00102358425127
284	0.000508879848159
679	0.000503923883343
670	0.0014853203549
672	0.00201500437078
267	0.00415287571135
266	0.00155412572242
268	0.00154577399967
58	0.00102743821469
56	0.000990373672232
50	0.0
53	0.00356471819874
52	0.00156008265192
535	0.00100195069014
534	0.0085574563829
532	0.000981628054927
531	0.0004955579084
530	0.00254721632693
538	0.00151810489926
774	0.0
980	0.00153132784104
987	0.0143902134204
984	0.00417520065793
114	0.00051044663019
117	0.00103089170302
776	0.000510641667575
111	0.00155553216546
112	0.00207229243557
119	0.00102500500008
118	0.00250666236797
773	0.000509436972593
256	0.00312053870039
772	0.00514719114065
429	0.00257644339128
918	0.00100788884375
421	0.00203800710278
423	0.00400318891309
422	0.00305319653609
425	0.00363121114967
424	0.00203882723421
913	0.00146933881989
912	0.00519596557953
855	0.00202596600223
301	0.000509337991093
304	0.0
306	0.00254263134427
846	0.00356746615958
844	0.00252068250886
843	0.000510835097979
841	0.00153763504957
840	0.0014964932201
849	0.0019760088116
823	0.000486371641817
568	0.00102015325661
569	0.000504571813116
750	0.0015275692396
754	0.000496318103693
561	0.0025485217493
562	0.000503108196107
563	0.00050980684576
565	0.00302157840126
566	0.00103290632383
739	0.00102044851333
229	0.00152777331628
228	0.00201823967408
227	0.0
226	0.000506206222481
224	0.000500467341337
223	0.000510641667575
220	0.00153361025604
727	0.0
724	0.00254067654697
723	0.00150916488273
720	0.00358396958368
721	0.00104429458982
605	0.0010108650393
150	0.00153654160951
607	0.00813319116738
603	0.00150642133235
602	0.00104065805896
159	0.00461753003427
609	0.00102165654362
83	0.00101000839398
469	0.00101016080105
48	0.00303229838423
46	0.0020044350752
950	0.000993433632086
953	0.000509238151186
952	0.0025710330582
42	0.00151147677744
954	0.00101789871792
40	0.00051403176798
41	0.00200998751386
638	0.00305433286614
5	0.00248034760112
489	0.000503108196107
487	0.000503108196107
485	0.00097488271497
484	0.00152785198706
483	0.000519543700839
482	0.00148653357484
481	0.000503191426101
480	0.0004955579084
472	0.00364070930947
470	0.000504571813116
477	0.000503108196107
474	0.0015138783771
478	0.00155345362391
479	0.000508029687367
