344	0.0020245745437
819	0.000675098310167
347	0.00132827618835
343	0.000666614509817
812	0.00136344551488
817	0.00135315873398
719	0.00432514985083
718	0.0105022816452
716	0.00065605535527
715	0.000649887781962
713	0.00201815729755
712	0.00206281140529
710	0.000619090710966
915	0.00936410097961
299	0.00129259962309
294	0.00271681767608
293	0.000653296996365
290	0.00474562800556
291	0.00201417190595
591	0.00335236684676
590	0.000684463240443
592	0.0074192529685
199	0.00123332487782
596	0.000696022760874
599	0.000665743336557
197	0.00123069762291
196	0.00328059245916
190	0.0033651073162
193	0.00268560949785
270	0.00184796573285
272	0.00277662855323
274	0.00134213516349
275	0.00122737320866
278	0.00268059789648
524	0.000669682229779
526	0.00337159083951
523	0.000664741036299
528	0.000639905196363
449	0.000670871969286
448	0.000684320099659
443	0.00755688844519
440	0.00062874713156
447	0.00272106142411
444	0.0
102	0.000669682229779
101	0.0025310547911
107	0.00259760761583
104	0.00270987016091
105	0.0
900	0.000695903256882
38	0.00269700910628
32	0.00728716124384
31	0.00134416351489
30	0.00339430517292
35	0.000673136433172
34	0.000613807758561
643	0.00136207766095
644	0.00185310388069
647	0.00202318954474
439	0.000683248399667
649	0.000624646644666
437	0.00184697397625
435	0.00136993991282
433	0.000675596378935
338	0.00269986855201
335	0.000612846397626
334	0.00537691201448
337	0.00501368754065
333	0.00187767853302
332	0.000685619813159
745	0.00123332487782
855	0.00307859143779
857	0.00134965319028
850	0.00322372600876
851	0.00734379781748
853	0.00133765659253
6	0.000648189278382
98	0.00871571335506
91	0.00135650887324
90	0.0132887524044
97	0.00062342798119
740	0.00190561483949
742	0.00749551133957
743	0.00205398981592
558	0.00204151222779
746	0.002687348319
747	0.00123332487782
748	0.0
557	0.000681349825027
551	0.000675024229656
553	0.00126843930863
552	0.00134862982077
239	0.00136884617601
235	0.00067111291857
231	0.00250258902205
232	0.000681349825027
233	0.0103946487741
146	0.00067861428724
147	0.0006734607471
142	0.00269414055645
143	0.000662412612814
141	0.000673136433172
612	0.000669651264926
617	0.00265755921965
614	0.0013518793293
1004	0.00245556398992
948	0.00135324874757
947	0.00137417319828
945	0.000616597350555
940	0.000681509784218
685	0.00135829169428
684	0.00204630508686
687	0.00335763064585
686	0.000612155320236
681	0.00065605535527
680	0.00329782629661
682	0.00307077174387
133	0.00136623940404
132	0.0
131	0.00123332487782
137	0.00137992405822
136	0.00202524678648
135	0.000650863186195
134	0.00270022624828
139	0.000669682229779
497	0.00122047775267
491	0.000600698749798
493	0.000676615280899
24	0.00405093391595
927	0.00203494615392
29	0.00133976526596
406	0.000661685114851
405	0.0
401	0.00335605793559
400	0.000694666784729
933	0.00132827618835
936	0.00125110345654
935	0.0013368747142
379	0.00139682077549
828	0.0
371	0.00128247293215
372	0.000680174195871
377	0.00384535276001
822	0.000624646644666
708	0.00065605535527
704	0.00205752870431
706	0.000671886319453
707	0.000670871969286
700	0.00475957378488
702	0.00189806591412
703	0.00204466509452
82	0.0
398	0.000696022760874
86	0.00207705297105
84	0.000671158504763
795	0.00134752783451
790	0.00409004807954
607	0.014056437233
586	0.0162570560315
587	0.00131913131732
584	0.000662007316406
585	0.00261259998551
582	0.0
245	0.00120634034843
246	0.00123509423947
241	0.00134915524191
249	0.000655928963772
924	0.00184796573285
510	0.000669682229779
512	0.00134541357603
1003	0.00134621122874
514	0.0
1001	0.00185310388069
516	0.00307174625819
458	0.000681163128888
622	0.000669552965293
624	0.0
450	0.00902572361649
629	0.0128451456517
454	0.0060561881662
456	0.00126340412388
595	0.00203770007827
175	0.00494228780856
174	0.000669682229779
173	0.00123332487782
171	0.00205021551158
170	0.000613807758561
977	0.00621400404294
971	0.000674097377255
979	0.00123332487782
978	0.0134580397353
656	0.00067344918235
657	0.00189806591412
654	0.00245786037105
2	0.00339808747375
187	0.000696022760874
650	0.0067539145064
185	0.00137112014049
188	0.00134011174307
189	0.00128561473132
658	0.0020246850356
653	0.00123332487782
184	0.0012312460312
11	0.00133709796922
868	0.00272368386427
13	0.00184593540964
12	0.00198300017242
15	0.00265518719052
14	0.00184959650084
16	0.00188059257996
863	0.00137713591665
862	0.000655928963772
866	0.00129596055163
659	0.001394989576
883	0.0
881	0.00123332487782
885	0.000681349825027
569	0.00656076025903
322	0.00599987971085
321	0.00205053769718
326	0.00135568698622
327	0.00187748034261
324	0.00469628063463
329	0.0
201	0.000681676413386
200	0.00404299869176
205	0.000664741036299
207	0.00675129972011
206	0.000669682229779
209	0.00135946777753
208	0.000611934608012
779	0.0
77	0.00272880881707
75	0.000655928963772
664	0.00062874713156
663	0.00133326061664
662	0.00206228482243
660	0.00137672027389
692	0.00405044937545
693	0.00132321350804
697	0.00241562985955
695	0.000696022760874
698	0.00365462002373
699	0.000680022300811
542	0.00272867644111
543	0.00202308851021
540	0.00604831214344
541	0.00320185581555
547	0.00201561936866
8	0.000661685114851
548	0.000649169715942
994	0.000599932261396
996	0.00123332487782
993	0.000694666784729
120	0.00608039906935
122	0.00067453412833
125	0.00133917433206
126	0.00339794711987
127	0.000669651264926
415	0.0033398373013
416	0.0128419608353
410	0.00122842694326
920	0.00467942902397
921	0.00308170341098
922	0.000611934608012
923	0.00390104192719
418	0.000619779002874
925	0.00120410376779
926	0.0
499	0.00273121735086
318	0.000687124370398
311	0.00120410376779
310	0.00134482576975
833	0.000650863186195
837	0.00123332487782
835	0.000694666784729
838	0.000675493387595
368	0.000649169715942
369	0.0
364	0.00063878076229
362	0.00201653712965
360	0.000676615280899
952	0.000674097377255
381	0.00128929920393
383	0.00203089734451
388	0.00400683328498
780	0.000624646644666
782	0.00204973526361
783	0.0036860965897
788	0.000633546885807
789	0.00188947019049
151	0.00134288959628
573	0.00135784596173
576	0.00123332487782
575	0.00136317243634
61	0.003332716433
62	0.000683215457682
65	0.00473259903919
66	0.0
67	0.00270191366774
256	0.00203827890169
157	0.00203986333633
939	0.000669682229779
731	0.00728360285421
737	0.002519937448
736	0.0012033966625
506	0.0222548264906
738	0.0228776964822
505	0.000624646644666
502	0.00931919417127
500	0.00273792138601
630	0.00201983599719
631	0.000676615280899
633	0.0020188963156
469	0.00268846197991
465	0.000680806609217
464	0.0
466	0.000685818308129
462	0.00138281265239
901	0.000694666784729
168	0.0122468208439
164	0.00455051086826
165	0.00337325867293
166	0.000685619813159
167	0.00266810363754
160	0.0027029171751
161	0.000678150437407
966	0.00199549020309
963	0.000675835188091
969	0.00126172243612
879	0.000649169715942
873	0.00186559551621
870	0.0
890	0.00202147047064
891	0.00269964938572
896	0.000653296996365
898	0.0
646	0.000683215457682
356	0.0121980344625
353	0.00134883823215
803	0.000677894057278
802	0.000696022760874
804	0.000611964595627
216	0.00136861697978
214	0.00680549572273
769	0.00137378705839
763	0.000624296421867
761	0.00306865671128
767	0.000624635968311
764	0.00120454001412
765	0.00340910276444
957	0.000673136433172
281	0.00120627184388
280	0.00739257519887
283	0.000681509784218
285	0.000684463240443
284	0.00132131505757
670	0.000612846397626
260	0.00136397284737
267	0.00337514490967
264	0.000678150437407
268	0.00537379518673
58	0.000678150437407
56	0.00125505238531
53	0.00340004205769
52	0.00203848867388
535	0.0
534	0.00469300658847
532	0.00368745713033
531	0.00063878076229
530	0.00873798805537
538	0.000665743336557
988	0.000673136433172
980	0.00132856119811
986	0.0
987	0.000602547783365
984	0.0020407138381
114	0.000680912370176
117	0.00134305898738
111	0.00068488957901
112	0.0033855142007
771	0.00276000073515
119	0.000680806609217
118	0.00065605535527
772	0.00203057922658
429	0.00267198720462
428	0.00404533082976
918	0.000683627687102
421	0.00134752783451
420	0.000649169715942
423	0.004966201981
422	0.00330943594655
424	0.00269658171787
912	0.00408956336305
301	0.000673136433172
302	0.00134999117244
305	0.00271025812829
306	0.00275846527882
846	0.00135440739216
844	0.00136784436437
840	0.00182623163029
849	0.00183990661168
568	0.00209673602101
752	0.00201957355034
508	0.00123332487782
561	0.00135440739216
758	0.000684216677272
565	0.00204256121808
566	0.00135387682423
229	0.00209501851281
227	0.0
223	0.00131584504828
220	0.00133976526596
724	0.00196149643835
723	0.000681659821069
720	0.00455968666377
605	0.00185479611225
153	0.000619779002874
152	0.00207705297105
154	0.000669682229779
603	0.0
602	0.00341859234911
159	0.00876587957133
609	0.011400831046
634	0.000624646644666
48	0.00203935747328
951	0.00271303553662
953	0.00134929821254
45	0.0
955	0.000602547783365
954	0.000673136433172
40	0.00342320598197
956	0.00409974558255
638	0.00268284454907
5	0.00186273882011
482	0.00255819558108
509	0.000624646644666
472	0.00204247262375
470	0.00259424251624
477	0.00803570301904
479	0.0013600139332
