344	0.00241741588031
0	0.00373353816304
347	0.0
812	0.00205814742835
814	0.00130089531966
349	0.001264967354
817	0.00358430757195
719	0.00240918571699
718	0.00217714905235
716	0.00440640018481
713	0.00150724543519
710	0.00402880896638
421	0.00235417941523
294	0.00356475807756
293	0.00267650822164
290	0.00164739194043
291	0.00163496359982
591	0.00211816709305
592	0.00226859493817
199	0.00327460802583
596	0.00108257176727
599	0.00132689890559
197	0.00128119503786
193	0.00316803269769
271	0.00232013832685
273	0.0
274	0.00241717599944
275	0.00267633829703
277	0.0
526	0.00126872697264
523	0.0
528	0.0
443	0.0
441	0.0
440	0.00103668900289
445	0.00126872697264
444	0.00192199519128
102	0.0010691944269
103	0.0010691944269
101	0.00118496864939
106	0.0
104	0.00477768250562
904	0.0
32	0.00149153957225
31	0.00365863177869
30	0.00103882493205
35	0.00232177162974
643	0.00209131036475
644	0.00436065860959
647	0.001264967354
646	0.0228921799341
648	0.00600668557317
435	0.00539142891909
432	0.000682476717482
433	0.00138445377256
430	0.00183162732161
338	0.00104982245028
335	0.00313027426296
334	0.00271149603425
333	0.0225353011777
854	0.00375362251289
855	0.00162418446443
857	0.001264967354
850	0.00109416393083
851	0.00125839258778
819	0.000361787130427
6	0.0025218258851
98	0.00163496359982
91	0.00163114992051
90	0.00455927509088
92	0.00252948964708
743	0.00196888580051
558	0.00190687565003
746	0.00689817934549
748	0.0
551	0.00390677834287
550	0.000986804043128
236	0.00364004073652
231	0.0018462000516
147	0.0
142	0.00249524670502
141	0.0011915490437
617	0.00145597698742
614	0.0011915490437
149	0.0022924299308
948	0.00130204225266
949	0.00227507447049
946	0.0
947	0.0
517	0.00183162732161
685	0.0025499220105
687	0.00130204225266
686	0.0
680	0.00280826136638
133	0.00196477283866
132	0.0
137	0.0
136	0.001264967354
135	0.00183162732161
139	0.0
493	0.00252711956042
24	0.00248621468178
25	0.000776653063994
28	0.0
407	0.0
401	0.00529258028977
933	0.0
932	0.00127554041762
936	0.00252723955555
409	0.0025218258851
378	0.0010691944269
373	0.00113022258603
823	0.00192199519128
700	0.00102426353329
702	0.00109584094159
392	0.00534274404658
181	0.0036779834773
86	0.0
795	0.00349627026636
790	0.00834601435784
586	0.0195305220107
587	0.00280826136638
582	0.000464246322044
581	0.000832655498407
589	0.0
245	0.00048779407999
246	0.00228951039299
241	0.0011915490437
249	0.0167581315405
248	0.00183162732161
924	0.002180444095
513	0.00192199519128
1004	0.00240663925745
515	0.00164739194043
514	0.00752495616258
1001	0.00325919929932
516	0.000809780143064
458	0.000776653063994
450	0.00183162732161
629	0.0228650639073
454	0.002382239596
178	0.00132689890559
595	0.00335381592437
175	0.00254613927659
173	0.00109584094159
977	0.00226412140641
976	0.00132689890559
971	0.001264967354
978	0.00755861635134
656	0.00412963769953
657	0.00320289704816
180	0.0
2	0.0016471770869
184	0.00111356395523
185	0.00126131031443
188	0.00260014876471
189	0.001408599721
658	0.002532117831
659	0.00164281362361
15	0.00556142143791
14	0.0110116192235
17	0.001264967354
16	0.0
19	0.0
862	0.00273549862659
867	0.0
880	0.00743813226634
886	0.0
885	0.00237360717621
322	0.00628146098675
321	0.000638625914858
327	0.00105462136186
201	0.00119492697951
774	0.0
205	0.00203662649341
773	0.0
209	0.00149153957225
77	0.00241753392456
75	0.00281319837447
74	0.00405073644815
73	0.000638625914858
78	0.00267160354435
668	0.00183162732161
662	0.0
692	0.0025547697444
693	0.0054491882303
696	0.00255306002186
697	0.00325275945347
698	0.00297280691399
542	0.00559742140842
543	0.001264967354
540	0.00122215157181
541	0.00215571214347
546	0.00198959152915
547	0.0011915490437
8	0.00272524025005
996	0.00216535840196
990	0.00244287682866
992	0.00183162732161
126	0.00713806287581
414	0.00128477446875
415	0.000874994160811
416	0.00203409707156
410	0.00349308718521
413	0.00183162732161
920	0.0026549862104
923	0.00871158550058
418	0.00107700749571
925	0.000361787130427
499	0.00194585179963
319	0.000776653063994
311	0.0
317	0.0
316	0.0265860402906
834	0.00183162732161
369	0.00764331568502
362	0.0
360	0.00126872697264
381	0.00318289602477
383	0.0
780	0.0010691944269
782	0.0100147463058
783	0.00249168058897
788	0.0
789	0.00183162732161
573	0.00403541885958
572	0.00222204626713
571	0.00183162732161
575	0.00227507447049
61	0.00183162732161
62	0.0109921961648
65	0.00145597698742
66	0.00125091004782
67	0.00357051392662
250	0.00192199519128
731	0.0161928342936
506	0.00989476013096
738	0.0049971538026
502	0.0140541790311
500	0.00650431828178
501	0.00183162732161
630	0.00126872697264
631	0.0025202938364
633	0.0014424461565
469	0.0179066888222
638	0.0
168	0.00824606019978
165	0.00808824541488
166	0.00261619435921
167	0.00382861215426
160	0.00126872697264
963	0.00118734451456
935	0.0490929416554
908	0.000948417671607
909	0.0
879	0.00211816709305
873	0.00048779407999
891	0.00643070139917
356	0.00204779525221
809	0.00128477446875
802	0.00217961818159
800	0.00184379889554
216	0.000776653063994
214	0.00985601532039
45	0.00125091004782
762	0.00260293757232
761	0.00124469362024
767	0.00132689890559
764	0.000944156256824
765	0.00178107317001
41	0.0
288	0.00126872697264
280	0.00267732669364
284	0.00272524025005
679	0.000688829323183
671	0.00183162732161
263	0.00192496436881
260	0.0037287839584
267	0.0118310568092
268	0.00461221601064
535	0.00384695956009
534	0.00394979441466
532	0.00163922012202
530	0.00769613384007
538	0.00273549862659
988	0.00113022258603
200	0.00309659467561
980	0.00108416390214
987	0.0
984	0.00255295230048
114	0.00119492697951
117	0.000759969439013
111	0.00183162732161
113	0.00525733365906
112	0.00564775586647
207	0.010201789899
429	0.000874994160811
428	0.00241741588031
915	0.00252502088208
423	0.00198124577177
422	0.00272524025005
425	0.0
424	0.00354135596765
427	0.000761213570324
912	0.0066191468645
301	0.00369610831885
302	0.001264967354
305	0.0
306	0.00656626779456
846	0.00370763835096
842	0.0
841	0.00183162732161
840	0.00109614623484
849	0.00172320914939
752	0.0
757	0.000832655498407
561	0.00376065776573
759	0.00130204225266
758	0.0
739	0.00183162732161
229	0.00164281362361
228	0.00410001450371
223	0.00183162732161
727	0.0
724	0.00475475557354
723	0.0
720	0.00556142143791
721	0.000948417671607
605	0.00273549862659
152	0.0
157	0.00183162732161
602	0.00099527213951
159	0.00164739194043
609	0.000747275996175
83	0.00489673162462
48	0.00470945823242
951	0.000976030966667
950	0.0010691944269
953	0.001264967354
952	0.00257911946055
955	0.00147940260299
954	0.00232177162974
957	0.0011915490437
956	0.00209460932863
485	0.00192199519128
482	0.0
472	0.00209464972011
470	0.00132689890559
471	0.0
479	0.0
