344	0.00131147118285
0	0.00127445572324
347	0.00207459446987
340	0.000657954143431
343	0.00325130813015
810	0.0
812	0.00274046997028
814	0.00136796571892
349	0.00131321265062
817	0.00202633980725
718	0.017053680242
716	0.00262014195529
715	0.000683634952872
712	0.0032837884866
710	0.000638346514112
915	0.0091907341731
910	0.000660284251372
299	0.000638350599701
294	0.00689772983724
295	0.000638346514112
293	0.00259639062601
290	0.000655278719859
291	0.0012916422097
591	0.00328659441163
590	0.00136988454203
592	0.00256854325891
595	0.00196196407074
594	0.000672792342666
195	0.000653728218432
194	0.0
197	0.00133274912709
191	0.00135830448468
193	0.000660284251372
192	0.00062372516284
272	0.000654809872623
275	0.00187865761103
277	0.00136988454203
278	0.00130946409368
526	0.000654387345912
522	0.00196044352225
523	0.00069265643768
528	0.000714321171347
443	0.00225904653375
447	0.00138260676693
444	0.000696276436375
103	0.000629922138947
101	0.0012761917568
106	0.00126859978929
107	0.00626918682946
104	0.00276342576137
900	0.00197435968948
38	0.00135530641913
907	0.000641474833545
904	0.000655785111669
32	0.00193958820472
31	0.000655836315218
30	0.0013633406582
37	0.00207239761167
35	0.0019663821723
643	0.00126781173959
644	0.00501338516072
647	0.00131022366113
439	0.0034669803159
648	0.00415094008767
435	0.000687803415641
339	0.000638346514112
338	0.000654185373822
335	0.00245355064131
334	0.00594283792212
337	0.00196508438641
333	0.0012675682304
332	0.0034375715929
854	0.000692346678567
857	0.00393618366384
850	0.00188026440494
851	0.00459976873366
819	0.000657954143431
858	0.000647872414369
6	0.00127445572324
98	0.00193292687658
91	0.00269475133142
90	0.00601675972604
92	0.000655836315218
96	0.000672697925008
740	0.00130458031067
742	0.00592088056949
743	0.00136377729316
559	0.000601389599302
558	0.00448311830207
746	0.0
550	0.00133992716321
553	0.00125999938688
552	0.000676382717528
239	0.00132125300569
235	0.000683634952872
236	0.000625890477941
230	0.00200350830344
231	0.00243286575518
232	0.00416721575146
1	0.000653362230105
147	0.0109190209177
142	0.00131022366113
143	0.000637229795827
141	0.000657419575544
617	0.00130819984465
614	0.00130778812729
149	0.000625890477941
951	0.00395497371605
1004	0.00128481896642
949	0.00069271135579
947	0.00128963587445
942	0.000671665852804
940	0.000655278719859
517	0.00273044594865
685	0.00257922522832
684	0.00386727042623
687	0.00262423692544
686	0.00137286724224
680	0.00199012857344
133	0.0013857032495
132	0.000626278187326
137	0.000659943711015
136	0.00328099548193
135	0.00939438789338
134	0.00189150780716
139	0.00245351310535
491	0.00126379973512
493	0.00131601349685
24	0.00263013287257
25	0.00127351969504
29	0.000611178717824
407	0.00449663672983
939	0.00065484487298
404	0.000652728571695
402	0.00247407214966
401	0.00323227944101
933	0.00137864194351
936	0.00136156703967
409	0.000638346514112
408	0.000655836315218
379	0.00064688461159
371	0.000671665852804
373	0.000654575250842
374	0.0
377	0.000655785111669
706	0.0013419151598
700	0.0033598876782
702	0.00187944790957
703	0.0
176	0.000658987720093
82	0.00133567785431
83	0.000659943711015
399	0.00189188402023
398	0.00131142782416
86	0.00152332255465
928	0.000618750066899
795	0.00196928498396
790	0.00477748941779
798	0.0
7	0.0
607	0.00199322003446
586	0.01171788065
584	0.00066528516761
582	0.0
581	0.00336041409069
245	0.000576652288605
246	0.0038388798346
241	0.00131180692146
240	0.000691739125686
243	0.000657954143431
249	0.00376486805421
248	0.00324432917479
924	0.00187217248288
519	0.000638346514112
510	0.00439415708849
512	0.000657419575544
515	0.000680939443118
1001	0.0087742065398
516	0.00183810744785
458	0.00385809079093
622	0.00241529865207
626	0.0
450	0.00655062636903
629	0.00263611551991
628	0.000671665852804
454	0.00193292687658
178	0.0159836482871
199	0.00124745632585
175	0.00253720744109
173	0.000629221716287
171	0.00136988454203
170	0.00134445819547
977	0.00820674763174
976	0.000638346514112
972	0.000683634952872
971	0.00131140709304
979	0.000691624075395
978	0.00198319103289
656	0.000654387345912
599	0.000638346514112
654	0.000647872414369
181	0.0
186	0.00345640485488
185	0.00130149456157
188	0.00390473769497
189	0.00130097311608
658	0.000657417949363
659	0.0
868	0.00276573317427
13	0.000610492974076
15	0.00199012857344
14	0.00250430514267
17	0.00131162967642
16	0.00127069654983
863	0.000659943711015
862	0.00255308875625
866	0.00195977672727
883	0.0012977813907
887	0.000714321171347
886	0.0
885	0.00484246794554
889	0.000693674580223
322	0.000643470117166
320	0.00062533127671
321	0.000642152190393
327	0.00062372516284
324	0.00132581883826
329	0.0
201	0.00125122175465
200	0.0026236877578
776	0.000654809872623
771	0.00461969796025
204	0.000691059240472
207	0.00851311137033
206	0.000616212820335
209	0.00206912542055
208	0.000629922138947
779	0.00128091908998
77	0.00207568225791
76	0.000625122867961
75	0.000665353999635
74	0.0013779871532
73	0.000616112410675
70	0.00324794907708
78	0.000638346514112
663	0.0026036217887
662	0.00144748108354
660	0.00064688461159
692	0.00262899337446
693	0.0012897240203
690	0.000691059240472
696	0.00329389761967
698	0.00347809365133
542	0.00597948959884
543	0.00130370872959
540	0.00174241691792
541	0.00128721580796
546	0.00395344662028
547	0.00328593860988
8	0.000659166386527
548	0.000643470117166
549	0.000671665852804
994	0.0
996	0.00187818828294
991	0.00324224211628
990	0.0157456250705
120	0.00402230001661
122	0.000657376335401
124	0.000703233171046
125	0.0018540496526
126	0.00344999985807
127	0.00131032960317
2	0.00274752345141
414	0.00197758521417
415	0.0150508533391
416	0.012329166004
410	0.000625890477941
920	0.000654387345912
921	0.00128721580796
923	0.00850428428455
418	0.00251781774935
925	0.000559542124537
926	0.00134474514638
499	0.00250090182513
319	0.00390251938897
318	0.00129375085669
313	0.00345466140055
311	0.000559542124537
317	0.0
316	0.00200352440662
832	0.00457499471925
838	0.00065613397342
368	0.00129335422085
369	0.000696276436375
364	0.000648404868896
365	0.0
362	0.00207181787687
360	0.000654387345912
381	0.00312701938803
383	0.00284436393354
386	0.000649981647873
388	0.00390722360354
784	0.000651908394851
780	0.00181152588801
783	0.00190613677785
788	0.000616691394435
151	0.0
572	0.00331870913626
577	0.00134474514638
576	0.000629221716287
575	0.00068545922636
61	0.00789606326071
62	0.000664697606749
66	0.00069152296026
67	0.00262344887529
253	0.0
250	0.0
256	0.00760187815317
157	0.00396599494654
731	0.00465473987838
730	0.00138023459512
509	0.0032488642484
506	0.00504517353561
738	0.00380557130521
505	0.00065484487298
502	0.00774951488175
500	0.00543778802519
630	0.00396798605173
631	0.000654387345912
633	0.00196418282588
469	0.0118354977192
638	0.00135543475575
464	0.00062533127671
461	0.000691059240472
462	0.000654185373822
901	0.000659943711015
168	0.00690916738634
169	0.00130610824816
164	0.000643470117166
165	0.00196620492726
166	0.00138669317134
167	0.00329209282281
160	0.00131368289256
966	0.00277278413091
963	0.00131736888972
969	0.000629922138947
935	0.00138823084377
908	0.00138351074776
909	0.00126933979855
879	0.00450936096767
873	0.000576652288605
870	0.000671665852804
890	0.00134045409757
891	0.00395097471232
899	0.000611178717824
356	0.0116637276442
355	0.00136988454203
353	0.000658434889138
802	0.000654809872623
801	0.000625122867961
807	0.000661734022087
216	0.000649981647873
214	0.00655449820923
952	0.00262326904838
762	0.000691059240472
761	0.00186166292512
767	0.000638346514112
764	0.000576652288605
765	0.00618460623964
957	0.00131658844638
956	0.000635198008266
4	0.00199839087888
281	0.00063055036611
280	0.015056875004
285	0.000683634952872
284	0.00066528516761
674	0.00208500347477
676	0.000601389599302
670	0.00191257591764
671	0.0
672	0.000635198008266
260	0.00208452395532
267	0.00895332099248
266	0.00138805132124
264	0.000691059240472
58	0.000633425001583
56	0.00263129450095
50	0.000616691394435
53	0.00396113933099
52	0.00620797188822
537	0.0
535	0.00347179991574
534	0.00255679471379
531	0.000714321171347
530	0.00791986807745
538	0.00195519088232
988	0.000654575250842
774	0.000643820543652
980	0.00128111638838
987	0.000657746332372
984	0.00206904639367
114	0.0006245528489
111	0.000693674580223
110	0.000696973982751
113	0.000664697606749
112	0.00346853917731
119	0.0013799161006
118	0.0
429	0.00323227944101
428	0.00854781481835
918	0.00127074503852
421	0.00198093182392
420	0.000643470117166
423	0.00319185535946
422	0.00330566688234
424	0.00262967438638
912	0.00416007667878
301	0.000657419575544
302	0.00196909408561
304	0.000666453486
306	0.00131185210587
844	0.00445495513954
843	0.00129466928149
840	0.000576652288605
849	0.0006245528489
823	0.00136097404312
568	0.00259070218701
569	0.000638346514112
754	0.00129725994521
561	0.00131002221354
759	0.0013787863053
758	0.0012586063831
565	0.00324504236349
229	0.00391317001378
228	0.00128353451852
226	0.00062533127671
225	0.00128091908998
223	0.00256524940329
220	0.00265979540409
724	0.00324331905599
722	0.00140191164508
723	0.00185488111692
720	0.000671665852804
605	0.000638346514112
153	0.000625122867961
152	0.00152332255465
603	0.000601385186385
602	0.00207112110772
159	0.012570067994
609	0.00130529666839
634	0.00127857383993
46	0.000626278187326
950	0.0025680250923
953	0.00196759999653
45	0.00069152296026
955	0.00168944313131
954	0.000657419575544
40	0.000656617951534
41	0.00123952078551
5	0.003179082371
485	0.000664697606749
483	0.000658788087361
482	0.00131358264759
480	0.000625122867961
472	0.00485331785007
470	0.000638346514112
477	0.000611314702265
474	0.000626278187326
478	0.00138319149467
