344	0.00181364204315
0	0.00260660954893
347	0.000648533957676
343	0.000819831373746
812	0.00362466959533
349	0.00178276753401
817	0.000904313168431
718	0.00355549763465
716	0.00260413795128
713	0.000991057499817
712	0.00272576122805
710	0.000879742256979
915	0.0027038141491
299	0.0
294	0.00823128198223
295	0.000879742256979
293	0.000838320134566
591	0.00269599359046
592	0.00494061013877
199	0.000837311093529
599	0.00175903294205
190	0.00815575640066
192	0.00260943147977
270	0.000837311093529
274	0.000907156100439
275	0.00082592334669
526	0.00272655841772
443	0.00367366333273
442	0.000866456377914
440	0.000866456377914
447	0.00274993999541
445	0.000905673421025
103	0.00662238165535
106	0.000887790952297
107	0.00262052050283
104	0.00272699504289
900	0.000905046610692
38	0.00330111057248
907	0.000834866283332
31	0.00180385586633
30	0.000913589944759
35	0.000910500047437
643	0.00175834506661
644	0.0
647	0.00632773667829
439	0.000913743824006
434	0.000683769111713
435	0.00273893903764
432	0.00156893401494
433	0.000838320134566
339	0.000879742256979
338	0.00177720125576
335	0.0
334	0.00729152589138
337	0.000911342046769
333	0.000879742256979
332	0.0018068121076
818	0.0
857	0.001799423169
850	0.000888391348837
851	0.002720519526
819	0.000756247447499
858	0.000879014207011
6	0.00260241272893
98	0.000991057499817
90	0.00905381226601
92	0.000902179962453
96	0.00086079621795
740	0.003548990118
742	0.00273896531885
743	0.00366936735335
559	0.0
558	0.00137201002579
746	0.0307297204675
550	0.00181393394145
239	0.000916501771393
236	0.00604875646037
231	0.000818304023141
232	0.00091744328627
233	0.00092307846032
147	0.00274006237658
618	0.000683769111713
142	0.00270440021037
563	0.0
617	0.00182479260686
614	0.000907156100439
1004	0.00171381896566
948	0.000913743824006
946	0.0054972367665
947	0.00191326189221
942	0.000911342046769
685	0.00177646363192
684	0.00317133852738
687	0.0027133494834
686	0.000658793975495
682	0.000862948524013
137	0.00183364157942
136	0.00450071243499
135	0.0136483217789
134	0.000991057499817
495	0.0
497	0.000725803011648
491	0.0
24	0.00541290052732
25	0.000683769111713
939	0.000814525563388
933	0.00130385797311
936	0.00274586395677
409	0.000879742256979
379	0.0
378	0.00165107844111
828	0.000873032599287
371	0.000911342046769
373	0.00181765614788
372	0.000843514395842
377	0.00239947611995
704	0.000683769111713
700	0.00456096583358
702	0.000866287507814
703	0.00183901179617
392	0.00274848667901
397	0.00188450643949
82	0.000911342046769
181	0.000907156100439
86	0.00183170938503
796	0.000876409890278
795	0.00636838361394
790	0.00814510609188
586	0.00728893024437
587	0.00182291123165
584	0.000902546530397
582	0.000877464392433
581	0.00182838324382
245	0.000911342046769
246	0.00082592334669
241	0.00090977782159
249	0.00860717971081
248	0.00180493933297
924	0.00335721076351
519	0.000879742256979
513	0.0
512	0.00090977782159
514	0.00165107844111
1001	0.00419148422148
516	0.00439167482895
458	0.00759885490921
622	0.0
951	0.00274456071593
450	0.00185337526407
629	0.00807564417518
628	0.00179108430375
454	0.00295248337686
457	0.0007962497191
178	0.0246385339822
595	0.00253604914214
175	0.00248508357048
173	0.00260220475714
171	0.000911817386655
170	0.000911342046769
977	0.00745575495003
976	0.00177119994909
975	0.000945068408594
971	0.000904895038672
180	0.0
978	0.00454189900945
656	0.000907156100439
654	0.00256351941998
2	0.00447521738907
184	0.00334828119578
185	0.00183721703799
188	0.000886571607391
189	0.0138780429833
658	0.000909377815795
659	0.00182987194859
650	0.000838320134566
868	0.00364527425683
13	0.00175037591059
14	0.00254991499879
16	0.00163456985367
863	0.00181256874855
862	0.00445769533985
865	0.000906359085633
866	0.000896162922863
883	0.000876409890278
881	0.0018174164774
885	0.000915392879951
569	0.000879742256979
889	0.000911905136701
355	0.000658793975495
322	0.000895606194408
321	0.00137201002579
327	0.000870124443016
324	0.000822867925153
775	0.00182812507101
774	0.000960674863332
777	0.000838320134566
776	0.00454465777235
771	0.00182584009236
773	0.00218851893781
772	0.00183359033145
208	0.000855599797771
76	0.000838320134566
75	0.000971458077824
74	0.00641106349388
73	0.0157872600764
78	0.00266202443131
668	0.00181671704507
664	0.00173438384775
662	0.00182206817015
692	0.00737038034265
693	0.00175903294205
690	0.000866456377914
696	0.0
695	0.00188981442169
542	0.0036021678107
543	0.000852456389346
540	0.00146501920539
541	0.00255843040554
547	0.00909456922768
8	0.0
994	0.00350997427578
997	0.00091910208599
996	0.000816775044784
991	0.0017585060874
990	0.00901834301001
992	0.000905046610692
120	0.00275406828716
122	0.00257351989343
126	0.00724607900317
127	0.000888391348837
414	0.000905673421025
415	0.00362560972853
416	0.0127822281515
410	0.0159647769438
413	0.000913204025814
920	0.00272540673694
923	0.00273725370401
418	0.00163950402518
925	0.000756247447499
499	0.00135818940451
319	0.00137201002579
318	0.000683769111713
313	0.00274657999023
311	0.00148205045915
310	0.0
317	0.0
316	0.00720891961407
832	0.00338944846143
833	0.00273972207838
837	0.000838320134566
834	0.00181290516314
838	0.00181719447344
369	0.0
366	0.000683769111713
364	0.000866456377914
362	0.00448004231123
360	0.000909818362369
381	0.00348357411241
383	0.00180183634389
388	0.00258555493977
784	0.00275296524053
780	0.00165107844111
782	0.00364612270644
783	0.00345765079907
578	0.000914501165917
577	0.00264787806929
61	0.00446728409473
62	0.0
66	0.0
67	0.0054496876246
69	0.00178919933286
250	0.0
251	0.000838320134566
256	0.00182913670396
731	0.00270443426799
730	0.000906369576437
736	0.000911342046769
506	0.00342040008631
738	0.000852456389346
502	0.0106377967073
500	0.00625233702879
630	0.00359420119177
633	0.00183601933951
469	0.000910500047437
638	0.0034745564933
464	0.0
466	0.0
901	0.000906703805586
164	0.000868198265237
165	0.00181092696693
166	0.00457787235656
167	0.000909113829678
160	0.00363428171123
963	0.000908747004477
969	0.000838320134566
935	0.00729345151421
908	0.000913589944759
909	0.000891925089276
879	0.00178339714671
870	0.00364287008994
891	0.00723987599041
646	0.0
356	0.00274404827533
809	0.000780346927404
353	0.00181282952146
802	0.0
800	0.0
804	0.000909853756149
216	0.00137201002579
214	0.0127460089393
762	0.000920466888227
761	0.000877343311299
767	0.000879742256979
765	0.00547787906931
957	0.00181993674102
956	0.00137201002579
288	0.000899059972351
4	0.00183078449331
280	0.00178563157974
679	0.000683769111713
674	0.0018341276798
670	0.000866456377914
671	0.00186814686891
672	0.000683769111713
267	0.00730668294987
56	0.00159303617501
50	0.0
53	0.00275533624855
537	0.000863078267847
535	0.0
534	0.00363302538049
532	0.00262295908971
531	0.000818304023141
530	0.00632139053464
538	0.000879742256979
201	0.000866456377914
200	0.00723447100035
980	0.000905046610692
987	0.00327853704515
114	0.000859592204104
116	0.00182631855257
111	0.000913204025814
113	0.000901786508072
112	0.00549803416554
119	0.000906970380521
118	0.00177849669667
207	0.00728093531675
429	0.000987040599736
428	0.00986701987572
918	0.000683769111713
421	0.00273049388389
423	0.00248594472444
422	0.00179008323938
425	0.00274022837733
424	0.00364092049999
427	0.00148513531912
309	0.000822867925153
855	0.000917371572684
301	0.00453601168278
302	0.001799423169
304	0.0
305	0.00183066107753
306	0.00454952629383
846	0.000908747004477
844	0.000674420292801
843	0.00169566250128
840	0.000756247447499
568	0.0
752	0.00179872883582
561	0.0027208144663
759	0.00274860117211
758	0.00203166457068
565	0.000683769111713
739	0.00181825063651
228	0.00176631386437
227	0.0
223	0.000905046610692
727	0.0
724	0.00613731187281
723	0.00205401232916
720	0.00546203477764
721	0.000913589944759
729	0.0007962497191
605	0.00176631386437
153	0.000838320134566
152	0.000919422745505
157	0.00269651589982
602	0.00275126731986
159	0.00730355348332
609	0.00387532028951
48	0.00137201002579
46	0.0
950	0.00246795772225
953	0.00180649313088
952	0.00181425687854
955	0.00455494292146
954	0.00182027786903
40	0.00180020873549
41	0.00205401232916
5	0.000866456377914
488	0.0
485	0.0
483	0.000907156100439
482	0.00163118725794
481	0.000683769111713
509	0.00262042564253
472	0.00182944747023
470	0.000879742256979
471	0.00976793953642
474	0.00163453661177
479	0.000856673920372
