344	0.000819583598058
0	0.00937637725722
347	0.00168320324077
343	0.00208540195034
810	0.00205512529094
812	0.000460035052091
814	0.000864439811125
349	0.00122975675323
817	0.000403588289023
719	0.000410816867035
718	0.00948149096707
716	0.00082296464833
713	0.000420527204638
712	0.0012520652801
711	0.000406259853993
710	0.0028529428996
915	0.00452201124204
916	0.000412166421617
299	0.00205650735078
294	0.00433076260093
295	0.000408289524471
293	0.00122950148204
290	0.00125330749654
291	0.00125152990125
591	0.00165342640926
590	0.000843255235138
592	0.00252197214693
595	0.00289113972148
198	0.000417278906522
195	0.000824767047436
197	0.00167288514243
196	0.00124334695575
191	0.00125983753658
190	0.00283146534675
193	0.00210108703945
192	0.00123279609204
270	0.000410816867035
272	0.000820066324622
273	0.000413190828228
274	0.000809014510131
275	0.000405034262284
277	0.00124691259109
278	0.000418855976367
526	0.00161381518799
523	0.000414007215825
599	0.00244182788268
528	0.000828754054066
443	0.00292612474899
442	0.000412098193317
440	0.00164383549285
447	0.00389570872958
445	0.000399552961417
444	0.00151211621648
102	0.000812283502499
103	0.00163516336541
101	0.000815488493364
106	0.0
107	0.00370972413677
104	0.00173041592028
105	0.000408989884016
39	0.000417278906522
38	0.00168981869369
907	0.000810021638048
32	0.00287858266449
31	0.0028678946788
30	0.000862992889263
35	0.000809138127905
641	0.000404294601144
643	0.00122406755705
644	0.00123195983093
647	0.00123066007543
439	0.00129905350304
437	0.000410816867035
435	0.00215543183347
432	0.000404294601144
433	0.00161440074176
339	0.000408289524471
338	0.000404294601144
335	0.00658787372977
334	0.00498278540689
337	0.000415366296461
333	0.00285412623325
332	0.00314255382157
745	0.000821353521874
854	0.00100478171334
855	0.000412036875163
857	0.00123487890639
850	0.00123728400902
851	0.00244555913325
6	0.000815500137028
99	0.00815278509322
98	0.001672741897
91	0.000417278906522
90	0.00872653367027
92	0.000819773653876
95	0.000404294601144
96	0.000816900774909
740	0.0
742	0.0104156753856
743	0.00304243119502
559	0.000813565643463
558	0.00275454983648
746	0.00538634637509
557	0.000433606054068
556	0.000504737348739
551	0.00144122684348
550	0.00126473461028
553	0.000411475147544
552	0.000403588289023
239	0.00206665384817
235	0.000831180428387
236	0.00122978635925
230	0.000421361467895
231	0.00327924431785
232	0.00476193099873
233	0.000829565766133
147	0.00631695819837
618	0.000461849632404
142	0.00202838200935
143	0.00165177915742
141	0.00121153260864
617	0.000433820905327
614	0.00326335549146
149	0.000411223884903
1004	0.0016428771947
948	0.00469462979296
949	0.00173269937119
946	0.00346514895739
947	0.0
945	0.000410816867035
940	0.000413556575425
517	0.00474776918254
685	0.00121305014791
684	0.00229262682095
687	0.00207379497427
686	0.000835559500509
680	0.00165207972741
682	0.000410816867035
136	0.000820714916093
135	0.00581583941721
134	0.000420527204638
139	0.00570611481776
491	0.000411825263712
493	0.00201027577556
24	0.00245395204237
25	0.00046026959546
28	0.000404294601144
29	0.00164261209962
405	0.000415366296461
404	0.000450402249391
401	0.00249766744872
400	0.000416633616612
933	0.00210813607924
931	0.000421361467895
936	0.000434406180271
409	0.00162988757538
934	0.000899132455257
379	0.0
828	0.000821353521874
371	0.000415366296461
373	0.000807443948552
821	0.000504737348739
377	0.000406662160467
822	0.000429716110426
704	0.00227393966009
706	0.000413190828228
707	0.00418350835036
700	0.00380852220726
702	0.000410816867035
703	0.000414084754481
393	0.00040440265893
392	0.000427286868338
391	0.000399552961417
89	0.000417728529195
394	0.000504737348739
82	0.000838764494049
181	0.00163004518594
399	0.000834134605335
86	0.000834718788346
796	0.000412747039368
795	0.00161154540057
791	0.000822575046953
790	0.00346094280405
7	0.000410726414499
607	0.00413703347271
586	0.00952812007712
587	0.000835011326551
585	0.000403092566777
582	0.00162552695006
580	0.000823758456741
581	0.00124525253924
589	0.000417278906522
245	0.00285347490918
246	0.00122189784356
241	0.000405549838882
240	0.000433820905327
249	0.00204021272532
924	0.00164509830748
519	0.000407210612558
511	0.000405034262284
510	0.000407153392574
513	0.00100478171334
512	0.000806998763571
514	0.00204590792323
1001	0.00205485417708
516	0.00210582720468
458	0.0027598049188
622	0.00122961144549
450	0.00249412188255
629	0.00685848389113
628	0.000415366296461
454	0.00250604374994
178	0.0122609878519
199	0.00246292376215
175	0.000811696422751
173	0.00163904898869
171	0.00126428009448
170	0.00123674497319
977	0.00617811806081
976	0.00204240668415
972	0.000421361467895
971	0.00123153728631
654	0.000410816867035
979	0.000410816867035
978	0.0084884772212
656	0.000809433092875
657	0.00122778372746
180	0.0
2	0.00392169908957
186	0.000427286868338
650	0.000828652688566
188	0.00202760458431
189	0.00783437404544
658	0.000805477415837
659	0.000416633616612
184	0.00203816172876
868	0.00346703014546
13	0.00165349748445
15	0.00123505062831
14	0.00246180232089
17	0.000410407983761
16	0.000405647676397
863	0.000416633616612
862	0.00450563798623
866	0.000412009091722
883	0.00204084334892
881	0.00164466801935
880	0.00124889706197
887	0.000413662553835
886	0.000500044364602
885	0.000849313184359
752	0.000417278906522
928	0.000407945709921
889	0.000871213346887
929	0.00693031498745
809	0.000404294601144
322	0.00128321937251
323	0.000407153392574
320	0.00040795546084
321	0.00183924432143
326	0.000433820905327
327	0.0016336733657
324	0.000856529972017
329	0.00164806867189
201	0.000824054921241
200	0.0020529566523
776	0.000415153810057
771	0.00124564648549
770	0.000500044364602
207	0.00282928074097
206	0.000407153392574
209	0.000430998644541
208	0.000823068087496
779	0.00488128590664
75	0.00167438353326
74	0.000867478040864
73	0.000457717369821
70	0.000827901559684
78	0.00162988757538
668	0.000829258445068
664	0.000411475147544
663	0.000408362822654
662	0.00251724612868
692	0.00745572572261
693	0.00366843963088
690	0.000412098193317
696	0.000831813283677
698	0.000404294601144
542	0.00331766702414
543	0.000823598811988
540	0.00202074867573
541	0.00247200407677
546	0.0020790165233
547	0.00204134875535
8	0.000415481011652
994	0.00161652453031
996	0.00327378846815
991	0.000815500137028
990	0.00122532349276
993	0.000831335869395
120	0.0171080699046
122	0.000822102464629
123	0.0
124	0.000504737348739
125	0.000407153392574
126	0.00216993048846
127	0.00368420596916
414	0.000407980297806
415	0.00334161696785
416	0.00902369052746
410	0.00123194020445
413	0.000414346448668
920	0.0016228053739
921	0.0037006647854
923	0.00621060456063
418	0.00163755798209
925	0.00122128331579
926	0.000421361467895
499	0.00502653228721
319	0.000910761654931
318	0.00134133530442
313	0.00303024500908
311	0.00080809248756
310	0.000417058131941
316	0.00903521715211
314	0.00245391048775
832	0.00368452572194
833	0.00125468276496
830	0.000823644870108
837	0.000821271161105
835	0.000831802054353
838	0.000399552961417
369	0.00151211621648
364	0.00123671960264
362	0.00456276375161
360	0.00161381518799
361	0.000404294601144
952	0.00164669726328
381	0.00492748177224
383	0.00248098641883
388	0.00165405290022
784	0.000831353301004
780	0.0024550782842
782	0.0030186597755
783	0.0024646173128
789	0.000807203288726
151	0.000417278906522
573	0.00175063125828
572	0.00165609193717
577	0.00209087710153
576	0.000821353521874
575	0.000864231918806
61	0.00751859717018
62	0.00197929413222
152	0.000834718788346
64	0.000407153392574
66	0.0
67	0.000816773504125
68	0.00081639279446
253	0.00125146335856
250	0.00746240963675
251	0.00122512722844
256	0.00172501884902
257	0.000417278906522
255	0.000418266026612
603	0.00040876990828
939	0.00288160291769
731	0.0024722093228
730	0.00215979221318
735	0.000858414832429
737	0.000822134770858
509	0.000411420801708
506	0.00821695291964
738	0.0135669531567
502	0.0110821426278
500	0.003021409876
630	0.00685741071638
631	0.00121102725472
633	0.00126597800419
469	0.00202021545205
468	0.000411475147544
465	0.000918527104049
464	0.00123631071009
927	0.000504737348739
900	0.000416633616612
462	0.000417278906522
901	0.000416633616612
168	0.00862644951549
169	0.000412825497793
164	0.000822362190687
165	0.00245708134669
166	0.0038897381616
167	0.00161496096599
160	0.00121102725472
966	0.000421893767243
963	0.000408000655227
969	0.000411592939952
935	0.00166044973956
909	0.00206900482052
879	0.000416633616612
874	0.00243302496798
875	0.000417278906522
872	0.000810769543552
873	0.00080921490209
870	0.000415366296461
890	0.000874996276342
891	0.0012085540474
897	0.0
898	0.000823535741301
646	0.00248178710412
648	0.000427286868338
356	0.00946862354601
355	0.000421361467895
808	0.000410344913073
353	0.00121118562383
803	0.000859441133633
802	0.00124560299751
800	0.000497301605488
216	0.00230520846297
214	0.00753775150717
769	0.00207550569745
762	0.000867426959395
761	0.000824169055724
767	0.00203716500526
764	0.00162065496626
765	0.00693910726455
957	0.000403588289023
956	0.00230049590047
289	0.000410536654839
288	0.00400380022879
4	0.000415366296461
281	0.000814525667987
280	0.0125884743021
285	0.000421361467895
284	0.0012353863155
674	0.00128919079743
676	0.000407153392574
670	0.00164422096321
672	0.00134915680446
262	0.000410726414499
260	0.000866048127515
267	0.00469518293898
266	0.00259973945939
264	0.000826806257584
58	0.00082870351871
56	0.000808023725679
50	0.000406236426966
53	0.00124109800892
52	0.00173781119216
537	0.00164367421629
535	0.00201833165263
534	0.00412621000821
532	0.00165421812496
531	0.00123648873813
530	0.00203384846988
538	0.0028617883824
775	0.000414084754481
988	0.000403588289023
989	0.000401415348796
774	0.0
980	0.00164574367646
987	0.0117425017745
984	0.000436445130139
114	0.000412009091722
111	0.000433820905327
113	0.00100478171334
112	0.00214582706773
119	0.000423398197587
118	0.000410133309762
773	0.000399552961417
772	0.00248885956843
429	0.00208725977772
428	0.0037036949417
421	0.00161453600474
420	0.00122509912303
423	0.00529311850014
422	0.00205325959847
425	0.00432559682481
424	0.00120643328306
912	0.006916555851
308	0.000408989884016
301	0.000403588289023
302	0.000411280094406
305	0.00130071886526
306	0.00207397712083
846	0.00161058021614
844	0.00320862375759
843	0.00204191653323
840	0.00202443680225
849	0.00283931597413
823	0.00903704606242
568	0.0
569	0.000815469468623
754	0.00122311397103
561	0.00201189659268
759	0.000433832172708
758	0.00138163163244
565	0.00183880566685
566	0.00124916334026
739	0.000417278906522
229	0.00165650403951
228	0.00285449691223
226	0.000410659623313
225	0.00081398961199
724	0.00163718311014
722	0.00100478171334
723	0.000460498295333
720	0.00165807761734
721	0.00128581886999
605	0.00285449691223
153	0.00123790810467
606	0.000403729124536
601	0.000407153392574
154	0.000407153392574
157	0.000833858872023
602	0.00129847839193
159	0.00124404506238
609	0.0016687394755
83	0.000416633616612
634	0.000408995604221
48	0.00459464526823
951	0.00702687813084
950	0.00205518674767
953	0.000815957822643
45	0.0
955	0.00161776362845
954	0.000403588289023
40	0.00249645464079
41	0.000461360721891
638	0.00165841069301
5	0.00123446740128
487	0.000407153392574
485	0.00150365948159
484	0.000399552961417
483	0.00123753184694
482	0.00202188315868
480	0.000814831255982
472	0.00302987864498
470	0.00122268008118
471	0.00082958685541
476	0.000417278906522
477	0.000407153392574
474	0.00125119597341
478	0.000427286868338
