344	0.00151362039143
0	0.000585415024468
347	0.00184179889542
343	0.00409214632826
810	0.0
812	0.00458206170923
813	0.00175073066337
814	0.000765922329303
349	0.00379811443115
817	0.000745309059704
719	0.000530450864523
718	0.00849370261491
716	0.00158245027014
715	0.000620803068161
713	0.000642358585159
712	0.000895958738357
710	0.00238257823884
915	0.00381146228302
917	0.000766860575734
910	0.00052738434651
294	0.00531135829481
295	0.000585415024468
293	0.00407250417236
290	0.00128948192888
591	0.000662886919508
590	0.000617113903733
595	0.000662246266382
597	0.000817260859981
599	0.00116844317967
197	0.00071533174072
191	0.000622739830561
190	0.00585381358098
192	0.000508805389197
272	0.00193411337659
274	0.0022271666827
275	0.000901842057897
277	0.000622739830561
278	0.00208574162803
527	0.00281305101335
522	0.000743383279968
528	0.000763670870377
443	0.00143464136581
441	0.00049131572615
445	0.00153154827358
444	0.000636488715657
109	0.000758080499222
101	0.00232494098465
107	0.00197708216105
104	0.00226314701982
105	0.00214871892881
902	0.000745309059704
900	0.00147576700554
38	0.000708693792166
907	0.000780959219074
904	0.000775344763611
32	0.00499996499307
31	0.00149694033387
909	0.00126041925124
35	0.000745309059704
641	0.000978408629416
643	0.00122229971252
644	0.00223012672623
647	0.00150958384961
649	0.000620803068161
648	0.00451081510034
435	0.00458793490191
432	0.000493875492414
433	0.000999188475787
339	0.000585415024468
338	0.000959330262212
335	0.00219216713553
334	0.0023547668768
337	0.0
333	0.00233787321063
332	0.00909372675338
559	0.000879781750868
558	0.00672706256042
854	0.00128659363295
855	0.00165910320601
857	0.000764274789903
850	0.00166362723191
851	0.00149050829403
853	0.000508173216038
6	0.000585415024468
99	0.00116844317967
98	0.00257370725828
90	0.00633189530023
92	0.00303760753193
95	0.000999645938673
96	0.000922058720679
742	0.00483395509434
744	0.00454324909393
745	0.000530450864523
746	0.00291983574245
748	0.000766827352396
749	0.000555116075611
556	0.000758935545723
550	0.000766482757999
553	0.00153366477859
239	0.00199303362592
231	0.00149277415838
232	0.00377819372947
233	0.00114163426924
147	0.00498479506352
142	0.00150958384961
143	0.00194975877697
612	0.0
610	0.00076861405369
617	0.000662886919508
614	0.00055758920939
149	0.00080710550653
948	0.0082275795224
949	0.000758935545723
946	0.00287053475744
947	0.000460815689569
940	0.000662246266382
688	0.00140473655271
684	0.00424935941496
687	0.000662886919508
680	0.00065248266054
682	0.00269376488732
136	0.00150958384961
135	0.0040393262939
139	0.0025724709237
491	0.000579098296476
493	0.000763069377145
24	0.00384501524227
25	0.000856195837089
28	0.000493875492414
29	0.000754921662646
407	0.000817260859981
939	0.000511340732154
401	0.00199168569368
933	0.00185274455211
409	0.00172659029564
408	0.000745309059704
379	0.00044884114328
378	0.000594497639408
828	0.000530450864523
371	0.000501714230883
373	0.00302626519111
372	0.00160616611497
374	0.00103120036707
377	0.000703701352881
376	0.000647045043528
706	0.000620803068161
707	0.00457127476159
700	0.00229193240421
702	0.000571588100074
703	0.000552486388641
392	0.000765207218387
391	0.0038009883756
390	0.000458929639302
397	0.000771502181018
82	0.000958746685062
181	0.000732646138097
399	0.000508173216038
398	0.000743383279968
86	0.0004747800141
796	0.00114319996639
795	0.00301730546682
791	0.00071533174072
790	0.0144733168918
799	0.000632926050756
607	0.0
586	0.0114520161253
587	0.00168288754567
584	0.00142457355618
582	0.00101565517967
580	0.00146604866092
581	0.00205151652676
245	0.00300046471928
246	0.00153313878807
241	0.000745309059704
243	0.0
249	0.00116235765753
924	0.00167174642365
518	0.00443270119731
511	0.000465454769798
510	0.00140922796396
513	0.000632926050756
1004	0.000570264313078
514	0.0035740112604
1001	0.00187138813349
1000	0.000856195837089
458	0.00255412839613
622	0.00265774102359
624	0.00202087165063
450	0.0013507032499
629	0.00230878357488
628	0.000501714230883
454	0.00128235814578
178	0.0152691897486
199	0.00165770950913
175	0.000881142781673
173	0.0011020389646
171	0.000613358752747
170	0.00101145990347
977	0.0022880727043
517	0.00534961579436
974	0.000754621320173
971	0.00153235114249
978	0.00219294155665
656	0.00214193381521
657	0.0
654	0.0021653137342
2	0.00374229324983
187	0.00464554233621
650	0.00106681945182
185	0.00105967591078
188	0.000745309059704
189	0.00236687997364
658	0.000770732703684
659	0.000966797737068
184	0.0031463310203
868	0.00457389201064
13	0.000530450864523
15	0.00142457355618
14	0.00111607587912
17	0.000764274789903
861	0.0
863	0.000470375822231
862	0.0031661149859
883	0.00466640233131
880	0.00065248266054
887	0.000552486388641
885	0.0015223497722
752	0.00126630430066
889	0.000765423651485
888	0.00153322495032
929	0.00116844317967
322	0.000438128648092
323	0.00113214380031
321	0.00255270225872
326	0.000558368714017
324	0.0
329	0.00407183240697
201	0.000659910456878
200	0.00383132594315
776	0.000662886919508
207	0.00613962341416
206	0.000877820850761
208	0.000540905072988
779	0.000817260859981
75	0.0
74	0.00294980325697
70	0.000988807845827
78	0.0018154882232
669	0.00204760938274
668	0.00175073066337
664	0.000434396126145
663	0.000508173216038
662	0.00148808209231
692	0.00445699798914
693	0.00116844317967
697	0.00177157882301
695	0.000460815689569
698	0.000493875492414
543	0.000764274789903
540	0.00457676271938
541	0.000530450864523
547	0.00278840712149
544	0.000682748876645
548	0.0
995	0.000771502181018
994	0.00148799940996
996	0.00382676155811
991	0.00167957753147
990	0.00227853401003
993	0.000470375822231
120	0.00277597391998
125	0.0018548438997
126	0.00457984916579
127	0.00155356188903
415	0.00186164059772
416	0.00288765628134
410	0.000792425581958
920	0.00224394982733
921	0.0
923	0.00596243311876
418	0.00223494556882
925	0.00108911778754
926	0.00241056382797
499	0.00340622928078
319	0.000856195837089
313	0.006797189099
311	0.000994103223508
310	0.000546582575736
316	0.0221090811494
314	0.00701980672929
496	0.000745309059704
832	0.00453009641015
833	0.00242780723845
837	0.000530450864523
835	0.000555116075611
838	0.0083773670215
369	0.00192132121302
367	0.0025123476308
364	0.00104909331125
362	0.000449784239082
360	0.00154016952119
361	0.000493875492414
381	0.00113688903657
383	0.0022170774334
385	0.000434396126145
388	0.00145328301308
389	0.000637787453831
784	0.000925438759073
780	0.000594497639408
782	0.00535187988102
783	0.00271589857827
788	0.000423618428352
789	0.00105202260839
151	0.00190165927357
573	0.00381913338964
572	0.000460815689569
576	0.000530450864523
60	0.000460815689569
61	0.00444600708025
62	0.0
65	0.00422029985529
67	0.00523715624342
68	0.000493875492414
253	0.000633461846475
250	0.000767388276448
251	0.000493875492414
254	0.000449784239082
731	0.00286272874878
730	0.00378782393881
506	0.00859612140151
738	0.00959345191563
505	0.0
502	0.00588423151924
500	0.00381445117174
630	0.00766878294444
631	0.000763069377145
633	0.00065248266054
469	0.00302927333314
465	0.000766482757999
464	0.000705302394009
168	0.0120945986598
164	0.000960922252189
165	0.00292680095341
166	0.00689826756053
167	0.00150837843685
161	0.00284362843615
962	0.000764274789903
963	0.0014530469544
935	0.00411489978668
908	0.000751754302129
878	0.000653667582195
879	0.000885935279681
874	0.00298255146117
872	0.000493875492414
873	0.00302176061614
870	0.00106218170786
890	0.000662886919508
891	0.00692622905275
895	0.000632926050756
896	0.0
899	0.000464916187026
356	0.0181251205405
809	0.00112111115492
353	0.00226574783456
351	0.00229921171823
803	0.000767226397205
802	0.00138274517512
800	0.0
216	0.00340781851723
214	0.00794026578036
762	0.00076478648767
760	0.000530450864523
767	0.00175092585553
764	0.00247853208373
765	0.00674106994296
957	0.000745309059704
956	0.0033170886508
289	0.0
288	0.00613637711475
4	0.000989509977621
281	0.000745309059704
280	0.0260483926858
284	0.000714128261629
674	0.00153243361559
676	0.00133211861215
670	0.00169131933011
672	0.000861750788756
260	0.000758935545723
267	0.00688702651045
264	0.00050577044626
58	0.000629173373035
56	0.000999188475787
53	0.00122502299536
52	0.00304203661798
537	0.000434396126145
535	0.00254711201541
534	0.00173108718115
532	0.000566885010116
531	0.000978408629416
530	0.00154016952119
538	0.00116844317967
775	0.000555116075611
980	0.000775344763611
987	0.0144248756108
984	0.00457043202981
114	0.000775344763611
111	0.000764543601714
112	0.00838516756371
119	0.0015171996782
773	0.00076861405369
772	0.00144901041258
429	0.00256464979154
428	0.00459060230838
919	0.0
421	0.00150082056283
420	0.000891977045802
423	0.00140273040282
422	0.00145943732133
425	0.00597483990865
424	0.00150082056283
913	0.0019141966475
912	0.0081911995191
301	0.000745309059704
302	0.000764274789903
304	0.000560467476978
306	0.00199798692576
846	0.00226326871492
844	0.00171753454227
843	0.00325355711763
841	0.000662246266382
840	0.00149277415838
849	0.0018778068203
823	0.000632926050756
568	0.000905614175458
569	0.000585415024468
750	0.00460153627662
565	0.000852773072856
739	0.00139463353368
229	0.0
228	0.00182687402926
225	0.00225938980437
224	0.00228850727364
223	0.000914561157073
220	0.000703701352881
724	0.00376220999999
723	0.000856195837089
720	0.00349945673436
721	0.000751754302129
605	0.00235855470063
153	0.000570264313078
157	0.0018377054442
602	0.00150983480135
609	0.00131646127795
976	0.000585415024468
634	0.000856999783506
48	0.00853301978803
951	0.00497457480962
950	0.0016468369795
953	0.00227644442534
952	0.000764274789903
955	0.000994103223508
954	0.000745309059704
40	0.00272251326059
41	0.000856195837089
638	0.00212177010832
485	0.0
484	0.0023057602903
483	0.0
482	0.00146483596056
480	0.000493875492414
472	0.0060713166719
470	0.00168173990641
471	0.0
474	0.00126784811169
