344	0.000788883820876
0	0.00598311262781
347	0.00164838774142
341	0.000806605021048
810	0.000741582036442
812	0.00166914871308
813	0.000781546887161
349	0.00156325187362
817	0.00320087565588
718	0.00456495294051
716	0.00149194666842
712	0.000770599810598
710	0.00211506164346
915	0.00161149263759
299	0.00157832629451
294	0.0067917663704
295	0.000738369656224
293	0.000744132258701
591	0.00157820370075
590	0.00164838774142
592	0.000846900426349
595	0.00364646105098
599	0.00211918667747
197	0.000781546887161
191	0.00157548106816
190	0.00554469782437
193	0.000744907642962
192	0.000628841632071
274	0.00397010761842
277	0.00164838774142
278	0.000800821141396
526	0.000780531465572
522	0.000789980570901
443	0.00170766661219
447	0.00684134818349
445	0.000785923275845
444	0.00081268583443
103	0.00370784531675
101	0.00122693965031
106	0.000542735805361
107	0.0037125285827
104	0.00169774755325
900	0.00159918947788
31	0.000793611835636
30	0.000864384690219
35	0.00154843614541
641	0.000689517025179
644	0.000693174380291
438	0.000705876933653
646	0.00160943155219
648	0.00169630671057
435	0.00340484488603
432	0.000689517025179
433	0.000689517025179
339	0.000738369656224
338	0.00137209594976
334	0.00556921161852
333	0.000738369656224
332	0.00168803004131
854	0.000851873873987
818	0.00212586983699
857	0.000819512675543
850	0.0027237092199
851	0.0124068568974
6	0.00225997829022
98	0.000741582036442
91	0.00159171258393
90	0.0128654293407
95	0.000689517025179
96	0.00165439865137
740	0.000802391896199
742	0.00472558859603
743	0.00250651951
559	0.00296459596066
558	0.00233629343854
746	0.0234387429357
239	0.00148770858917
236	0.00288451225602
230	0.00164838774142
231	0.000689517025179
232	0.00425222102528
233	0.00153945337114
147	0.0140017878747
618	0.00233293386661
142	0.000804034003378
143	0.00138443995445
141	0.000775180476643
617	0.000846287024868
951	0.00599837841166
1004	0.00282514160632
948	0.00249009200601
946	0.00408154078164
947	0.00151972617066
942	0.000776299514226
940	0.000808684935574
517	0.000832579838375
684	0.0031188546801
687	0.00320649779525
686	0.00164838774142
683	0.00072734944876
682	0.0030793175595
133	0.00343224536839
136	0.00156267591652
135	0.00776183337542
139	0.000542735805361
497	0.00133628254024
491	0.00204404848625
493	0.0023616700352
24	0.00396559159942
28	0.000689517025179
939	0.000778820221125
404	0.00071956698496
402	0.000954216251476
933	0.0123182706351
931	0.00164838774142
936	0.00252832378922
409	0.000738369656224
379	0.00076163141038
378	0.00129335301151
828	0.0
371	0.000776299514226
373	0.0015710144248
372	0.00216568146657
377	0.0
700	0.00247783364865
702	0.000638717757372
703	0.000811976190175
392	0.00246322672984
391	0.000785923275845
181	0.00394607965671
796	0.00209991781306
795	0.00232998168838
791	0.00075368378115
790	0.00581638886942
586	0.013485048822
587	0.000797364842294
584	0.000782185174867
582	0.000689517025179
580	0.00156700989261
581	0.00243742288074
245	0.000689517025179
246	0.00125617744791
241	0.00234365037825
249	0.00806510502512
248	0.00227711316365
924	0.00128572733864
519	0.000756265760933
510	0.0
513	0.000808924184689
512	0.0015219401589
514	0.00454886868862
1001	0.0027210858185
516	0.000616996230073
458	0.0038789552852
622	0.00139476093322
626	0.000806429563294
450	0.00308366174174
629	0.00624567110569
454	0.00251483203974
178	0.00681340453344
199	0.00137169641491
175	0.00202808586083
173	0.00204991052534
171	0.00244920888282
977	0.00661068755909
976	0.00152000767143
972	0.00164838774142
971	0.00166567809239
978	0.0038522763283
656	0.00320304521074
654	0.00180912762931
2	0.00249904444869
187	0.000770599810598
650	0.00241359670904
185	0.00165336266163
188	0.00232361662206
189	0.0043045730632
659	0.000806593127231
868	0.00338240870343
13	0.0
14	0.00196515441411
16	0.000744775908651
863	0.00246919523331
862	0.00147650400908
867	0.000608493358317
866	0.0
883	0.00154903705387
881	0.000756497397076
886	0.00081268583443
885	0.00170454070115
355	0.00164838774142
322	0.000601726164468
321	0.00233076793723
326	0.000851873873987
327	0.000628841632071
329	0.0
688	0.0
775	0.00234819957002
774	0.000759014446329
776	0.00235854626821
771	0.00402677094133
773	0.000703058579846
772	0.00671128721953
208	0.00216501154418
74	0.00342327053894
73	0.00155570760562
70	0.00156518233265
78	0.00146952263159
669	0.000744775908651
668	0.00157281752734
664	0.000761922969379
662	0.00244762182292
692	0.0062607661498
693	0.00301499033805
696	0.000689577538997
697	0.0024333826335
698	0.000689517025179
542	0.00477793254902
543	0.000787281584991
540	0.00207515452961
541	0.00137410756642
546	0.000796656813589
547	0.00232361662206
544	0.000744775908651
995	0.00156692480891
994	0.00222756130942
996	0.00269824462036
991	0.00152835022712
993	0.000825252594338
992	0.000791270640183
120	0.00144051238748
125	0.000459033843846
126	0.00420608394564
127	0.000744775908651
414	0.000787281584991
415	0.00146938371106
416	0.0229013436453
410	0.0007316280631
920	0.00475382410503
418	0.00194692234765
925	0.000689517025179
926	0.00243836831232
499	0.0116679936735
319	0.00143942566482
318	0.000777990931784
313	0.00428239896899
311	0.00139257560503
310	0.00184741730256
316	0.00490680692177
315	0.000846146486487
832	0.00265645369072
830	0.00241663675147
834	0.000781546887161
838	0.00084616541685
369	0.00243005183541
366	0.000777990931784
364	0.000689517025179
365	0.000742556967269
362	0.00304880479247
361	0.00137705851621
381	0.00189982775526
383	0.00384660381041
784	0.000806593127231
780	0.00195133291297
782	0.00256606736192
783	0.00182758962319
789	0.000689517025179
573	0.00255738024539
577	0.00164838774142
61	0.0110495915463
62	0.00399875459003
65	0.00234444270151
67	0.00473242365672
68	0.000689517025179
253	0.000808684935574
250	0.00568042447572
251	0.000689517025179
256	0.000852666827164
731	0.00156393557108
730	0.00163441340748
732	0.00148785955015
736	0.000776299514226
506	0.0041711912258
738	0.00180912762931
502	0.00377301644345
500	0.00249097304054
630	0.00477429904936
633	0.00149232822179
469	0.00155366980735
638	0.00125676480212
464	0.00226595582378
168	0.00258023868412
169	0.00144691643372
164	0.00328602185697
165	0.000788883820876
166	0.00424263115068
167	0.00309192768304
160	0.00234098093233
966	0.00172652400533
963	0.00159756875645
935	0.00474474412072
908	0.000864384690219
909	0.00221852827065
879	0.00121168038088
872	0.000689517025179
873	0.000689517025179
870	0.000776299514226
891	0.00472166444326
647	0.00159519099491
898	0.000767876390262
356	0.00248814146975
809	0.000689517025179
808	0.0
353	0.00237626353171
803	0.00086509734037
802	0.00151812880746
800	0.000800507367504
216	0.00233096303005
214	0.00639972979829
762	0.00252793995817
955	0.00352757823851
761	0.00186324375421
767	0.000738369656224
764	0.00209541241388
765	0.00602052195915
957	0.00230241857797
956	0.00234132873637
288	0.0039286292762
4	0.000776299514226
285	0.00164838774142
674	0.00339999873711
676	0.000459033843846
677	0.000857577193127
671	0.00078369670879
267	0.00674354984966
264	0.00137157906686
58	0.00144401128651
56	0.00219476319287
50	0.000488634657108
53	0.00235009511081
52	0.000849025249684
537	0.000719281830216
535	0.00242103856213
534	0.00311387856474
532	0.0
531	0.000689517025179
530	0.00623279442741
538	0.00148088576392
988	0.00154843614541
200	0.00156325733745
980	0.00230408678268
987	0.021466766221
984	0.000846287024868
114	0.0007316280631
111	0.00171416245239
110	0.00344309278783
113	0.000797262957048
112	0.00342295843757
207	0.0147947163455
429	0.000840354219655
428	0.00321266160261
421	0.00232998168838
420	0.000488634657108
423	0.00195430392212
422	0.000733006570685
425	0.00424781625127
424	0.0031064222348
427	0.00151174351542
912	0.00256956695097
855	0.00162672351781
301	0.00155366980735
302	0.000819512675543
306	0.00322242365053
847	0.000778489330711
846	0.00157676039098
844	0.000777990931784
843	0.000744775908651
841	0.00158729765895
840	0.000689517025179
849	0.00136225900031
823	0.00162377560508
568	0.00304910543262
569	0.0155366009355
561	0.00236328386041
509	0.00258992966022
565	0.00158171859334
739	0.000781546887161
229	0.00161345824077
228	0.00148250191492
226	0.00138115366688
223	0.000781546887161
220	0.000808684935574
724	0.00379771003452
722	0.00081268583443
723	0.00239226065424
720	0.00239011241986
729	0.0
605	0.00372731023292
150	0.00142273927844
607	0.00161504717972
157	0.0040055903397
602	0.00342483416747
159	0.00471281998842
609	0.00168945685169
83	0.0024321589564
48	0.00155394695355
46	0.000542735805361
950	0.00454886868862
952	0.000781710168138
42	0.000471387513512
954	0.00157494618334
40	0.00084616541685
41	0.00234990385433
5	0.000678302638781
487	0.000542735805361
485	0.00403975666456
482	0.00219476319287
480	0.000689517025179
472	0.00257385886945
470	0.000738369656224
471	0.0104941612485
477	0.000612050433955
478	0.000705876933653
