344	0.00451447331997
341	0.0011521623386
343	0.00207047669666
810	0.0025256521972
812	0.00399522523665
817	0.00200285749925
718	0.00115347746284
713	0.0019173941175
712	0.0
711	0.0
710	0.000707114759456
421	0.00415910757293
299	0.0028039416258
293	0.0
290	0.0
291	0.00429913523492
591	0.00115347746284
592	0.00307610416981
199	0.00163840322268
597	0.000666386792018
596	0.0
599	0.000624204479535
191	0.000957871283504
192	0.000624204479535
275	0.00164269735562
278	0.00103787628442
526	0.00132183400529
527	0.000733286353039
443	0.0
441	0.00142862494574
447	0.00161412510332
444	0.000845661307901
102	0.00110067837853
103	0.000663133217307
101	0.000663133217307
107	0.00618765245697
104	0.00188980952676
900	0.002028607603
38	0.00102230130519
905	0.0
32	0.0
31	0.0011521623386
35	0.00103489614768
641	0.000859026865851
643	0.000814623489925
644	0.00274970242642
647	0.0011521623386
439	0.00179954031829
432	0.000859026865851
433	0.000859026865851
338	0.00214765271364
335	0.0196806958512
334	0.00529237187369
333	0.00207698907168
332	0.00190568754573
854	0.0
855	0.00147338467747
857	0.00230075525339
851	0.00388406189718
98	0.0135147990577
90	0.00384374077288
92	0.0011521623386
95	0.000859026865851
96	0.00311028993741
742	0.0111529912573
743	0.00442285371101
559	0.00286012488994
745	0.000624204479535
553	0.00163882810292
236	0.00575203718474
231	0.00476198603256
232	0.00182512574704
233	0.000815867129557
1	0.00164829785089
146	0.0
147	0.00293210650939
618	0.0
142	0.00227434779873
143	0.0
141	0.00205667419606
612	0.00225735094852
617	0.00450627883681
512	0.000644203088271
949	0.0035304677508
947	0.0
942	0.000818728595145
688	0.00143882796946
684	0.018025228021
687	0.00427779812178
680	0.00140953197862
682	0.00258843598161
136	0.00230248391041
135	0.00658728797238
134	0.00272779612304
497	0.0
491	0.00130473641871
28	0.000859026865851
29	0.00185201262257
407	0.0
405	0.00155882691958
404	0.00118092724803
401	0.00658777442568
936	0.00231982020339
409	0.000624204479535
371	0.00175506440142
372	0.00113041449463
374	0.00114896959635
377	0.00291015960296
709	0.00184245233432
704	0.00364402314272
707	0.00103787628442
700	0.00207343323403
702	0.000624204479535
82	0.000733286353039
83	0.00125100445327
398	0.0
795	0.00528400770738
790	0.00381605546552
7	0.000836751782923
586	0.0304710954351
587	0.000733286353039
582	0.000859026865851
581	0.00231982020339
245	0.00410385458034
246	0.000663133217307
241	0.00103489614768
510	0.00145441791305
1004	0.0023111611758
514	0.0
1001	0.00134667592916
458	0.00670329875453
622	0.00435401592503
624	0.000788373381362
450	0.00100682955462
629	0.00395990282158
628	0.000733286353039
454	0.00679543752101
456	0.000733286353039
178	0.00691911031785
175	0.00326165953817
173	0.000644203088271
170	0.00223797988704
977	0.00275042346738
517	0.00326378367913
971	0.0011521623386
979	0.00130312056191
978	0.00656570121898
654	0.00194575495618
2	0.0102924962715
650	0.00258843598161
185	0.000859026865851
188	0.00318772500005
189	0.00160894329595
659	0.00124117267511
184	0.00214183875336
13	0.000666386792018
12	0.000733286353039
15	0.00204936547057
14	0.0011623369902
17	0.0011521623386
862	0.0
867	0.000814623489925
866	0.000868770101472
881	0.00151297318974
880	0.000798643616449
886	0.00184190390311
322	0.00410154204312
320	0.000816248548725
321	0.0
326	0.0
329	0.00280606857985
201	0.000814623489925
774	0.0
771	0.00499560326032
207	0.00536095555818
772	0.0
209	0.00115907003188
208	0.000814623489925
77	0.008000874316
72	0.000818728595145
78	0.000624204479535
664	0.000814623489925
663	0.00314969589522
692	0.00197220605798
693	0.00115429251366
696	0.0
697	0.000733286353039
698	0.00493317467525
699	0.00201519687831
542	0.00472222360333
543	0.0011521623386
540	0.00666397563531
541	0.00130312056191
546	0.00201743428868
547	0.00103489614768
549	0.000425558412327
994	0.00247567020004
996	0.000657031983381
990	0.0011521623386
125	0.00292036756002
126	0.00687818029867
127	0.00115347746284
928	0.000495950198181
415	0.00227540143054
416	0.0232223329335
410	0.0
921	0.000666386792018
923	0.000666386792018
418	0.00132948090016
925	0.0
499	0.00164965857581
319	0.00345365434256
313	0.00353200592937
311	0.000859026865851
310	0.00327402035731
316	0.00706778475801
832	0.0023524092999
833	0.000733286353039
838	0.0011485929148
364	0.000859026865851
362	0.00614019598511
361	0.000859026865851
381	0.000814623489925
383	0.00144120885805
388	0.00273294025444
784	0.00124117267511
782	0.00756388471921
783	0.00194575495618
788	0.00103382516122
789	0.00178710115457
573	0.00161412510332
572	0.0
577	0.00297577237839
575	0.00392088442404
61	0.00115347746284
62	0.00435406221358
65	0.00115347746284
66	0.0
67	0.00661882042228
68	0.000859026865851
250	0.00365575015791
251	0.000859026865851
256	0.00179954031829
939	0.0010278064325
731	0.00137733182095
730	0.00173246561108
732	0.000714312472872
737	0.000814623489925
509	0.0
506	0.00631898457469
738	0.0101011573703
502	0.00325432532869
630	0.00387754888716
633	0.00220877988513
469	0.0145191639916
468	0.000814623489925
465	0.00207343323403
464	0.000814623489925
927	0.00179954031829
901	0.00125100445327
168	0.0125569325881
169	0.000556722768498
165	0.00786289652528
166	0.00278001013808
167	0.0030862709362
966	0.00180734771373
963	0.0011014405735
908	0.00374985575282
879	0.00205010773769
872	0.000859026865851
873	0.00167633920596
870	0.00141516245629
871	0.000733286353039
890	0.00117839506526
891	0.00132183400529
898	0.000879517833086
646	0.00261273243786
356	0.00867988308475
809	0.000859026865851
808	0.000814623489925
216	0.0
214	0.00726449803487
769	0.00124117267511
762	0.00362877601652
761	0.000921508610508
764	0.00167633920596
765	0.00749005663623
957	0.00103489614768
4	0.00144120885805
281	0.0
280	0.000845661307901
676	0.0014630963276
670	0.00169414132301
671	0.00115907003188
672	0.00179524957944
260	0.00179954031829
267	0.00161412510332
266	0.0038147371966
269	0.0
268	0.00540537849162
58	0.00256939148317
56	0.00170017645992
53	0.00179954031829
52	0.00905575156902
537	0.00163087203865
535	0.00326378367913
534	0.00330487365036
532	0.00331802630272
531	0.00301658279434
530	0.00527155437366
988	0.00106097906824
200	0.00230248391041
980	0.00351616936281
987	0.0250329115793
984	0.00517675529388
985	0.000814623489925
117	0.00211791761497
111	0.00161412510332
113	0.0
119	0.00207343323403
118	0.00189900819933
429	0.00434098805444
428	0.00344897148664
918	0.00348239611005
915	0.0253639877932
420	0.0
423	0.0033536315605
422	0.000676245625581
424	0.00419800707583
427	0.00082826995283
912	0.00859381291104
301	0.00103489614768
302	0.0011521623386
303	0.0
304	0.00144120885805
952	0.00227953724086
306	0.00249217712838
846	0.0011014405735
844	0.00356317736446
843	0.0
840	0.00167633920596
849	0.00167513237425
568	0.0
569	0.00115347746284
561	0.0011014405735
758	0.00180399576675
565	0.00244632620266
566	0.0
739	0.0011521623386
228	0.00194985233711
227	0.0
223	0.00515433726657
220	0.0
724	0.0
723	0.00122606151424
720	0.0147857431683
605	0.00186237045906
607	0.0195978768153
152	0.0
157	0.00465996725923
602	0.00553110881717
159	0.00926832674178
48	0.00164965857581
951	0.0
950	0.0
953	0.00230000189029
45	0.0
955	0.00246583967607
954	0.00103489614768
40	0.0
956	0.00716489201194
638	0.00316230997224
5	0.00162455559598
483	0.00115347746284
482	0.00301710599105
472	0.0055381610065
471	0.00170017645992
