344	0.00139710379306
0	0.00251002680751
347	0.00240908092061
343	0.00173821039153
817	0.00370704583711
718	0.00531553915061
716	0.00177771386065
714	0.0
713	0.0013040689164
710	0.00124609681358
421	0.00237082661684
424	0.00237082661684
294	0.00532780786918
295	0.00124609681358
292	0.0013104925001
290	0.00403621338491
591	0.00396427889393
590	0.00121324858114
593	0.00393996502916
592	0.0051724033495
595	0.0026111198767
599	0.0025459519804
196	0.00127935147561
193	0.0065308842493
272	0.00507679436593
275	0.0
277	0.00121324858114
278	0.00130676989784
526	0.00192826854472
528	0.00128454108711
443	0.00524065374417
440	0.0
447	0.00136142872524
444	0.00397789795431
101	0.0018780534594
106	0.00163428716355
107	0.00514019839241
104	0.0027961199544
105	0.00210674554803
900	0.00253179363529
32	0.00244074858392
30	0.0154359172621
35	0.00237082661684
643	0.000855889639859
644	0.0
647	0.000874708357889
646	0.00263897409613
649	0.00124422315785
648	0.00141103389135
435	0.00273307619901
339	0.00124609681358
338	0.00395185849082
334	0.00217867841577
337	0.00622513347874
45	0.0
333	0.00124609681358
332	0.00130357638687
854	0.00248367788609
855	0.00270914950835
857	0.000602008585269
850	0.00128288565562
851	0.00473052892911
6	0.00249586404997
98	0.00783075003618
90	0.0153851524874
92	0.00172797763236
95	0.0013104925001
740	0.00120521657892
742	0.00907358896889
743	0.00565246610395
558	0.0
551	0.00131764361918
552	0.00118978350786
236	0.0
230	0.00381511981368
231	0.0
232	0.00140418523387
233	0.00126905279996
147	0.0170353818698
142	0.00172797763236
141	0.00118978350786
616	0.000691793889437
617	0.0
614	0.00118978350786
149	0.0
514	0.0
685	0.00273180069985
684	0.00392252524132
687	0.000979323001569
686	0.00353060980214
681	0.00105915172114
680	0.0025077830133
137	0.00129913757939
136	0.000853269274474
135	0.0114416796213
134	0.00250694823971
495	0.00252333062343
493	0.000975271404039
24	0.00193485858096
27	0.00121324858114
29	0.00124616443029
405	0.00127269693775
402	0.000860798107225
401	0.00262845657062
933	0.00121324858114
936	0.00141103389135
409	0.00124609681358
758	0.00270188015365
828	0.000808457925664
372	0.00258223416773
823	0.00131764361918
704	0.00142159771996
707	0.0104197070404
700	0.00251385828147
703	0.00131069431167
393	0.0
397	0.0
395	0.0
86	0.00131069431167
795	0.00237082661684
790	0.00525210113061
586	0.0149239585158
587	0.00217898550094
585	0.0
581	0.00536084258832
246	0.0038219269962
241	0.00222479862617
249	0.00249586404997
510	0.0018201462719
513	0.00131764361918
1004	0.00172847592874
1003	0.0013040689164
1002	0.0
1001	0.00252847961443
450	0.0100970637261
629	0.016665852265
628	0.00127269693775
454	0.00532595444315
457	0.00103883229365
175	0.00179663156779
171	0.00253085807766
977	0.00412283986669
976	0.00124609681358
975	0.0
972	0.00121324858114
978	0.0226227758579
656	0.00118611342786
657	0.0
2	0.00249418223437
184	0.00231643802584
185	0.00136142872524
188	0.00355239073101
658	0.00440905791182
659	0.001317789014
650	0.0011713491892
868	0.00554670171957
15	0.0
14	0.00128288565562
863	0.00259084765909
862	0.00251002680751
866	0.00196722229803
883	0.0
881	0.0
886	0.00130357638687
885	0.00274040445414
322	0.000860798107225
323	0.00260731558729
326	0.00365683621412
327	0.0
324	0.0019448502126
775	0.0
200	0.00154202336648
776	0.00129985516681
771	0.00259689396038
770	0.00131764361918
207	0.00237082661684
772	0.00911672744337
779	0.0011518060482
77	0.00698927739014
75	0.00252451919165
73	0.00132068535151
78	0.00124609681358
663	0.00268094437913
662	0.00256592243537
692	0.0013595022627
693	0.00495313686362
695	0.00254523170413
542	0.00528043068238
540	0.00238930398879
541	0.0
547	0.00355688279549
8	0.0
991	0.00241213108049
993	0.00129714800053
120	0.00388528578056
122	0.000936676412554
126	0.00141103389135
127	0.00124609681358
414	0.0
415	0.0038161069357
416	0.00678199732451
920	0.000955342743039
921	0.000816203998387
922	0.00127269693775
418	0.00150799788782
926	0.00121324858114
499	0.00263468878581
319	0.0
318	0.00119465177034
316	0.000853269274474
833	0.00240549435126
835	0.00253828853589
838	0.00122584186406
369	0.00404042549653
364	0.000691793889437
360	0.000975271404039
381	0.00128288565562
383	0.000958637761161
784	0.001317789014
782	0.00273307619901
788	0.00362572890868
789	0.00130324310118
151	0.0013576856653
578	0.00132867024042
573	0.0
577	0.00121324858114
607	0.00244000032835
575	0.00140418523387
61	0.00700342784744
62	0.00263897409613
65	0.00920768508592
66	0.0
67	0.0
253	0.00406697413909
250	0.0052102173941
256	0.0041626028035
257	0.0
731	0.0
732	0.00252333062343
737	0.0
736	0.00119465974048
738	0.0
505	0.00124422315785
502	0.00648033973671
500	0.00266862948987
630	0.00523734771948
631	0.000975271404039
633	0.00388223619488
469	0.0153678913316
464	0.00241250766608
927	0.0236841453256
462	0.0012022857573
168	0.0153620672716
166	0.00141103389135
167	0.00706519927892
160	0.00288277131873
966	0.00120030178094
963	0.0
909	0.0
870	0.00124422315785
890	0.000975271404039
891	0.00289517628018
356	0.016596247617
808	0.00248830656782
803	0.0
802	0.0012623460485
214	0.0106095600965
769	0.00654311629222
763	0.00132867024042
767	0.00124609681358
765	0.00553843863436
40	0.00766981657079
4	0.0
280	0.00182854067851
285	0.00121324858114
674	0.0
670	0.00175170189432
671	0.0
673	0.00120030178094
260	0.00561646289388
267	0.00269674958555
264	0.00133484711298
58	0.00262989745465
56	0.00130324310118
53	0.00131069431167
537	0.0
535	0.00264580575157
534	0.00482702336707
532	0.000868241563413
531	0.00388643253903
530	0.002890201324
538	0.00378599805027
201	0.00128288565562
988	0.00237460377546
980	0.00226441894828
987	0.00390591195964
984	0.00269764794551
111	0.00142010444585
113	0.00131764361918
112	0.0
205	0.00256792795913
118	0.00126392999393
429	0.00395788602814
428	0.00282767047355
918	0.00135659953774
915	0.00688582310685
423	0.00560738177377
910	0.0
912	0.00845315880547
308	0.00240908092061
301	0.00237429497677
303	0.00173821039153
306	0.00526461738324
846	0.00193985655302
844	0.00264995391502
840	0.00597301797424
377	0.00729776820195
568	0.00126392999393
569	0.0360875215947
561	0.00193985655302
509	0.00244943973677
566	0.0013576856653
229	0.0
228	0.00124609681358
227	0.0
220	0.00261155589604
724	0.00371395698072
722	0.0039979803069
720	0.0048162026217
605	0.00597917762994
150	0.0012742298819
153	0.000816203998387
157	0.00132197336618
602	0.00564702273483
159	0.00134763715259
158	0.0
609	0.00260851494176
634	0.00120521657892
48	0.0
951	0.007891523896
950	0.000860798107225
952	0.00129076267727
42	0.000860798107225
954	0.00237082661684
957	0.00118978350786
956	0.00400324742938
5	0.0
485	0.00263961698535
482	0.00124609681358
472	0.00562687625323
470	0.00124609681358
