344	0.0018548268558
0	0.00175286351071
341	0.000940559359082
343	0.000797120329462
812	0.00139013202029
349	0.00273466672889
817	0.000853168138541
719	0.000877730797054
718	0.002997089273
716	0.0
710	0.000992807148695
915	0.005666602267
910	0.00102564449413
294	0.00151129502276
291	0.0010927175985
591	0.000924797971108
590	0.00124028565379
592	0.00599882217081
595	0.0
197	0.0
191	0.00254880799494
190	0.00408106349769
270	0.000877730797054
274	0.00182632604931
275	0.00137783370203
277	0.0
278	0.0
526	0.00199655690757
522	0.000977254077448
528	0.0
443	0.00504626158941
441	0.000915386343814
447	0.00151666825424
445	0.000980403906981
444	0.0
103	0.0019291631102
101	0.000542245582232
107	0.0035777100562
104	0.00422343803599
105	0.000781532325689
900	0.000964415138614
38	0.00086848118982
32	0.00190586933477
31	0.00280472776928
30	0.00440574500313
35	0.002563147762
643	0.000709038001843
645	0.00098920392572
644	0.00281274288721
647	0.00196772016372
439	0.00149246945673
437	0.000877730797054
435	0.00731785253918
432	0.0
433	0.0
335	0.00285906415005
337	0.00436828681926
333	0.000869981438077
332	0.00880633674821
558	0.00227364053728
855	0.0
857	0.00479178149697
850	0.00190337529118
851	0.00176855448236
98	0.00229454143146
90	0.0123185510711
92	0.00092560430835
741	0.000443541268379
742	0.00580193259034
743	0.00635987098589
559	0.0
745	0.000877730797054
746	0.0
550	0.0
553	0.0
239	0.00207879453796
236	0.00157275502819
230	0.00157189042434
231	0.00327496236016
232	0.00882917129296
233	0.00230524764271
618	0.000473735302726
142	0.00575999963785
143	0.000956627852821
614	0.000853168138541
149	0.0
948	0.00541429380263
949	0.00277207260531
946	0.00139825728832
947	0.0
945	0.000877730797054
942	0.000903334155377
940	0.00108818614298
517	0.00148050188976
685	0.00196263006033
684	0.00178478985673
687	0.00517837201773
682	0.000877730797054
133	0.00150949785125
137	0.000903334155377
136	0.00092560430835
135	0.00544527823119
134	0.00120182383296
497	0.0
491	0.000782896617454
493	0.00196506994941
24	0.00521641350771
25	0.000518382362713
29	0.00136364052829
407	0.000912791127043
402	0.0
401	0.00656118371116
931	0.00124028565379
936	0.00305028249132
935	0.0
379	0.0
828	0.000877730797054
371	0.000915386343814
373	0.000865112627894
374	0.00506771881505
377	0.0
704	0.00160179500375
700	0.00818901143054
144	0.000443541268379
702	0.000877730797054
703	0.0011412020934
391	0.000980403906981
397	0.0
176	0.00147756185925
82	0.000915386343814
83	0.0
399	0.00149298526273
86	0.00344494091074
84	0.0
795	0.00258332334672
791	0.00107475020852
790	0.0152048322108
607	0.00371366545501
586	0.0278826763325
587	0.0
585	0.00594993622446
582	0.000646370180442
580	0.000443541268379
581	0.000915386343814
245	0.00067431894313
246	0.000542245582232
241	0.000853168138541
249	0.00087475853365
924	0.00448603640484
1004	0.00130252239088
514	0.000726264649905
1001	0.000877730797054
516	0.00270362109529
458	0.000953577315215
622	0.0
951	0.00546153235088
624	0.000813197854138
450	0.000915386343814
629	0.00912525243371
628	0.000915386343814
454	0.0046495718661
457	0.0
178	0.00264422283186
199	0.00264415191176
175	0.00275383970269
173	0.00273104818572
171	0.00124028565379
170	0.000915386343814
977	0.00365751910067
975	0.0
971	0.000919931296919
979	0.000877730797054
656	0.000869698196488
657	0.000877730797054
654	0.000877730797054
2	0.0028844533482
652	0.0
187	0.0
650	0.00178409969349
185	0.00277765202016
188	0.000853168138541
189	0.000383502848825
658	0.00095454071931
659	0.00127191321956
184	0.000643644446222
868	0.00875643721407
13	0.00267109541237
14	0.0054905160281
17	0.0018953860582
19	0.000427231751088
863	0.0011412020934
862	0.00224817747935
881	0.00264961443719
887	0.00151979500769
885	0.00151666825424
323	0.000726264649905
321	0.000473735302726
327	0.00157387561831
324	0.0
774	0.0
758	0.00309446163434
771	0.00569854274038
773	0.0
209	0.00450941344031
208	0.00109995567469
77	0.00151666825424
75	0.00246925062825
74	0.0104908808897
73	0.000852964612479
669	0.000443541268379
668	0.0
663	0.00189013718576
662	0.00169516284086
692	0.0
693	0.000886180652093
696	0.000425382357313
697	0.0
695	0.00098920392572
698	0.00409336637301
542	0.0010230285453
543	0.00277373394208
540	0.00131504328178
541	0.00178709839308
546	0.0
547	0.00170172060453
544	0.0031458385609
8	0.000443541268379
549	0.000903334155376
994	0.0
996	0.00344580460563
990	0.0130164180767
120	0.0061240415322
122	0.000877730797054
126	0.00841874827761
127	0.0
415	0.0010927175985
416	0.0147494762336
410	0.00180467396185
920	0.00204452151107
921	0.000877730797054
923	0.0
418	0.00235970407757
925	0.0
926	0.00495351384225
499	0.00206268867259
319	0.00142731261794
318	0.00147779920892
313	0.0075029161215
311	0.0
310	0.00133286228734
317	0.00173604379468
316	0.00196282680958
837	0.000877730797054
838	0.00190919728044
369	0.0
364	0.0
362	0.00151979500769
360	0.00197517810675
381	0.00371889029605
383	0.00603445236739
386	0.000435194952502
388	0.0011412020934
784	0.0
782	0.0132762505875
783	0.000877730797054
789	0.00102564449413
151	0.0
573	0.00296263707833
577	0.00312015472613
576	0.00178709839308
575	0.00299828696328
61	0.00293759984386
62	0.0
66	0.0
67	0.00552422097077
250	0.0
730	0.00448614290244
737	0.00202147814826
506	0.0091296022579
738	0.0299886676039
505	0.00086848118982
502	0.00716211854901
500	0.00971940812248
630	0.00300689280399
633	0.00112396783884
469	0.013743559058
468	0.00195249095198
464	0.0
927	0.00112396783884
168	0.0163037367297
169	0.0
164	0.00171398191678
165	0.00659751503745
166	0.00890289679387
167	0.00262571553337
963	0.00091626275395
969	0.000893180635246
908	0.00147744677831
909	0.00148048697745
873	0.00067431894313
870	0.00178386753363
890	0.0031684893499
891	0.00406639498439
646	0.0
648	0.00732584695743
356	0.0148995885497
808	0.00083041714775
353	0.00101459803186
803	0.00146929080825
804	0.000878909514189
216	0.00192155099829
214	0.00544016778761
952	0.00187067049211
762	0.0042325885988
761	0.00363958673362
767	0.000916317513583
764	0.00196423638312
765	0.0135128208764
956	0.000953577315215
288	0.00590037314838
4	0.0147069323098
280	0.00365392601967
674	0.00291874943395
670	0.0
671	0.0
260	0.00297754467582
267	0.00588133840353
58	0.000737167636461
50	0.0
52	0.00282745118519
537	0.00176899687908
535	0.0
534	0.000631208940138
532	0.00569706510767
530	0.00395859699005
988	0.00117254312591
200	0.00186388108956
980	0.0
987	0.0
984	0.00300204100171
111	0.00147756185925
110	0.00149432132791
112	0.00715079406162
118	0.00183822511271
207	0.00957321417656
429	0.0022559405878
428	0.0113705561483
421	0.00171821071883
420	0.0
423	0.00219661257109
422	0.0
425	0.00417100096291
424	0.00435262661612
912	0.0210803392482
301	0.000853168138541
302	0.00186955410099
305	0.00139825728832
306	0.00510381134296
846	0.00187080347326
844	0.0
843	0.00183350865639
840	0.00132068912357
849	0.00281162798319
823	0.0
568	0.0
752	0.001242131607
561	0.00479063611975
563	0.00086283281587
565	0.0
229	0.00223632835817
228	0.00204579682239
223	0.000851328451525
220	0.00248057130758
723	0.00127423151245
720	0.0
721	0.00587120852674
729	0.0
605	0.00204579682239
153	0.0
602	0.00307924178206
609	0.00786418579762
48	0.00314831174336
46	0.00140240501902
950	0.00320446680574
953	0.00277992086196
45	0.0
955	0.00064919310134
954	0.00171828076643
957	0.000853168138541
41	0.000852964612479
5	0.000446914298925
483	0.000997933040263
472	0.00599103214936
