344	0.0026725301555
0	0.0019758035621
347	0.000970942483318
343	0.00682047164646
812	0.000831492033685
814	0.00145258500405
349	0.000931247476314
817	0.00200521905355
719	0.0
718	0.0084894911504
717	0.000790165077053
716	0.00191111536609
713	0.00146545218482
712	0.00380085502974
711	0.00196774467532
710	0.00193467204446
915	0.00380584917522
910	0.000888762545311
299	0.00148096833979
294	0.00146975425842
295	0.000989484450229
292	0.00312746588567
290	0.0019748103752
291	0.00229883991936
591	0.000940923387055
590	0.000336869084729
592	0.0022438559759
595	0.000949210121098
599	0.00197760596417
197	0.000888762545311
191	0.00209034363129
193	0.00398473862027
192	0.00205770902252
272	0.000750775289933
273	0.0
275	0.00458517471754
277	0.000336869084729
526	0.00187296270084
528	0.0
443	0.00143841538175
447	0.00137584878621
103	0.000945187594235
101	0.00290420567314
107	0.000735420930062
900	0.00223162066221
38	0.0
905	0.0
32	0.00194407426688
31	0.00450938191398
30	0.00537021544949
35	0.00102891054896
644	0.00179774649
647	0.00175828274228
439	0.00131776274883
648	0.00146975425842
435	0.00282843379027
335	0.0
334	0.0212693348006
337	0.00120522418755
333	0.00376632236634
332	0.00450690507934
854	0.0
855	0.000716516006332
857	0.00178938998871
850	0.00217477185578
851	0.00308004499407
858	0.0
6	0.00194308009531
98	0.00668021576736
90	0.00653597225769
742	0.00433531532578
743	0.00141969545247
559	0.00530615946123
745	0.00110342010017
746	0.00306380864681
557	0.001449583506
550	0.000938513766747
552	0.0
239	0.0018366773421
235	0.000954121981952
236	0.00166859590042
230	0.000336869084729
231	0.00204487045676
232	0.00420908082458
1	0.00177233049196
147	0.00412104107712
142	0.00250477777815
143	0.0
612	0.001039340622
617	0.00193876543627
614	0.00204015053687
149	0.000945187594235
947	0.0
942	0.00359286226686
685	0.0038091590896
684	0.0
687	0.00251862060779
686	0.00106690033949
680	0.00203393054161
132	0.000805591203733
137	0.0011121250643
136	0.00177815115085
135	0.00759170179535
134	0.00300130928089
139	0.0
497	0.0
493	0.00191596583683
24	0.00192297125085
25	0.0
29	0.000939530047055
407	0.00090463629892
939	0.0
402	0.00329348441372
401	0.00477685438936
933	0.000970942483318
936	0.00256206124262
409	0.000989484450229
371	0.001120198156
374	0.00331008445651
377	0.00581596116625
706	0.000805591203733
707	0.000735420930062
700	0.00585022998641
702	0.00439838298503
703	0.00108739502921
392	0.00155942802161
82	0.00105532248117
181	0.00174985152132
399	0.00266737511923
86	0.00139125311059
796	0.00184726010243
795	0.00395879954571
790	0.00676879306424
607	0.00793443833067
586	0.0122441094048
587	0.00101803538304
582	0.00229074247086
580	0.000758797650981
589	0.00098690898624
245	0.000693969814735
246	0.00396729108258
243	0.000941204083439
249	0.00193565049884
248	0.000954737808879
924	0.000916428726678
510	0.00971458636101
513	0.0
1004	0.000828937000322
514	0.0016027305695
1001	0.00285029717572
458	0.0
622	0.00307432973782
951	0.0
450	0.00164146644282
629	0.0178668505154
628	0.00316202576454
454	0.00616834839793
178	0.0207909286782
199	0.00179774649
175	0.00278434819372
173	0.00275842338663
171	0.000970942483318
977	0.000890989547461
976	0.000989484450229
972	0.000336869084729
971	0.000883120667411
253	0.00395508921221
978	0.00909682772357
654	0.00373721126212
2	0.00136861331876
187	0.00380929147529
184	0.00193716426243
188	0.00411140329829
189	0.00665772659509
658	0.000938513766747
650	0.0
868	0.00383247148947
15	0.0010164963221
14	0.00753078324553
16	0.00635094293039
19	0.00275723263889
863	0.00111768445795
862	0.00594400686117
866	0.00191303083323
883	0.00278726052755
881	0.000938918730021
887	0.000996624945929
885	0.0116052954373
355	0.000336869084729
322	0.00196376826331
323	0.000805591203733
321	0.000939246884405
327	0.000970002982319
328	0.00110342010017
329	0.00225849765482
201	0.00094616604861
774	0.0
776	0.00106603560374
771	0.00666045986163
773	0.0
772	0.00401102398269
208	0.000923787756209
779	0.00187159090627
77	0.001449583506
75	0.00168801094105
74	0.00153649502392
70	0.00210537622574
78	0.000989484450229
664	0.0
663	0.0019027564733
662	0.00227177513182
692	0.00712707053106
693	0.00197760596417
690	0.00094616604861
696	0.00205801227193
697	0.00360225217997
698	0.00419169632325
699	0.00135708104516
543	0.000883120667411
540	0.00208714017739
541	0.00179122612185
547	0.00197925931693
549	0.00108739502921
994	0.00144575623631
996	0.0045287363339
991	0.00381118860361
990	0.000883120667411
120	0.00250069175959
122	0.000895030483435
125	0.000763406848515
126	0.00274446210498
415	0.00262031430901
416	0.013365672602
413	0.00204407144376
920	0.0020949461527
921	0.000888762545311
923	0.00980720714898
418	0.00178951779429
925	0.000716516006332
926	0.000336869084729
499	0.00188341545103
319	0.0
313	0.00425702280355
311	0.000716516006332
310	0.00380783958412
317	0.00110578132831
316	0.0168489357176
832	0.00246902515363
833	0.00379515658414
836	0.000954737808879
368	0.0019027564733
369	0.0
364	0.00277638724855
365	0.00188812885112
362	0.00650939075694
360	0.00187296270084
381	0.00582857854532
383	0.00210574142324
388	0.000984462360598
780	0.0016027305695
782	0.00750639080894
783	0.00185296047902
789	0.000908341372413
151	0.000988462799008
572	0.00383495075231
577	0.000336869084729
576	0.000970002982319
575	0.00604608041389
61	0.00283062955841
62	0.0
67	0.00538592053458
68	0.000857733546175
69	0.0
251	0.00172386340715
256	0.00425702280355
254	0.000950690615262
731	0.00190397757633
732	0.000987144521431
509	0.000734515643134
506	0.00860694641611
738	0.00182076078327
502	0.00302336329296
500	0.0114766471256
630	0.00782542309824
631	0.000938513766747
633	0.00255306072531
634	0.000752610325096
638	0.00163708323742
466	0.000948501831988
168	0.0085931291871
164	0.00162572539949
165	0.00439772193374
166	0.00217383321825
167	0.00198869205798
160	0.000938513766747
963	0.00174145331233
935	0.00306380864681
909	0.0
879	0.0
873	0.00232910485155
890	0.00191166224556
891	0.00590907459308
646	0.0
356	0.00241664657056
809	0.000664591909869
353	0.000984457484104
216	0.0
214	0.00573110498037
769	0.00104384739571
767	0.000989484450229
764	0.00207634453831
765	0.00330651193027
288	0.000938513766747
4	0.00335564841034
281	0.0
280	0.00299472912469
285	0.000336869084729
284	0.00095476745523
674	0.000769262944559
676	0.000763406848515
677	0.000790165077053
670	0.00663752131214
260	0.001449583506
267	0.00477392822601
266	0.00268823421221
268	0.000735420930062
50	0.000752610325096
53	0.00206266054966
52	0.00279578032428
537	0.00170000131319
534	0.00415171710971
532	0.000970002982319
531	0.00182451710129
530	0.00497505895737
538	0.000989484450229
988	0.000831492033685
200	0.00718743554862
987	0.0026799798576
984	0.00302914622978
114	0.000913884989737
117	0.000735420930062
111	0.00146975425842
112	0.00387605299913
207	0.00653449104678
429	0.0015552630782
428	0.0063655163948
918	0.0
421	0.00308597842537
420	0.000752610325096
423	0.0104201818455
422	0.00287037359711
424	0.00201842855857
427	0.000659783055384
912	0.00522423487325
309	0.000885159800785
301	0.0010112399879
302	0.000883120667411
305	0.00141993153807
306	0.00436612815281
847	0.000931247476314
846	0.00274523819466
844	0.0
843	0.00274751085696
840	0.0013585617246
849	0.00278434819372
848	0.001120198156
823	0.0
568	0.000949064119738
752	0.00213757182742
561	0.00274523819466
758	0.0
565	0.0
566	0.000988462799008
229	0.00442209130508
228	0.000989484450229
223	0.000976624114711
220	0.00446828781508
724	0.00473569723333
720	0.00509064780696
605	0.00193565049884
153	0.000984457484104
152	0.00068764009182
602	0.00141969545247
159	0.00741886772876
609	0.00294028802877
83	0.0011121250643
469	0.000977452070081
48	0.00109298057591
46	0.000805591203733
950	0.00370243954363
953	0.00175828274228
952	0.00177815115085
955	0.00199553016042
954	0.0010112399879
40	0.00380348572624
956	0.0
489	0.000752610325096
483	0.00110783648429
482	0.00174842469906
481	0.0
472	0.00305432007528
470	0.000989484450229
477	0.00128187354011
