344	0.0024084301793
0	0.000798334649635
340	0.000924093794263
813	0.0016772130466
349	0.00161032204459
817	0.00177266192136
719	0.000853088978891
718	0.00983707797224
716	0.000818807004812
715	0.000855282852948
713	0.0016702079753
712	0.00165177167677
710	0.000798334649635
915	0.00741385995459
299	0.000734604859667
294	0.00365461792282
295	0.000798334649635
292	0.000755660615231
293	0.000778925479486
290	0.000833078078165
291	0.000839294558625
591	0.00168603328006
590	0.0
592	0.00520113886702
595	0.0
195	0.0
197	0.000833972215058
196	0.00083091341667
191	0.00166880463808
190	0.0016467486262
193	0.0
192	0.000719198799124
275	0.00370499249668
526	0.00246298957122
528	0.0
443	0.0
440	0.0
447	0.00184484389938
445	0.000813220366814
444	0.00186254771569
103	0.00140916132524
101	0.00136978678514
107	0.00494304865034
104	0.00187621758832
105	0.000730748859746
900	0.00166891469306
904	0.000826228958392
32	0.00250357273865
31	0.00240569379361
30	0.00279791585578
35	0.000821866620058
643	0.0
647	0.00323842924485
439	0.00283279989377
648	0.0027736849233
435	0.000931390136088
339	0.000798334649635
335	0.000823118405784
334	0.0076851551657
337	0.000744627693609
333	0.00159257730134
332	0.000924093794263
558	0.000802791372495
854	0.00269005477105
855	0.000934517716997
857	0.00572865258366
850	0.00151856763934
851	0.00575927274108
6	0.000798334649635
98	0.000839294558625
90	0.0066675704345
92	0.00160505028354
742	0.00587436725231
743	0.00178923058515
745	0.000853088978891
746	0.0252118168756
551	0.000924093794263
553	0.000823118405784
552	0.00083091341667
239	0.00495400040506
236	0.000823118405784
230	0.000855282852948
231	0.00611263720638
232	0.00756541462031
233	0.00164420629406
147	0.00186254771569
142	0.0153174878403
141	0.000824582999805
617	0.0
614	0.00339667844474
948	0.0405239148305
949	0.00472928765463
946	0.00474141838246
947	0.0
517	0.00648513549831
685	0.00248860708346
684	0.00176427073275
687	0.00344100261274
680	0.002671173213
136	0.00404977994693
135	0.00580668610323
134	0.000867567637924
493	0.00163282966968
24	0.00164293341962
25	0.0015955159092
29	0.00158924803416
939	0.000845856341572
933	0.000934791590838
936	0.000828885273036
409	0.000798334649635
378	0.000744627693609
828	0.000853088978891
374	0.0
377	0.0
822	0.00157554111028
704	0.000795301828523
706	0.000818742515662
707	0.00180956806488
700	0.0032078650495
393	0.00236751661733
391	0.00163044431506
89	0.000795892673152
86	0.0
796	0.000743372767988
795	0.000802938542767
790	0.00561518744843
586	0.0135785614589
585	0.000828885273036
582	0.00252424147852
581	0.00164994012601
245	0.00254591365879
246	0.00136978678514
243	0.00082057492323
249	0.0023844855525
248	0.00238878134514
924	0.00295172404967
513	0.000924093794263
1004	0.000719198799124
514	0.00146382649273
1001	0.00368462498759
516	0.00224278887196
458	0.00162336629573
459	0.000924093794263
951	0.00409889919921
624	0.000840203813485
450	0.00249558339986
629	0.0147701799355
628	0.000828885273036
454	0.0124680426192
456	0.0
457	0.0
178	0.0184048067625
199	0.000734360723892
175	0.00146182086723
171	0.0
170	0.00180848182975
977	0.00867742140987
976	0.00161145445778
971	0.00160505028354
180	0.0
978	0.00163326974829
599	0.00241170860805
654	0.00171237970623
2	0.00461150336391
186	0.00184959112904
187	0.0
184	0.0
188	0.00495212429527
189	0.00244062216554
658	0.000819609302868
659	0.0
868	0.00561117836575
13	0.00170353680215
14	0.00298664666543
17	0.000800267200029
16	0.00156302277797
863	0.00282202732725
862	0.00243298270091
883	0.0016487688849
881	0.00304987618606
880	0.000917361551115
885	0.00371376612616
322	0.0
321	0.00179403462355
329	0.000821054852975
759	0.000934791590838
775	0.000840176938486
774	0.0
776	0.00431213755763
771	0.00372582122228
207	0.00482537333111
772	0.0166103304389
209	0.000940598116197
77	0.000940520153219
75	0.00431491303354
74	0.00280068112351
78	0.00159257730134
668	0.0016772130466
664	0.0
663	0.00232404885045
662	0.000831196753539
660	0.0
692	0.00250753411228
693	0.00320444730838
542	0.00176427073275
543	0.00160505028354
540	0.00504712479619
541	0.00341573246943
546	0.00259302873519
547	0.00171138227262
994	0.00252092799195
996	0.00380807735554
991	0.000798334649635
990	0.00240798882631
993	0.000944277898559
120	0.00433262809042
122	0.000795892673152
126	0.00466260978144
127	0.00083091341667
414	0.000829524677957
415	0.00162547968163
416	0.00823040371263
410	0.00236347246388
413	0.00334965395982
920	0.0024930257332
921	0.00254108337432
923	0.00926205864288
418	0.00293723807636
499	0.0026722798706
319	0.000823334967854
318	0.000924093794263
313	0.000954754958775
311	0.000840203813485
310	0.0
316	0.0160360045297
837	0.00165344889908
834	0.000840176938486
369	0.00186254771569
364	0.000840547239973
362	0.000940520153219
360	0.00246298957122
381	0.000850447823263
386	0.000795301828523
388	0.000833203405323
780	0.00146382649273
782	0.00185420231029
783	0.00257699615542
789	0.0
151	0.0016748952424
573	0.000907717689708
577	0.0025653955071
153	0.00294226424252
574	0.000924093794263
60	0.0
61	0.00478665945767
62	0.000934791590838
66	0.0
67	0.00482925712206
253	0.00333358528242
250	0.000924093794263
256	0.0027736849233
157	0.00256302742936
731	0.00260412849044
730	0.000938876576701
735	0.00157554111028
737	0.000737604879963
509	0.00147582393778
506	0.00379243358947
738	0.0102366431436
505	0.00147582393778
502	0.00977275805356
500	0.00278423981245
630	0.00246176810327
631	0.00164293341962
633	0.00170307691263
469	0.000802708774593
468	0.0
638	0.000800359920188
168	0.0159247811297
164	0.0
165	0.0032087778704
166	0.00186254771569
167	0.000821866620058
160	0.00246158340197
161	0.000824875367385
966	0.0
963	0.000803379895755
935	0.00333390115488
909	0.00161259380934
879	0.0
874	0.00510861530438
875	0.00083091341667
873	0.000851011095944
870	0.000934517716997
890	0.00165493697238
891	0.00415052299748
899	0.000792476683149
646	0.00186254771569
356	0.00562098311352
353	0.0016365658433
804	0.00150393102685
216	0.000899159015475
214	0.00328707485241
952	0.00160505028354
762	0.00274619205041
763	0.00339434418437
767	0.000798334649635
764	0.00169155833592
765	0.00562893364815
288	0.00651533269953
281	0.000823324116754
280	0.0156585342102
283	0.000833203405323
284	0.00176114295934
674	0.00185361688861
260	0.00269204548258
267	0.00825214237739
266	0.00283279989377
264	0.00164411347639
268	0.00503573884066
58	0.000804686171187
56	0.000840203813485
50	0.000734604859667
53	0.00247357976313
52	0.002805251489
537	0.0
535	0.00280437477251
534	0.00338330293729
532	0.00170160697377
531	0.000794630008778
530	0.00331307223819
538	0.000798334649635
200	0.00487680248334
980	0.00330762464361
987	0.0
984	0.0055606050054
117	0.000839294558625
111	0.000907717689708
112	0.00370502413133
118	0.00240265508173
429	0.00083091341667
428	0.00811242966847
918	0.000924093794263
421	0.00162752154257
420	0.0
423	0.00277894811038
422	0.00176114295934
425	0.00473951192751
424	0.00321778460651
427	0.000873964112758
912	0.00750758277624
302	0.0024151051281
304	0.0
305	0.000952519437303
306	0.0
847	0.000802708774593
846	0.00324822178445
844	0.00402447376413
841	0.000755660615231
840	0.000851011095944
849	0.00218401052376
823	0.00179148474477
568	0.0
569	0.000798334649635
754	0.0
561	0.00569261154262
562	0.00083091341667
758	0.0015955159092
565	0.000848599425673
566	0.000833078078165
739	0.00168921393038
228	0.00159858879991
227	0.0
225	0.000778885243852
223	0.000840176938486
220	0.00341644799721
724	0.00312458876448
722	0.00186254771569
720	0.00167307006621
721	0.0018660599534
605	0.0040102825343
150	0.000811403128229
607	0.00339530369247
152	0.0
603	0.00598109171022
602	0.00183181148397
159	0.00254666620623
609	0.000819609302868
958	0.0
48	0.00247349900565
46	0.0
950	0.00149137902752
953	0.00160505028354
45	0.0
955	0.000840203813485
40	0.0
956	0.00164895934586
5	0.000799013078921
484	0.000813220366814
472	0.00380170664103
470	0.000798334649635
478	0.00184959112904
