344	0.00207029520259
0	0.00989194902343
347	0.00103435111387
341	0.00102883065997
343	0.00250558992709
810	0.000984843037845
812	0.00271933489878
813	0.0020600184547
349	0.00204096024154
817	0.00160188673176
719	0.00150238050403
718	0.00714166376914
716	0.00050971635848
715	0.00051783924658
712	0.0
710	0.00246706417872
915	0.00770841464449
736	0.00052607347478
294	0.00669501973891
295	0.000988248981225
293	0.00100894240338
290	0.0
291	0.00051378228524
591	0.00102488489602
590	0.00155124742475
592	0.00205820925952
595	0.00204110091563
597	0.000493154633753
596	0.000523050666758
599	0.00148047310156
191	0.00155437813412
190	0.00361807771591
192	0.000489954703987
272	0.00203522712064
274	0.00103884445564
275	0.00197967547623
277	0.00156971692698
278	0.000518230526995
526	0.00052529443189
528	0.00103610800731
443	0.00374457258086
441	0.000513725438526
440	0.000985190791424
447	0.00500738387139
445	0.00105021758161
444	0.00101115993623
103	0.0020227448421
101	0.00099621609797
107	0.00350141134524
104	0.00225952464152
105	0.000487890281607
900	0.00153944122891
38	0.000531284725739
907	0.000556282800781
32	0.00252895722925
31	0.00206295499474
30	0.00165149668441
35	0.00157243912638
641	0.000477492524173
643	0.00101061445306
644	0.00149046996586
647	0.00207093159803
439	0.00111745236079
648	0.00784831628722
435	0.00273794032735
432	0.000969427681911
433	0.00193900806859
339	0.000494776477511
338	0.000477492524173
335	0.0128435258937
334	0.00107232799703
337	0.00159244375585
333	0.00197334545784
332	0.00384602952317
854	0.00365713163978
855	0.000520711922882
857	0.00359907802537
850	0.00101261204691
851	0.00102724641557
6	0.00149717487884
98	0.00102822584403
91	0.000556113345483
90	0.0090766189738
92	0.00103025975215
95	0.000477492524173
96	0.0
742	0.00313756078432
743	0.0032703341149
559	0.0
558	0.00102576095418
746	0.00826047337111
748	0.00051783924658
557	0.000508925897619
556	0.00111745236079
551	0.000506832578788
550	0.000516214651546
553	0.00098388406343
239	0.00150487972554
236	0.000987368244178
230	0.00205291247431
231	0.00339123324584
232	0.00391296947821
233	0.00155895400125
147	0.00723375199025
618	0.000513322288978
142	0.0072603823772
143	0.000967620510387
141	0.000516970940517
614	0.00574215308103
149	0.000483001979484
1004	0.00147748920262
948	0.00712055007238
949	0.00111745236079
946	0.00280700307514
947	0.00165248446526
942	0.000528916649866
943	0.00050521449002
940	0.000508925897619
514	0.000493850895158
517	0.00161226305031
685	0.00362428952094
684	0.00316033198534
687	0.00370420149746
686	0.00103435111387
680	0.0
682	0.00049362918282
133	0.00056280515956
132	0.0
137	0.000528916649866
136	0.00258029935362
135	0.00687038981488
134	0.00156388099332
139	0.0
493	0.00156958324691
24	0.00105404941565
25	0.00205441289976
26	0.00052827808507
28	0.000477492524173
29	0.00198311852208
407	0.000509175455025
405	0.000528916649866
404	0.000508429535003
402	0.0
401	0.00308391157653
400	0.00052523787859
933	0.00828755466052
931	0.00155050093616
936	0.00108106552796
409	0.00149442480534
828	0.000481123304869
371	0.00105719473494
373	0.000516731145055
372	0.00101780885607
374	0.000521721705453
377	0.0035355240599
704	0.0010501303692
707	0.000503045947816
700	0.00267306004739
702	0.00050867024447
703	0.00155877095056
393	0.000492267547004
392	0.000549283605438
391	0.000524923149718
397	0.000493154633753
176	0.000543747347555
82	0.000523050666758
181	0.001517089613
399	0.0
398	0.0
86	0.00159588868701
796	0.00052461851005
795	0.00154814814973
794	0.000522760364385
791	0.00100794925277
790	0.00384029339881
607	0.00356356832497
586	0.0206136082322
587	0.000515364269427
582	0.00143462491598
580	0.000503349797474
589	0.00050867024447
245	0.00238560304016
246	0.0014967033819
241	0.000517530057088
249	0.0024671337752
248	0.00105864127116
924	0.00195505643729
513	0.0010050126934
512	0.00103430156586
1002	0.000509136669436
1001	0.00148661293764
516	0.000966551127045
458	0.00205239887325
951	0.0055408736187
624	0.00146050312142
450	0.00152730437557
629	0.0089260169625
628	0.00261412892387
454	0.00154178459599
457	0.000504473374723
979	0.000493154633753
178	0.0114045187497
199	0.000997315332105
175	0.00295728183163
173	0.00150981851244
171	0.00155124742475
170	0.000520711922882
977	0.00346396468193
976	0.00199651997948
972	0.00103435111387
971	0.00979145807307
180	0.0
253	0.0
978	0.000503318404168
656	0.00103884445564
654	0.000981873009007
2	0.00269923987984
187	0.00102370992718
650	0.000489772154602
185	0.000560742474821
188	0.00201615991826
189	0.00202599563745
658	0.00052529443189
659	0.00157005891701
869	0.000543747347555
868	0.00447160763558
13	0.00197851469761
14	0.0019666902409
17	0.00103531019936
16	0.00147668456405
19	0.000492144343313
863	0.00156087551486
862	0.00351127877878
865	0.000503686149286
866	0.00051787748031
883	0.00050971635848
881	0.00193059233271
880	0.00100742501695
885	0.00111609567583
752	0.00155046280772
809	0.000971990523541
322	0.00100522804671
327	0.00146126015915
329	0.000485570432099
688	0.000492907880107
201	0.000492907880107
200	0.00515400139554
777	0.000489772154602
776	0.00259107575786
771	0.00364637456445
770	0.00100989553441
207	0.00257573570035
772	0.000506175824119
209	0.00167461496275
208	0.000986758775266
77	0.00111776432387
76	0.000489772154602
75	0.0016314704257
74	0.00387705526197
70	0.00151951457596
78	0.00199475055428
668	0.00154710152774
664	0.000492907880107
663	0.00149320520028
692	0.0042057955658
693	0.002480370181
696	0.00101811796479
697	0.00208318894726
695	0.00102555658653
698	0.0033371933356
542	0.00153293008505
543	0.0015488627423
540	0.00190233580276
541	0.0024713807914
546	0.000517708469331
547	0.00103964336767
8	0.000490051520857
994	0.0019595803788
996	0.000981519464427
991	0.000988248981225
990	0.00721515338239
993	0.00103997609205
120	0.00262120836929
122	0.00149663514077
126	0.0044481327058
127	0.00102081893292
414	0.000982453000023
415	0.00101862323408
416	0.0105302965153
410	0.00834516862536
920	0.00105308327717
921	0.000978950820252
922	0.00052827808507
923	0.00455989649181
418	0.00195658217807
925	0.000477492524173
926	0.00103435111387
499	0.00103613002951
319	0.00152897219939
318	0.00161180603523
313	0.00391504995376
311	0.000477492524173
310	0.00210198436695
316	0.00308253376798
315	0.000498180114613
832	0.000498180114613
830	0.00143241121519
837	0.00153365124475
835	0.00052523787859
838	0.00154942881101
369	0.00201084312974
364	0.000477492524173
365	0.00103585160614
362	0.00475132871547
360	0.00052529443189
361	0.000477492524173
381	0.00343785068503
383	0.00267094600817
784	0.00104695958404
782	0.00778073205854
783	0.00199584145678
788	0.0
789	0.000477492524173
151	0.0
573	0.00332975843278
572	0.000522113310582
577	0.00154725108973
576	0.000489849023707
575	0.00167975231096
61	0.00104812765146
62	0.00200869477775
67	0.00155626027898
68	0.000477492524173
69	0.000560390195614
250	0.0071017744368
251	0.00146089386159
256	0.00335016596771
257	0.000543747347555
157	0.00106158659413
731	0.000998144038353
730	0.00223578452276
732	0.000983390493622
735	0.00110413754317
737	0.00147571008253
509	0.0
506	0.0118716098584
738	0.00741173515891
505	0.000531284725739
502	0.00549316848635
500	0.00327230476127
630	0.00259688837624
631	0.00052529443189
633	0.000990860990639
469	0.00880011986688
468	0.00345111851711
465	0.00054512573833
464	0.000492907880107
901	0.00052523787859
168	0.0111807230418
165	0.00468139501392
166	0.00163712759474
167	0.00104580814216
160	0.00106904177945
161	0.000543747347555
966	0.00111745236079
963	0.000518690006946
969	0.000489772154602
935	0.00257818352131
909	0.00102889682244
879	0.00111651032443
872	0.000959906146936
873	0.00192032774051
870	0.00052827808507
890	0.00307113546061
891	0.00369826983833
898	0.000994024793636
646	0.0015065157723
356	0.00999546897253
355	0.00103435111387
808	0.00248252870071
353	0.00157235592978
803	0.000549283605438
802	0.00254690087632
800	0.000501503078901
807	0.00682491904796
804	0.000966551127045
216	0.00102001633569
214	0.00774362308225
769	0.00105131135337
762	0.00335176084088
767	0.00148047310156
764	0.00237921852478
765	0.00505074195075
957	0.0010205760049
956	0.00153260775139
288	0.00262366422882
4	0.0041198714944
281	0.00049362918282
280	0.00262614659383
283	0.00052827808507
285	0.00103435111387
284	0.0
674	0.00166020612308
670	0.00147380205334
260	0.00112191203483
267	0.00591397147956
266	0.0016784649918
264	0.000543747347555
58	0.00158267127064
56	0.000477492524173
53	0.00151230500615
52	0.00111868514092
537	0.00198199512546
535	0.00252438970019
534	0.0025368011272
532	0.00194711966371
531	0.00095746482576
530	0.00208313143943
538	0.000988248981225
775	0.00049362918282
774	0.000552552854617
980	0.00149791241859
987	0.014851403103
984	0.00223295688508
985	0.000492907880107
114	0.00049362918282
111	0.00110062545177
113	0.000506832578788
112	0.00276686533536
119	0.00054512573833
118	0.00147343172037
429	0.00102752776694
428	0.00666677854795
421	0.00103326686181
420	0.0
423	0.0059880066909
422	0.000980704055999
425	0.00226019552421
424	0.00257981716105
912	0.0105332274564
308	0.000487890281607
301	0.000517530057088
302	0.00205625348594
304	0.00102810682573
306	0.00469494706252
846	0.00157538101799
844	0.00207099260807
843	0.00101898108047
840	0.00190523248814
849	0.00339065749064
823	0.000506832578788
568	0.000552552854617
569	0.00100449283599
561	0.00209768299317
759	0.0016509271461
563	0.000498180114613
565	0.00106549164085
566	0.0
739	0.00155430976797
229	0.00155700745602
228	0.00247384626493
223	0.000516214651546
220	0.00102837418208
727	0.0
724	0.00251036332979
722	0.000506832578788
723	0.0
720	0.00257742577381
721	0.00281716113188
729	0.000504473374723
605	0.0054482376554
150	0.00101083142238
153	0.000489772154602
152	0.00106832765872
603	0.0
602	0.0033053107984
159	0.00102979441236
158	0.00049362918282
609	0.017825202678
83	0.00156333305115
634	0.0
48	0.00306777405201
46	0.000525988669838
950	0.000994237993022
953	0.00205764422041
952	0.00206515773858
955	0.000951352741362
954	0.00103964336767
40	0.00203912705206
41	0.0
5	0.00196853974996
487	0.000494001519117
485	0.00102959294317
484	0.00052529443189
482	0.00144439632738
480	0.000477492524173
472	0.00504101021329
470	0.00148245317114
471	0.000516731145055
477	0.000525988669838
479	0.0015358365434
