344	0.00219637422899
0	0.000484691642682
347	0.00241791900084
341	0.001473344815
343	0.00765296141921
812	0.00151836589752
349	0.000467846641405
817	0.00167828469141
719	0.000704420424281
718	0.0071758392638
715	0.0015901256191
712	0.00146212277514
711	0.000716514163331
710	0.00100167633369
915	0.00221278015762
910	0.00273901127133
299	0.00069718741226
294	0.00792451235788
295	0.000484691642682
292	0.000735276676878
293	0.000738604126888
290	0.000711503550161
291	0.00196416157423
591	0.00326879750078
590	0.00241791900084
593	0.000716514163331
592	0.00327330644355
199	0.00283103055056
596	0.000701457909149
599	0.000961916548607
194	0.00140849324156
196	0.000892331872692
190	0.00525858715684
193	0.00136706693531
192	0.000697051270896
272	0.0021727624593
274	0.00382858833381
277	0.0135911630171
278	0.00213943203097
526	0.00223578548396
528	0.000302880486905
443	0.00295723749251
440	0.00416753434365
447	0.00357669005928
445	0.000733416495911
444	0.0
103	0.00349371292318
101	0.00139779044217
107	0.00264105087258
104	0.0037013065018
105	0.00137161775241
900	0.00146212277514
901	0.000724190245506
905	0.0
32	0.00431161441994
31	0.00220494905844
30	0.00281186258476
37	0.000906975644312
35	0.000738604126888
644	0.00349984080351
647	0.00147581644693
439	0.00181532311219
649	0.00218269829333
648	0.00458841479378
433	0.000741566654106
339	0.000484691642682
334	0.00562823255221
337	0.00213973030566
333	0.000484691642682
332	0.00177375517308
854	0.0014826571949
855	0.00135436121849
857	0.000738147134512
850	0.00296244126242
851	0.00146783307547
858	0.00124422567999
6	0.000958418331264
98	0.00265347270736
91	0.000358928199251
90	0.00154682903675
92	0.0
742	0.0144966469686
743	0.00286689621398
558	0.000877912036103
746	0.00592699963005
748	0.0015901256191
557	0.000906975644312
556	0.000945250303508
551	0.0
550	0.000657193355814
553	0.00130645891858
552	0.0013263877858
239	0.00137193756449
236	0.000696286898224
230	0.00160964820343
231	0.00480023263998
232	0.00620759534706
233	0.00282854841218
147	0.0120971499342
142	0.00964822167488
143	0.00219230587081
141	0.00147363310451
617	0.0
614	0.000766196388724
948	0.000744897600626
949	0.000945250303508
946	0.0
947	0.00893703850725
943	0.00069714400544
940	0.000720235322653
688	0.00262895761087
684	0.00090235509912
686	0.00239860080296
681	0.00070716822132
680	0.00216276570097
133	0.000972158363227
136	0.00441937084873
135	0.0102974245131
134	0.000651340205471
139	0.00140053993191
497	0.0
490	0.000727865656963
493	0.00220736519544
24	0.0050758231633
25	0.000851355150719
29	0.0
407	0.000741219566035
939	0.00139855624148
402	0.00206576574808
401	0.00399240996268
400	0.000724190245506
933	0.00160964820343
931	0.000801173019565
936	0.00151251788814
409	0.000484691642682
453	0.00070716822132
371	0.00147298405952
373	0.000750998069479
374	0.00068358701657
377	0.00143343464269
706	0.000705488300823
707	0.00482635410808
700	0.00495953260588
702	0.00403803038147
392	0.000738353852891
82	0.000735276676878
83	0.000727354930198
399	0.000694277912845
86	0.00219435044149
795	0.00220046714887
791	0.000717541850433
790	0.00832739196898
607	0.00146381765825
586	0.0104233747972
585	0.000147936296257
582	0.00276914418983
580	0.000323902964476
581	0.00296541588679
589	0.0
245	0.00136025740697
246	0.000692532832806
241	0.000738604126888
243	0.00144810097962
249	0.000958418331264
248	0.000741566654106
519	0.000484691642682
510	0.000701457909149
513	0.000804223210115
512	0.000736736379486
515	0.000808475183862
514	0.00069714400544
1001	0.00141083954075
516	0.0035886979205
458	0.00173933782441
626	0.000702820326527
625	0.000768055331143
450	0.0058136698672
629	0.0022135872769
628	0.000735276676878
454	0.0026155017797
178	0.0107795460704
595	0.00291450538156
175	0.00138109112721
173	0.00217930158813
171	0.00322541317448
170	0.0014424448982
977	0.00141007468324
517	0.00157647368098
972	0.00160964820343
971	0.00144940145272
978	0.00368626795716
656	0.00224458473155
657	0.00423097649961
654	0.00263275773161
181	0.000750998069479
187	0.000735988493574
650	0.000691252837043
185	0.000724190245506
188	0.000738604126888
658	0.00146278144656
659	0.00144344636427
184	0.000692532832806
10	0.000703868491786
15	0.0014366004762
14	0.00784372811083
863	0.00144344636427
862	0.000973377382254
865	0.00146180197676
867	0.000488685739572
866	0.00141357250887
887	0.0
885	0.00448756534542
569	0.000484691642682
809	0.0
320	0.000696286898224
321	0.000676445198531
327	0.00210829752788
329	0.00280649798039
775	0.0021383096033
200	0.00367741544301
771	0.00360056616273
207	0.000732580291228
772	0.00399909592606
77	0.00900695724809
75	0.001428608497
74	0.0137647613309
72	0.000741566654106
70	0.0035299135134
78	0.00115573474272
663	0.00210800880298
662	0.00231005405772
660	0.000672901810534
692	0.00565037098523
693	0.000484691642682
696	0.00508967982841
697	0.00135436121849
695	0.000735988493574
698	0.004074155765
542	0.00239810315492
543	0.000656088056797
540	0.00750329955179
541	0.00280911796408
546	0.000740633761929
547	0.00158141624421
8	0.000726266421367
549	0.000741566654106
994	0.00211167221234
996	0.00215556328935
991	0.00175999926396
990	0.00442387298475
993	0.000724190245506
868	0.000892331872692
120	0.0341144288388
122	0.000757750011025
126	0.00178485128998
127	0.00145808081744
415	0.00262008281636
416	0.018620199218
413	0.00132639185624
920	0.0022650915438
921	0.000691252837043
923	0.000683220706628
924	0.00282448929599
925	0.000679754971478
926	0.0055131614846
499	0.000213451811023
319	0.000429482666391
318	0.000217831644202
313	0.0045526060963
311	0.000679754971478
310	0.00358414819209
316	0.00590963294669
832	0.0027953499713
833	0.0
830	0.0
837	0.00282145968986
834	0.000741566654106
835	0.000724190245506
838	0.0
362	0.0
360	0.00221954251301
361	0.000692778695705
381	0.00349321173471
383	0.0
388	0.00204675258878
784	0.000724190245506
782	0.00287418738782
783	0.00360972267837
788	0.000679112617054
151	0.00141491176235
573	0.000873591327721
572	0.00221378391475
577	0.00385136246369
576	0.000707030885185
575	0.00191191185447
61	0.0043712636198
62	0.00255147633222
66	0.0
67	0.00364523507957
69	0.0
250	0.0
256	0.00455944334287
257	0.000744897600626
731	0.00143490614644
730	0.000945250303508
737	0.00138121771923
736	0.000683658390729
506	0.00779315036894
738	0.00692802086488
505	0.000712272980983
502	0.00260841106747
500	0.000873591327721
630	0.00143102286667
631	0.000738604126888
633	0.00133742752053
469	0.000741566654106
468	0.000696286898224
638	0.00351895605323
464	0.000727865656963
462	0.000651741841417
168	0.00548445734313
164	0.000686483345984
165	0.00581756548276
166	0.00380382748848
160	0.00220855409651
161	0.000744897600626
964	0.000736736379486
963	0.000728137390768
935	0.00201151844027
908	0.0
879	0.0
873	0.00202653534743
870	0.000735276676878
890	0.00536899332124
891	0.00212167721549
898	0.000654399673913
899	0.0
646	0.00341335853346
356	0.00186383266176
355	0.00160964820343
353	0.000750998069479
803	0.00283525448581
802	0.00146212277514
214	0.00134489257991
769	0.000724190245506
762	0.000906975644312
955	0.000679754971478
761	0.00354050846079
767	0.000484691642682
764	0.00275206590287
765	0.00360394225644
956	0.000405787437434
288	0.00293659813185
4	0.00147684333098
281	0.0
280	0.0162601709823
283	0.00073733255623
285	0.00160964820343
674	0.00286431810703
670	0.00130449024905
260	0.00457964504422
267	0.00498887820563
266	0.000945250303508
264	0.00632472711802
268	0.00326549026846
58	0.000744897600626
56	0.000679754971478
53	0.000681494819228
537	0.00488561261468
535	0.000741566654106
534	0.00417071404712
532	0.00140366120723
530	0.00277409211879
538	0.000484691642682
980	0.00137382856966
987	0.00142132162558
984	0.00271414774913
117	0.000649728296432
111	0.000892331872692
110	0.00472014011185
112	0.00274001194853
119	0.000759912547666
118	0.00148170043353
773	0.0
429	0.00327648591509
428	0.00295454334268
918	0.000672353430658
421	0.0022073286049
423	0.00416701751561
422	0.000738604126888
425	0.0
424	0.00146929251144
912	0.0131249180927
308	0.000801173019565
301	0.00295107366641
302	0.00074186212977
305	0.0
306	0.00291174590568
846	0.00145957155872
844	0.00132766268298
843	0.0014826571949
841	0.00150776304283
840	0.000676599016239
823	0.000857650120646
568	0.000735988493574
752	0.0
754	0.00291946495089
561	0.00292901953881
759	0.00276215858664
758	0.000399866493107
565	0.000828533782409
739	0.000724177319674
229	0.00221324791166
228	0.00147890123962
227	0.0
226	0.000692778695705
223	0.000694277912845
220	0.000741566654106
724	0.0014286842845
722	0.000741219566035
723	0.00101977462963
720	0.000741566654106
721	0.00185639669396
605	0.00144793521542
153	0.000706133608452
152	0.00219435044149
157	0.00229250068002
602	0.00289026909806
159	0.0108136367225
609	0.00133519504082
976	0.000946857560718
634	0.00136306699003
48	0.00130147078419
951	0.0106259014122
953	0.0014753163471
45	0.0
42	0.00140953820252
40	0.00809891326958
41	0.000404129374825
5	0.0
485	0.00240580823243
483	0.00221390554288
482	0.0
472	0.00191191185447
470	0.000484691642682
477	0.00141486508052
479	0.00227135215065
