344	0.000948604900712
0	0.0116697082341
346	0.000461708757582
347	0.00189941930845
343	0.00279289091706
810	0.00140505516238
811	0.000944516175905
812	0.00237842369969
813	0.00330041107758
814	0.000480563050981
349	0.000943358658732
816	0.0
817	0.000946379916609
719	0.0
718	0.00980157322945
716	0.000931416227747
715	0.00093261765835
712	0.000480675620624
710	0.00186591327481
915	0.00379620960944
913	0.000978878181401
299	0.000925409771145
294	0.00339772604196
293	0.000942456404736
290	0.00141004995232
591	0.00231890718292
590	0.00189346322007
199	0.00139937788949
198	0.000480675620624
195	0.000924817146745
197	0.000476856031232
191	0.0
190	0.00330523463642
193	0.00466779816335
192	0.00140055912145
272	0.000959191843382
273	0.000932135302512
274	0.00093556372265
275	0.000912324854555
277	0.00188717838042
278	0.00143846325321
526	0.0023762857592
527	0.000463800333497
522	0.000931858993221
523	0.000484368090453
528	0.00140570386257
443	0.00238321327898
441	0.0
445	0.000474563383903
444	0.000968979904505
101	0.00185349464335
106	0.000908016117954
107	0.00234821601746
104	0.000483520793637
105	0.000474728576415
902	0.00142486992768
900	0.000480675620624
38	0.00231208240282
904	0.000938236766538
32	0.00187557848109
31	0.000948514211243
30	0.00241470813454
35	0.00189518272193
641	0.000445484164388
643	0.0014077698224
644	0.000944200725148
647	0.0004745704527
439	0.00144271322316
648	0.00290934842079
435	0.00482029818042
432	0.000441364214745
433	0.000893199996365
338	0.00179452625118
335	0.000924445202189
334	0.00284640661268
337	0.00232742640888
336	0.000469186993782
333	0.00233481099263
332	0.0028903641352
744	0.000967006257513
745	0.000464865338824
855	0.000464515893543
857	0.00236905521043
850	0.00329651833082
851	0.00378411902647
819	0.0013867980536
858	0.000939941617074
6	0.00233785043975
99	0.00187759681191
98	0.00141717321318
91	0.000921374389462
90	0.0100153114832
92	0.00142494857435
95	0.000893199996365
96	0.00369748200602
740	0.00184821667557
742	0.00471793919998
743	0.00192067082164
559	0.00134288001796
558	0.00429143448002
746	0.00188585541677
748	0.000469186993782
749	0.00140461976751
557	0.000472702350927
551	0.000485311161812
550	0.000952668791842
552	0.000946379916609
239	0.000463430664568
235	0.000465598606698
231	0.00177999491048
232	0.00289635777993
233	0.00188355693304
147	0.00189629281175
618	0.00143450204735
142	0.00094953218534
143	0.0014066414594
141	0.00236509104287
612	0.000472562602678
613	0.000463800333497
610	0.000948970050746
611	0.000467568332707
617	0.00236016888141
614	0.00189190019486
951	0.00695854347816
1004	0.000467665336651
948	0.00627788702606
949	0.00192515707582
946	0.00385746555828
947	0.000480675620624
943	0.00184197306801
940	0.000946227053261
768	0.000455055016052
517	0.00387243124217
685	0.00235687205435
684	0.00190585160905
687	0.00288133285415
516	0.000476265595709
680	0.00185322832011
682	0.000470936163652
133	0.0024225274544
132	0.000461708757582
130	0.00046599262528
136	0.00284929590514
135	0.00188470248243
134	0.000949078978327
139	0.00629111983116
138	0.00047334764424
491	0.00186891969864
24	0.00523564258264
26	0.000480675620624
22	0.0
927	0.000472702350927
28	0.000445484164388
29	0.00139925866659
939	0.000448239910081
404	0.000921414924605
402	0.00183416018178
401	0.00236328722202
400	0.000953410553322
933	0.00141865714984
931	0.000470736350029
409	0.000933348033041
934	0.000923993482554
379	0.000480675620624
378	0.000465044915269
828	0.0
371	0.00141618151986
373	0.00142056239319
372	0.000460003968891
374	0.00189820705147
377	0.00139317977188
708	0.000466459782703
704	0.00191778736517
706	0.000463430664568
707	0.00137732979141
700	0.00284112670148
701	0.0
703	0.00141612808454
393	0.000465387789782
392	0.000969778239341
391	0.00332189010963
390	0.000945479599467
397	0.000476657900279
181	0.00188958637816
399	0.000465198898588
86	0.000954402606848
796	0.000445484164388
795	0.00142084809145
791	0.000468732583521
790	0.00526996747558
799	0.000485311161812
586	0.00917273668255
587	0.000472572913684
584	0.000463871515662
585	0.000465064498558
582	0.000900362191848
580	0.00047051146581
581	0.0023441537452
589	0.000468429598983
245	0.00312143784467
246	0.00138793548829
241	0.000472880987729
148	0.0
249	0.00233611470816
248	0.00141568028566
924	0.00187117804761
519	0.000466436725115
518	0.00432115014698
510	0.000897659863762
513	0.000968126602222
512	0.000946526152269
1003	0.00048010309326
514	0.00279234560244
1001	0.00187078061474
1000	0.00430184487596
458	0.00381703197319
622	0.00178356709168
626	0.0
624	0.000447565083507
450	0.00286857888357
629	0.00523027773032
454	0.00236030369782
178	0.00561144680412
595	0.00277636691921
175	0.00137459131927
173	0.000933728066483
171	0.000943551894872
170	0.00141336174606
977	0.0056144549873
976	0.00187601541364
974	0.00145643991091
971	0.0004745704527
180	0.0
978	0.0108910941741
656	0.000944438909902
599	0.0023318225228
654	0.000467047722523
2	0.00237940588645
187	0.00143980710173
184	0.000926071791725
185	0.00141064692265
188	0.00141928660239
189	0.00187315417942
658	0.00190290513493
659	0.000946314600156
868	0.00531835657875
15	0.00093092056312
14	0.000934131544174
17	0.00142264735825
16	0.000466459782703
862	0.002335642557
865	0.000949958858116
866	0.00186133193081
883	0.000929890447271
881	0.00190372332182
880	0.000904059755992
886	0.000487926031898
885	0.00145643991091
889	0.000484299144763
929	0.000932706784796
322	0.00182340390349
323	0.000448239910081
320	0.00141229410378
321	0.000955864412129
324	0.00415364202731
329	0.00273365503591
775	0.000947758559453
200	0.00142509706396
758	0.000955004470909
771	0.000464515893543
207	0.00805621127562
206	0.000909250316244
77	0.000966378704732
75	0.000472074901503
74	0.00339939101901
73	0.00095627491065
72	0.000957589123477
71	0.000462162608394
70	0.00281757421278
78	0.00233226778142
686	0.000469186993782
669	0.00188242272437
668	0.00047152074469
664	0.000461638109826
663	0.0
662	0.0105630103429
660	0.000463430664568
692	0.00464591662941
693	0.00326658667211
697	0.00232391246884
695	0.000961290878968
698	0.000445484164388
542	0.00142841550185
543	0.0004745704527
540	0.00541447593559
546	0.0051927396594
547	0.000946350712057
544	0.00235394621643
545	0.000482906142164
8	0.00188524882527
995	0.00190005728443
994	0.00403898579564
997	0.00235006883512
996	0.00187482395023
991	0.00233682122779
990	0.0004745704527
120	0.00329408730316
122	0.00235924139213
125	0.00133728435939
126	0.00241711691961
127	0.000945264953605
414	0.00190040246521
415	0.0070857049008
416	0.00433078842406
410	0.000465399210518
920	0.00141731827846
921	0.000466944217958
923	0.00238211216862
418	0.00140404112672
925	0.0013573111161
926	0.00375442666308
499	0.00763403464558
319	0.00047739394745
318	0.00143500569761
313	0.00484512550482
311	0.00179301554168
310	0.000929032626577
317	0.0
316	0.00426746467803
314	0.0023331784062
832	0.00278545953458
833	0.00095009339842
837	0.000930555113186
834	0.00094077878122
838	0.000480643117459
369	0.000978878181401
367	0.0174871654743
364	0.000443557538042
365	0.00419193223642
360	0.00190453357454
361	0.000445484164388
381	0.00327401232815
383	0.000946415679488
388	0.00232434443876
784	0.00425244348662
780	0.00093271025192
782	0.0028808553686
783	0.000945264953605
788	0.000919474139805
789	0.000885432258868
573	0.000967870934801
572	0.0014404422498
577	0.00425445492605
153	0.00140404112672
60	0.00192029673403
61	0.00374262553184
62	0.00292068445937
64	0.000448239910081
65	0.0023820792761
67	0.00284427133912
68	0.000445484164388
250	0.00146083672025
251	0.000445484164388
256	0.00145470660974
254	0.000480675620624
731	0.00373890710989
730	0.00145321262468
732	0.00140009468705
737	0.000454795171549
509	0.00092730736428
506	0.00513946761184
502	0.00281677727461
503	0.00191595688918
500	0.00527991939114
630	0.000947342557179
631	0.000951931645471
633	0.00140537137778
469	0.00283916868804
637	0.000472562602678
638	0.00419284647923
466	0.000480675620624
460	0.000461010406163
168	0.00193454333686
169	0.000462162608394
164	0.00184041236746
165	0.00284363168906
166	0.00483527166075
167	0.0047306285559
160	0.0023792917982
161	0.0
163	0.00193591606468
962	0.000476913502854
963	0.000946736798938
969	0.000467665336651
935	0.00329358942104
909	0.000466782669775
879	0.0
874	0.00267234892761
872	0.000445484164388
873	0.00268074462602
870	0.000471177642777
890	0.000476856031232
891	0.00476437330548
893	0.00139227925821
895	0.00242322870325
899	0.000466094192836
646	0.00048749300393
356	0.0178624587776
809	0.000445484164388
353	0.00142907687422
351	0.00142978556384
803	0.000966741043557
802	0.000961361647835
800	0.00048749300393
806	0.00190458587732
804	0.000947201759361
216	0.00191142985986
214	0.00662748836793
213	0.000463430664568
762	0.00189741134896
955	0.00178742441517
767	0.000932538323894
764	0.00222404231926
765	0.00435197081209
957	0.000473444026274
956	0.00047739394745
289	0.000468180216729
288	0.00332096165642
281	0.000932419329663
280	0.00523337152087
285	0.000943551894872
284	0.0018571791957
674	0.000971128973966
676	0.00133728435939
670	0.000467520710652
671	0.000947898307701
267	0.00484571758877
266	0.000960777300827
264	0.000916845572351
58	0.000476210635944
56	0.00181236420064
50	0.000446421364887
53	0.00233342788482
52	0.000483520793637
535	0.00292426719126
534	0.00092080251276
532	0.00047011630029
531	0.000445484164388
530	0.0023877319803
538	0.000466436725115
988	0.00142024586782
983	0.000473524702335
980	0.00047072543905
987	0.0129528281121
984	0.00194391499934
114	0.000466459782703
776	0.000472562602678
111	0.00387110174371
113	0.000972072780678
112	0.00194119395267
119	0.000475998885044
118	0.0013964508678
772	0.0023610930857
429	0.00188959702472
428	0.00521645239714
919	0.000465190084489
918	0.000955004470909
421	0.000473444026274
420	0.0
423	0.00230712962936
422	0.00324960122056
425	0.00288667422223
424	0.00142084809145
427	0.00044570633379
912	0.00482141979196
301	0.000473444026274
302	0.000948829978199
304	0.0
306	0.00237152052655
846	0.000948441114855
845	0.000482906142164
844	0.00238672075078
843	0.000929038277252
840	0.00222819528829
853	0.000930797505286
849	0.00273345875949
823	0.000485311161812
568	0.00143259619628
569	0.000472702350927
751	0.000970342181722
750	0.00142314290065
754	0.000931474508929
561	0.000951931645471
759	0.000973278985409
736	0.000450266354438
565	0.00191474175375
566	0.000469981608069
739	0.00188311820698
229	0.0160639775051
228	0.00234300910573
225	0.000463430664568
224	0.000949142446378
223	0.000459515465763
220	0.00141770622801
727	0.0
724	0.00139357083841
89	0.000467633849324
722	0.000488346306212
723	0.00239293854334
720	0.00283684149608
721	0.000970161220273
728	0.0
605	0.00327427472115
150	0.0
607	0.0
152	0.000954402606848
601	0.00135147507702
154	0.00137189008632
157	0.00659035096432
602	0.0024233830882
609	0.000463430664568
634	0.001369008098
958	0.0
48	0.00143306953041
46	0.000464183627686
950	0.00138927567179
953	0.000948436403908
952	0.010439849586
42	0.000461945206707
954	0.000947309977481
40	0.0028434772893
41	0.00334989134167
5	0.00185901473076
488	0.000480675620624
487	0.000448239910081
486	0.0
485	0.00048749300393
484	0.00142262701155
482	0.000445484164388
480	0.000445484164388
472	0.00289232344826
470	0.00140123528767
471	0.0
477	0.000448239910081
474	0.000461945206707
478	0.000970342181722
