344	0.00124067959981
0	0.00117004774477
347	0.000598576209914
343	0.0037918241734
810	0.000560058718264
817	0.00060829075552
719	0.00105978908534
718	0.00592363888904
716	0.00117196123682
715	0.0
713	0.00121099339154
712	0.00242480213836
710	0.000592477711895
915	0.00778404791132
299	0.00131745902263
294	0.0036086033918
295	0.000592477711895
292	0.00175842905566
293	0.0011569042605
290	0.00238805979541
291	0.00608456234998
591	0.00239477534244
590	0.000596653672227
592	0.00305426104639
595	0.00237841108714
198	0.00122231419009
597	0.000558677608428
596	0.00122005147334
599	0.00118257914172
197	0.0011663535674
191	0.00241980412616
190	0.000602762346731
193	0.00420363421284
192	0.000541352719884
270	0.0016433739323
272	0.0018315970496
274	0.00060563210366
275	0.00223210513987
277	0.0
278	0.00241641056291
526	0.00180855467861
523	0.00121901072528
528	0.000610547695216
449	0.000600185545048
443	0.0024308278917
440	0.00110145443423
444	0.00185488663089
102	0.00127221491423
103	0.00192339144614
101	0.0016792348848
106	0.00165009653011
107	0.00224840203774
105	0.000604522886382
900	0.0012216876015
38	0.000604715262466
907	0.0
904	0.00117815943464
32	0.00924830764727
31	0.00181895848995
909	0.0
35	0.00121392285918
34	0.0017881877952
641	0.000577683755044
643	0.0016768723592
644	0.00265380360273
647	0.00120138276792
439	0.000597160355745
437	0.000531109185574
435	0.000594686742529
432	0.00115525378792
433	0.00352289237774
430	0.000610459393093
338	0.00231734254954
335	0.0134656457338
334	0.00604198320746
337	0.00188107375862
333	0.000592477711895
332	0.00121908973216
745	0.000531109185574
854	0.00246691541626
855	0.00117781252569
857	0.00120146660135
850	0.0127407518721
851	0.00302508251813
858	0.000546984647214
859	0.00240340170384
6	0.00117810835469
98	0.000609124223495
90	0.00600163170235
95	0.0011555532255
740	0.00121151215908
742	0.00121058398823
743	0.00239772087218
558	0.00298761686219
746	0.00120722960775
747	0.000531109185574
748	0.000572970824097
749	0.00180369937587
551	0.000619427667816
550	0.00119765678142
553	0.00111828866119
552	0.00121372703179
236	0.00290486003475
231	0.00514943588157
232	0.00119786924711
233	0.00241339911128
1	0.0
146	0.0
147	0.00120756975597
142	0.00541971434742
143	0.00120907261964
141	0.00182357458716
612	0.00120907261964
614	0.00060829075552
948	0.0109246610775
947	0.00244442666111
945	0.000531109185574
942	0.00181111630098
940	0.00181096640363
517	0.0030381708325
685	0.00338876010181
684	0.00535472498706
687	0.00300935630135
686	0.000596653672227
680	0.0011657814803
682	0.00105978908534
459	0.000607552151498
133	0.000599400729619
131	0.000531109185574
137	0.00121490622742
136	0.00120388539448
135	0.00783253893724
134	0.00243104632196
495	0.000611854796996
491	0.000527875159977
493	0.00242205090302
24	0.00361177840926
25	0.000593723699333
26	0.000610459393093
927	0.00988999067394
28	0.000577683755044
29	0.00115085206754
407	0.000540506333693
402	0.00195083759528
401	0.00303848850326
933	0.00298357778377
936	0.00120790645631
409	0.000592477711895
379	0.00122231419009
828	0.00053424901145
371	0.000602950946024
373	0.000621648897824
372	0.000594895318539
374	0.00182725811671
377	0.000595945203316
704	0.00291834508548
707	0.0
700	0.00164651209644
701	0.000604522886382
702	0.00267873020289
703	0.00181785717344
393	0.000601842969848
392	0.0012158962355
397	0.00121872712868
82	0.000602950946024
398	0.000609592080246
84	0.00252677391651
796	0.000577869470456
795	0.00183144141559
790	0.00114342541961
798	0.000604526944569
586	0.00239909147823
582	0.00115389481176
581	0.00301609581871
588	0.000577683755044
245	0.00230367455853
246	0.00112166099117
249	0.00351864571232
924	0.00158716925165
926	0.00172139014917
511	0.00229747343219
510	0.000639171682786
513	0.000619427667816
1004	0.00226735248409
1003	0.000609124223495
514	0.000643332207459
1001	0.00376071943415
516	0.00105978908534
458	0.00415419653361
622	0.000597144330677
624	0.00119479468512
450	0.00365375686501
629	0.0144546149811
628	0.00181240853323
454	0.00424983498022
199	0.00264806365012
175	0.00334662789432
174	0.00254838104622
173	0.00212063992472
171	0.000596653672227
170	0.00115913763667
977	0.00223362461618
976	0.00119314701019
975	0.000610038965152
971	0.000602583084107
180	0.0
979	0.00105978908534
978	0.0121510564646
656	0.000617658886565
657	0.00212063992472
654	0.00105762346418
2	0.00224885501286
652	0.000585630642799
653	0.000531109185574
650	0.0010664040644
185	0.00407024562331
188	0.00362878781042
189	0.00937172438463
658	0.00181319110385
187	0.00244067876771
184	0.00108526865483
868	0.00119793053156
13	0.00160114180522
14	0.00214490876342
19	0.000577570032878
862	0.00118637612748
865	0.000600669298297
866	0.000592528791844
659	0.00182191842045
883	0.0
881	0.00158766424531
880	0.0
885	0.00300705624644
322	0.000560956437348
321	0.00177587253657
326	0.0
327	0.00380499605304
329	0.00117647132411
688	0.000560058718264
201	0.00229289593232
200	0.00180218162317
777	0.000577570032878
202	0.000602762346731
771	0.00242415811724
770	0.000619427667816
207	0.0061111221122
772	0.00360667422258
208	0.000560058718264
77	0.00179305580419
76	0.000581069810654
75	0.00361825480095
72	0.00120665408139
669	0.000590793349273
664	0.000560058718264
663	0.00311695258888
662	0.0128056938002
660	0.00242845222526
692	0.0072732366234
693	0.00177018683307
696	0.000594895318539
697	0.0017458160632
695	0.00243786678456
698	0.00344915720613
542	0.00123739951599
543	0.000604866188256
540	0.0127248697237
541	0.00534935188547
546	0.00300115002737
547	0.0018204533699
544	0.00121151215908
8	0.000606164924464
994	0.0011555532255
997	0.000596244921893
996	0.00161691644156
991	0.00119432068174
990	0.000602583084107
120	0.00300642166184
124	0.000617596495934
125	0.00126783144139
126	0.00240705166709
415	0.00300389057161
416	0.006023107232
410	0.00180536892103
920	0.00060231505901
921	0.00159508396417
923	0.00412120467597
418	0.00279172001714
925	0.00115455015661
776	0.00179783429039
499	0.000599711513418
319	0.00119057822478
318	0.00180392314175
313	0.00180498300207
311	0.00292657813136
316	0.00120197540408
833	0.0017824447924
830	0.000606636046813
836	0.000577869470456
837	0.000531109185574
838	0.0012162959962
369	0.00246649487459
364	0.00230727929442
365	0.00116320067568
362	0.00913518179055
360	0.00602946233767
361	0.0011555532255
380	0.000577570032878
381	0.00277108231991
383	0.00119491622197
388	0.00126653680231
787	0.000602042477597
782	0.000594686742529
783	0.00158633655965
788	0.000606164924464
789	0.0011555532255
572	0.00178134445698
577	0.00119037737156
576	0.00159269159579
575	0.00239002446196
60	0.000610459393093
61	0.00360833307401
62	0.0012187914581
64	0.000633043231447
65	0.00483553963864
67	0.00308265863441
68	0.0011555532255
253	0.00060550941121
250	0.00184758643914
251	0.000577683755044
256	0.00240713754125
731	0.00237947137186
732	0.000592528791844
508	0.000531109185574
509	0.000661623588974
506	0.00318053908013
738	0.0197288212229
505	0.000628659758607
502	0.00177921491795
500	0.00178567086527
630	0.00242589539477
631	0.00362008341802
633	0.00120651748982
469	0.00243886369117
468	0.000560058718264
638	0.00119391287991
464	0.00112119738177
466	0.0012213204516
462	0.00719834437433
168	0.00538818866855
164	0.0
165	0.00305253045101
166	0.0017931927775
167	0.00304019995219
160	0.00297639792883
161	0.000600929515833
966	0.00239456057025
963	0.000617658886565
969	0.000557127356229
935	0.00120148390509
872	0.000577683755044
873	0.00115186056399
870	0.00184145826001
871	0.000604642435999
890	0.00241493086744
891	0.00302141511003
894	0.000602762346731
897	0.000541848014336
646	0.00122959014768
648	0.00240486968498
356	0.00478730411731
809	0.00118059145022
808	0.000560058718264
353	0.000604866188256
803	0.0012158962355
802	0.000610459393093
216	0.00120670208082
214	0.00421178960998
769	0.00242420384085
762	0.00238288743269
955	0.00404084636858
761	0.00105978908534
764	0.00172807162071
765	0.00539369731487
956	0.0029821922736
4	0.0018124557597
281	0.000585630642799
280	0.00902744043641
679	0.000595350855118
674	0.00182542675331
670	0.00223603126633
671	0.00121475422762
672	0.000599711513418
260	0.00179305580419
267	0.00182684028705
268	0.00122079722123
58	0.0
56	0.00175267485885
53	0.00238559767631
52	0.000601668585885
537	0.00110942754331
535	0.00493092969554
534	0.00378754833453
532	0.00271531221893
531	0.00118059145022
530	0.00542941948088
538	0.000592477711895
988	0.00121797402164
774	0.000611803834612
980	0.00115258751011
987	0.0173468133281
984	0.00239947775796
985	0.000560058718264
114	0.00114247373978
117	0.000609124223495
116	0.00121786425523
111	0.000609847555375
113	0.000619427667816
112	0.00182642617821
118	0.000560058718264
773	0.00057668068615
429	0.00182524115579
428	0.00301117558502
918	0.000595350855118
421	0.0024347235094
420	0.0
423	0.0016750816618
422	0.000594948546263
424	0.00244113166506
427	0.00057668068615
912	0.0035961450026
308	0.00113009818033
309	0.0
301	0.00060829075552
302	0.000602583084107
303	0.00191457748713
306	0.00243521897748
847	0.000612001737832
846	0.00181576140353
844	0.00359496747288
843	0.000577570032878
840	0.0022985331481
849	0.00338454169497
823	0.000619427667816
568	0.00427809516988
569	0.0136240847307
737	0.00165851067424
561	0.00301828348703
758	0.000599711513418
565	0.00357947983122
566	0.00120312074748
229	0.000603512401126
228	0.00115253643016
226	0.00054936882505
223	0.00120071637521
220	0.00483232648293
727	0.0
724	0.00282646607234
722	0.00123702416375
723	0.0
720	0.00120759338202
605	0.00120232526727
150	0.00120553314669
607	0.00357448271229
157	0.00117144217845
602	0.00179634984219
159	0.0156657505547
609	0.00181157318004
958	0.0
48	0.00472496126657
951	0.00480219129716
950	0.00254217698271
953	0.000612001737832
952	0.000602583084107
42	0.000652821013808
954	0.00060829075552
40	0.00182422814677
41	0.0
5	0.00223718919887
488	0.00122231419009
485	0.000619427667816
483	0.000595945203316
482	0.00117016146694
472	0.00179634060146
470	0.00117810835469
