344	0.00339599461822
0	0.00220787089473
347	0.000567067389507
341	0.0011301342945
343	0.00168425637743
810	0.00156236670679
813	0.00225595499264
814	0.000572304397473
349	0.00112883916092
817	0.000564272567768
719	0.00107159812306
718	0.00787184173833
716	0.000558653718266
715	0.00112663785056
710	0.00055162058489
294	0.00172774429502
293	0.000561507970339
290	0.000565516273533
291	0.0022703239053
591	0.00504882368284
590	0.00113405664254
592	0.00284454917278
199	0.00321685212671
599	0.00107502121846
197	0.00171055080981
196	0.00284631436284
191	0.00221207025815
190	0.00110319236753
193	0.00225807389182
270	0.000535579847254
271	0.000563704611699
272	0.000571431059166
275	0.00164362749002
277	0.00169424954801
278	0.00336409955
526	0.00169752126085
527	0.00112757723829
522	0.000563442975364
528	0.000294801600876
443	0.00284555875388
440	0.0
447	0.00173158433807
445	0.000566289678458
102	0.00055951493648
103	0.00204262001109
101	0.000496803698633
107	0.00434029761015
104	0.00347953407637
105	0.0010648117085
900	0.000563178144836
38	0.00337454767763
31	0.0011310291537
30	0.000597708581875
35	0.0011121193838
641	0.000543570712399
643	0.000566119964936
644	0.00106040530327
646	0.000569854660522
649	0.000556920805799
437	0.0010696137481
435	0.00172169220985
432	0.000543570712399
433	0.00108820032353
338	0.00163634783412
335	0.00151521448957
334	0.0089527958622
332	0.00288436035809
558	0.00468234355494
854	0.00399644548319
855	0.00160506774679
857	0.00282049208227
850	0.00222303841373
851	0.00169208009024
858	0.000567750116034
6	0.000538049161218
98	0.00056940049424
91	0.000561991759679
90	0.00782183087379
92	0.000564743616354
95	0.000543570712399
740	0.00111434982599
742	0.00450439451656
743	0.00457044404893
559	0.00174416860593
745	0.000535579847254
746	0.0242319824314
551	0.000569854660522
550	0.00170472212634
553	0.0021629235243
552	0.00111044707337
239	0.00222915387386
236	0.0
230	0.000567067389507
231	0.00495115043135
232	0.00173086787399
233	0.00110742356391
147	0.0107676548314
142	0.00337723622089
617	0.0022454937217
614	0.0017021230336
149	0.000562889590393
1004	0.00051124668269
948	0.00743503977527
946	0.00287296282154
945	0.000535579847254
943	0.000294801600876
940	0.00169189000072
517	0.00572602022112
685	0.00113185305577
684	0.00813630984324
687	0.00506526265122
686	0.000567067389507
680	0.00225574209669
682	0.00214493941252
133	0.00057506753188
136	0.00508844868353
135	0.000563700044602
134	0.00114548164615
497	0.00103435830238
491	0.000539499592274
493	0.00113183276722
24	0.00394527766598
25	0.000589154264663
28	0.000543570712399
407	0.000564839813342
939	0.000562790548514
404	0.00056422282926
401	0.0011335925823
933	0.000567067389507
931	0.000567067389507
936	0.0017867285531
935	0.00225452731155
934	0.000565382057755
379	0.000562485029443
378	0.00155713359618
828	0.00427976050491
372	0.00056422282926
377	0.00146096341921
708	0.000484572028601
704	0.002329702928
707	0.000605674683565
700	0.00111853144463
702	0.00106954819979
703	0.000561311872113
393	0.000564839813342
392	0.00113732834799
391	0.000566289678458
394	0.000569854660522
83	0.000561311872113
86	0.000569616206504
84	0.00112099144717
794	0.000571469670859
790	0.00678059822192
7	0.000519234971258
586	0.012019175818
585	0.00168848688569
582	0.00164502002696
581	0.000563178144836
245	0.00164121954633
246	0.000496803698633
243	0.000562430001646
249	0.00108966974611
248	0.0011243299742
924	0.00374692738892
510	0.000380669546864
513	0.000569854660522
512	0.0
1003	0.0016939322277
514	0.00361988319891
1001	0.00263002559783
516	0.00375489957689
458	0.0017578816141
622	0.00153428572913
951	0.00387124500634
624	0.00164620104246
450	0.0022480120702
629	0.0130028512253
628	0.000558653718266
454	0.00510251117976
178	0.00221128670967
595	0.00338403840521
175	0.00162451465033
173	0.00380506331946
171	0.00169996634858
170	0.000533643066883
977	0.00461570959163
976	0.00112793147794
972	0.000567067389507
971	0.00169532365374
180	0.0
979	0.000535579847254
978	0.000563339450447
656	0.000564201133174
657	0.00268982583273
654	0.0059056536938
2	0.00221646751566
186	0.0
187	0.000561702274254
650	0.00214493941252
185	0.0016893974773
188	0.00281612360359
189	0.00225147468432
658	0.0011313483801
659	0.00168328384802
184	0.00112942213208
10	0.000537135314884
13	0.00271639734259
15	0.00169253325772
14	0.00267453371275
17	0.00112689991749
862	0.00223524193964
866	0.000484572028601
883	0.00282041350768
881	0.00267778597757
880	0.00120614718703
809	0.000543570712399
321	0.00116872734943
326	0.0017139993993
327	0.00107045675927
324	0.00169792439146
329	0.00165252959778
201	0.000541863203912
200	0.00169696870193
776	0.00449281166669
771	0.00280647112005
207	0.00228632213953
206	0.000522563966417
208	0.00051124668269
779	0.00112977971831
75	0.00449743817084
74	0.00518474456496
73	0.00117997467566
70	0.0039334696493
669	0.000561507970339
668	0.002254276637
663	0.0016710825684
662	0.00114167308295
692	0.00278982036596
693	0.00216085805064
697	0.00160911099909
698	0.000543570712399
542	0.00169418463473
543	0.00169268616677
540	0.00377273971127
541	0.00268897757059
546	0.00170726701357
547	0.0016923335015
994	0.00165493518231
997	0.00112185947445
996	0.00322055406017
990	0.00111197265116
868	0.000565382057755
120	0.00680127080303
122	0.000562666334994
125	0.000380669546864
126	0.00401496422565
127	0.00337455074402
414	0.000564978606107
415	0.0162567788659
416	0.009151091462
410	0.00168973466561
920	0.00112806832094
921	0.00159528221529
923	0.00839834434281
418	0.00157845954266
925	0.00161645591218
926	0.00281994360905
499	0.00289609714803
319	0.00235418965188
318	0.00174345480511
313	0.000576151437474
311	0.00108138937174
310	0.000897011579532
316	0.0118562567648
832	0.00314243958871
833	0.0022561830173
837	0.00106992911044
834	0.00113084867869
838	0.00282801146528
369	0.0017135901557
366	0.000582259495097
364	0.000543570712399
362	0.00112384806589
360	0.00113158138792
361	0.000543570712399
380	0.000573041046779
381	0.00267892077449
383	0.00168831188728
388	0.00553071019389
780	0.00206838027887
782	0.00859566684875
783	0.00431026024116
788	0.000452873162757
789	0.00109736904926
151	0.00112122826507
573	0.00114739188207
572	0.000561507970339
577	0.00167704728383
576	0.00160964728428
575	0.00116253119926
61	0.00450575088914
62	0.00626337365294
67	0.00340602917377
68	0.000543570712399
69	0.00163537968403
250	0.00113624661772
251	0.000543570712399
731	0.00394622981069
730	0.00115156283444
732	0.000495365843751
735	0.00112711221053
737	0.0
509	0.00143994683415
506	0.00808270258223
738	0.017702911317
502	0.00895842329054
500	0.00457314465525
630	0.00113183276722
631	0.000565543088764
633	0.000563339450447
469	0.0
638	0.00276636255697
464	0.000558653718266
168	0.00229320383076
164	0.00111544242162
165	0.00622672696578
166	0.00344276416487
167	0.0
160	0.00113158138792
966	0.000582514208051
961	0.000553798336861
963	0.000567944409532
908	0.000578499518923
909	0.00112109551818
879	0.00166150233203
872	0.000543570712399
873	0.000543570712399
890	0.00224367315429
891	0.00169443649752
648	0.00459589768198
356	0.00575243486299
355	0.000567067389507
808	0.00053999103418
353	0.000551100455804
803	0.000572584731634
802	0.00112379714941
800	0.000569854660522
804	0.00214221150526
216	0.00234569972926
214	0.006783041844
769	0.000563178144836
762	0.00114534544425
761	0.0010696137481
764	0.000543570712399
765	0.00346500710026
956	0.00294602587916
288	0.00396258719333
4	0.000562970388108
280	0.0016908997162
285	0.000567067389507
284	0.000563869285252
679	0.00117369364724
674	0.00344443350258
676	0.000696608694369
670	0.00218053332891
672	0.000590616323663
262	0.000502886544619
267	0.00456238622952
268	0.000567971464483
56	0.000543570712399
50	0.000434004397615
53	0.00336940065276
52	0.00115173302978
537	0.0
535	0.00114321030011
534	0.00391631493373
532	0.00322859014943
531	0.00109079974721
530	0.00508680499231
538	0.000559929396675
775	0.00111399378522
988	0.0
980	0.00112714301997
987	0.0179662915688
984	0.00172383301236
111	0.00114579654651
112	0.00402709265092
118	0.000995679672697
773	0.00104918257443
772	0.0117892205414
429	0.000567307044954
428	0.00731317190035
918	0.00117887211337
915	0.00564358649925
423	0.0024942209141
422	0.002822403853
425	0.00460283867454
424	0.000554927478885
912	0.00344796199005
309	0.000562790548514
302	0.00169321524269
305	0.00114800638203
306	0.00449751274458
846	0.00169988123293
844	0.00175476365832
843	0.00282302362569
841	0.0
840	0.000543570712399
849	0.00216297503244
568	0.00112487006013
752	0.0011249115651
508	0.000538049161218
561	0.0028309051412
759	0.000576982247146
758	0.00411329489547
565	0.00293971131066
739	0.00112756932985
229	0.00224908002328
228	0.00107502121846
223	0.00281072219095
220	0.00224758177818
724	0.0028125825607
722	0.0
723	0.00236124187234
720	0.00506572055752
721	0.00345893374916
605	0.00161159597528
150	0.00170667914521
607	0.0140867892535
157	0.00512389235395
602	0.00344549556289
159	0.00679373189744
609	0.00617316971233
634	0.00136381090721
958	0.0
48	0.00411471108044
46	0.000639653892424
950	0.00416147498322
953	0.000564743616354
952	0.00339429931577
955	0.00160450099143
40	0.00280813565292
41	0.00177007799127
5	0.0010805515156
485	0.00171306496063
483	0.0
482	0.00164381979967
480	0.000543570712399
472	0.00231067189534
471	0.000562542464177
474	0.000562790548514
