344	0.00129347820345
0	0.0102177900067
347	0.00136037561011
343	0.00256057588704
810	0.000823869095906
812	0.00177917427753
813	0.00132406010989
814	0.000466275922782
349	0.00172001137919
817	0.000862234216029
719	0.000422454456096
718	0.00533304038569
716	0.00177461193755
715	0.00133741280605
713	0.000440196593231
712	0.000436563556317
711	0.000435767937714
710	0.00212217610767
915	0.00302154391049
299	0.00128191109112
294	0.0018372147447
295	0.000851455843856
293	0.000441114406937
290	0.000918083502381
291	0.00132446346859
591	0.00262492758589
590	0.00091480587898
592	0.00132410253922
595	0.00262354572318
198	0.000438161072968
599	0.00127654855508
197	0.00044476678446
196	0.00266264611215
191	0.00132191563391
190	0.00215790945488
193	0.000437527962985
192	0.000846507353325
270	0.000850685100737
272	0.000438161072968
274	0.00129773447127
275	0.00083710529645
277	0.00091480587898
278	0.000877629568216
526	0.00129888247982
527	0.000875286701946
522	0.00090359054492
523	0.000442003359571
528	0.000883963205592
443	0.00132394503771
441	0.000888793135616
447	0.000917872523776
445	0.000862503348537
444	0.00144624753952
109	0.000462040467147
102	0.000869749911919
103	0.000841057734542
101	0.00168860904001
106	0.00127996451624
107	0.001213267385
104	0.000928079380646
105	0.00127041543516
900	0.00132286054127
38	0.00217207052893
907	0.00044175803216
32	0.000868539411379
31	0.00172424877434
30	0.00137892644692
35	0.00172386570491
641	0.000422118517878
643	0.000428231552263
644	0.00211023498832
647	0.000862179700685
439	0.000923718671595
649	0.000438195395777
437	0.000422454456096
435	0.00183348490546
432	0.000844832590636
433	0.000840610148323
339	0.000851455843856
338	0.00127412586821
335	0.000446912632636
334	0.00309462421265
337	0.00172388633599
333	0.00127654855508
332	0.00140700606109
745	0.000845168355167
854	0.00138640183007
818	0.00137566459059
857	0.0021541450471
850	0.00129141929234
851	0.00174184423396
853	0.000850786099505
6	0.00127654855508
99	0.00170804308056
98	0.00132191180611
91	0.000886788801069
90	0.0040962201594
92	0.00172141198953
95	0.000422118517878
740	0.000853741756654
741	0.00043447385701
742	0.0114699844236
743	0.0018106918892
559	0.000874333127558
558	0.0038799640321
746	0.0136519698356
748	0.000456317453498
556	0.000462773905584
551	0.000482539151367
550	0.00131049192835
553	0.000425797318216
552	0.000431494679157
239	0.00131042832115
236	0.000402881237475
231	0.00213193139843
232	0.00368630234808
233	0.000877675359768
147	0.00728560472961
618	0.000431431247331
142	0.002608990032
143	0.00086910513188
141	0.000869951354385
617	0.00178330509217
614	0.00129305441249
149	0.000880484976223
948	0.00866364299669
949	0.00138066871766
946	0.00230006258961
1003	0.000443124694491
945	0.000422454456096
943	0.0042529905186
940	0.000438456675228
517	0.0027243596075
685	0.00214362823268
684	0.00519390202394
687	0.00221043808736
516	0.0021060272289
680	0.000867625539659
683	0.000440196593231
682	0.000422454456096
133	0.00046035800922
136	0.00129241549887
135	0.00747143826129
134	0.000862651049327
139	0.000438195395777
491	0.0042895708964
493	0.00216234486096
24	0.00392301331377
25	0.000864585236574
28	0.000422118517878
29	0.00085226019313
407	0.000421346234448
405	0.000878438929663
404	0.00172819286698
401	0.00264034805473
400	0.00044131956553
933	0.000456317453498
931	0.000456317453498
936	0.000439574636321
409	0.00127654855508
408	0.000430875531868
378	0.000842702137882
828	0.000845168355167
371	0.00221705618578
373	0.00129257255711
372	0.00174619593549
377	0.00127881813416
822	0.000421262658048
704	0.001318553681
706	0.000437067313197
707	0.0
700	0.00302065531595
144	0.00043447385701
702	0.000847315041318
392	0.00270170269509
391	0.00215454530742
89	0.000895057821105
82	0.000439574636321
83	0.0013181805752
399	0.000850786099505
86	0.000882805482802
895	0.00048762202333
795	0.00215591651699
791	0.00043447385701
790	0.00228601805178
799	0.00097541366556
607	0.00392713479657
586	0.00864647083945
587	0.00178532326953
584	0.000867751936599
585	0.00044369584473
582	0.00127127906955
580	0.00043447385701
581	0.000439574636321
589	0.000441483645115
245	0.00257467186635
246	0.00168521086688
241	0.000430739536872
249	0.00127654855508
248	0.000440496581012
924	0.00126442030187
519	0.000425092711223
510	0.00131324773539
513	0.000965948436635
512	0.000431494679157
515	0.000438456675228
514	0.00337812499861
1001	0.00211998793888
1000	0.00088445275277
458	0.00432423392646
622	0.00306174223739
951	0.00393407586636
624	0.000441688877577
450	0.00349323084868
629	0.00868469629627
628	0.000439574636321
454	0.00310003676927
178	0.0110926774307
199	0.0016912722148
175	0.00251745254984
173	0.000845168355167
171	0.00091480587898
170	0.000439574636321
977	0.00339583297685
976	0.00213759254089
972	0.000456317453498
971	0.00172258262711
979	0.000842277848554
978	0.00863702269648
656	0.000869365411
657	0.000845168355167
654	0.000422454456096
181	0.000431201384647
187	0.00087618682972
650	0.000422454456096
185	0.000884618683614
188	0.00215603766291
189	0.00300106495558
658	0.00215100329704
659	0.000883322925101
184	0.00211090603526
868	0.00182677442516
13	0.00126264826359
15	0.000867751936599
14	0.00211562423429
17	0.00129259120878
863	0.00044131956553
862	0.00215085489049
865	0.000438456675228
867	0.000442222402872
866	0.00044476678446
883	0.00044462239398
881	0.00168707277839
880	0.0
886	0.000482539151367
885	0.00137596759006
752	0.000882940138511
929	0.00127654855508
809	0.000422118517878
322	0.00172681667071
323	0.000873150955583
321	0.00129577871752
327	0.000843097371976
324	0.000438456675228
329	0.00088307455141
759	0.000461859515378
688	0.000854480543971
201	0.000402881237475
200	0.00301464262712
776	0.00131852789256
771	0.00176574627073
770	0.000482539151367
207	0.0081940914364
206	0.000438195395777
209	0.000458190986938
779	0.000888616756326
77	0.000460944766011
75	0.00134736144358
74	0.0041142627569
73	0.000423204480708
71	0.000437241909508
78	0.00169926245415
2	0.00353627845386
686	0.000905680410615
669	0.00043447385701
668	0.00132406010989
663	0.000424622831977
662	0.00220451895479
692	0.00306668612971
693	0.00212632355543
696	0.00218257593476
697	0.00174143429302
695	0.00043806194785
698	0.000422118517878
542	0.00415513492891
543	0.00129234682892
540	0.00255711792192
541	0.000845168355167
546	0.000452526834123
547	0.00215914864164
544	0.00391235608322
8	0.00043447385701
548	0.000424622831977
994	0.00298895322589
996	0.00382938335367
991	0.00127654855508
990	0.000862179700685
993	0.00044131956553
120	0.000901054297083
122	0.000888707822933
125	0.00131324773539
126	0.00503385794202
127	0.00352754598024
129	0.000459863833141
69	0.000424622831977
414	0.00176368793444
415	0.00486159095486
416	0.00778653398207
410	0.00128838202699
920	0.00131711728259
921	0.000842277848554
922	0.000441483645115
923	0.00305646684054
418	0.00169310269376
925	0.00128287127554
926	0.0013568735271
499	0.00519480538104
319	0.00344691675025
318	0.000457896318909
313	0.00229761132505
311	0.000422118517878
310	0.000850786099505
316	0.0099310745658
314	0.0021248563137
832	0.00299652105029
833	0.00132670942238
830	0.000438100723447
837	0.000422454456096
834	0.000440496581012
835	0.000877883121847
838	0.000859855386994
368	0.000426163267529
369	0.00193436599568
362	0.00312540354979
360	0.000866695204167
361	0.000422118517878
381	0.00297145336649
383	0.00397160746577
386	0.00043044163592
388	0.00171597090881
784	0.00044131956553
780	0.00126232039259
782	0.00276367055191
783	0.00210344249573
788	0.000856418387683
789	0.000422118517878
151	0.000466072715689
573	0.000914207095029
572	0.00130777491233
577	0.0026511454359
576	0.000845168355167
575	0.000927156307135
61	0.0053961385157
62	0.00238868595591
67	0.00259000910171
68	0.000422118517878
253	0.00139463448845
250	0.00721002782945
251	0.000422118517878
256	0.00138450667853
157	0.00135089001451
939	0.00174374550982
731	0.00260662143248
730	0.000919135752949
732	0.00129237327395
735	0.000421262658048
737	0.000418613666005
509	0.000847998366638
506	0.0080455124649
738	0.0156583118335
505	0.000421262658048
502	0.00950016583359
503	0.000432583505218
500	0.00185954018585
630	0.00433388521518
631	0.000865768226793
633	0.00175018882904
469	0.00646704721418
465	0.000445197912059
901	0.00044131956553
168	0.00784513334037
164	0.000856177348119
165	0.0103477090697
166	0.00496998435788
167	0.00259413496981
160	0.00215935358669
163	0.00194239632439
966	0.00138899251649
963	0.000869755177995
935	0.001765542786
934	0.00131049815946
909	0.0017702050059
879	0.000431367550444
874	0.00298289389164
872	0.000840487889086
873	0.00128441288245
870	0.00131647247676
890	0.000435417139896
891	0.0039434645801
894	0.000433131990469
438	0.000459744772314
896	0.000431210226367
899	0.000422713899071
646	0.00337068493484
648	0.00321359382737
356	0.0123431845093
355	0.000917407827403
353	0.001291157225
803	0.00268969419033
802	0.000438161072968
801	0.000419330147983
800	0.000479450340641
804	0.00169360377071
216	0.00172428382238
214	0.0127148313382
769	0.00044131956553
762	0.000458190986938
955	0.000422118517878
761	0.000422454456096
767	0.00127654855508
764	0.00170271932292
765	0.0045689236044
957	0.0021677370127
956	0.0021572285608
289	0.000422713899071
288	0.00389101425403
4	0.000439574636321
281	0.00172843428757
280	0.00475290778629
285	0.00091480587898
284	0.000867625539659
678	0.000436422408604
679	0.000432502197128
674	0.00135726225317
676	0.000437335039703
670	0.000423793454254
671	0.000428466738876
672	0.000861798490037
260	0.000923718671595
267	0.00628297533846
266	0.00138198066462
268	0.00440074788048
58	0.000902556582248
56	0.00169462155525
50	0.000437086505888
53	0.00174216109543
52	0.000458676332616
537	0.000422713899071
535	0.00142933906964
534	0.00832566787854
532	0.00126551098732
531	0.00128328926586
530	0.00262003265241
538	0.00213353676277
775	0.000882185458589
988	0.00130463854158
980	0.000885263365472
987	0.0122639847085
984	0.00184242248733
114	0.000888707822933
117	0.000440196593231
111	0.000456013008399
113	0.000482539151367
112	0.00225578255971
119	0.00088746624261
118	0.000430423947142
773	0.000432007707944
772	0.00403425319415
429	0.000883287318827
428	0.00172152197143
918	0.00215905713776
421	0.00216018965998
423	0.00420533506585
422	0.0017370572983
425	0.00321932650061
424	0.001724802845
913	0.000965010412499
912	0.00873526965986
855	0.00130038867289
301	0.00172525769527
302	0.000862179700685
304	0.00044473723279
306	0.00132539702596
847	0.000430875531868
846	0.00216367898836
844	0.00172539204564
843	0.000441114406937
841	0.000432249873669
840	0.000847638160046
849	0.00209727929866
823	0.000970330793597
569	0.0106512440934
751	0.000906313003182
750	0.000869783379347
754	0.000883095988289
561	0.00347835895327
562	0.000438195395777
563	0.00043447385701
565	0.00258187741242
566	0.000466072715689
739	0.000440496581012
229	0.00130927052384
228	0.00170204223729
225	0.000840964489156
224	0.000431423743677
223	0.000440496581012
220	0.00132880918739
724	0.000891679417096
722	0.000482539151367
723	0.000853045802482
720	0.0030927559804
721	0.000465470943392
605	0.00383509542566
150	0.0013295303703
153	0.000422524530199
152	0.00044131956553
603	0.00337679187268
602	0.00229598301428
159	0.00496490059708
609	0.0017915604959
634	0.00215268601954
48	0.00258761615651
46	0.000437335039703
950	0.00211550706683
953	0.00129305523255
952	0.00215299373406
42	0.000862818227754
954	0.0012931097479
40	0.00350543547145
41	0.000848117437666
638	0.00388691430419
5	0.00170564224106
489	0.000438195395777
487	0.000438195395777
485	0.00194296737875
484	0.000432007707944
482	0.00169386748644
481	0.000429841321774
480	0.000844832416949
472	0.00322234001945
470	0.00127654855508
471	0.000443181653844
477	0.000438195395777
474	0.000870034878516
478	0.000922559659211
479	0.000873478556918
