344	0.00201418727688
0	0.00936340854839
347	0.00106294029724
343	0.00195758741791
810	0.000476943034047
812	0.00154943533713
814	0.000525636958105
817	0.000497975320948
718	0.0114214296365
716	0.00291716254268
715	0.000528034661397
713	0.000951686663833
710	0.00282048905042
915	0.00507565410067
910	0.000490159880752
299	0.000493208278683
294	0.0058277059857
295	0.000466776956437
292	0.000991200460994
293	0.00190696001819
290	0.00153584127737
291	0.00238628108448
591	0.00346054729101
590	0.000531536496815
592	0.00334638474363
199	0.00140922354116
594	0.000488648566733
195	0.000490969339086
194	0.0025419629618
197	0.00101942705616
196	0.0014720776553
191	0.0019910744408
190	0.000501508148729
193	0.00102448595614
192	0.000466042207396
272	0.000517819622446
274	0.000479792639206
275	0.00190625830859
277	0.00105389220714
278	0.000474724739035
524	0.000487542467202
526	0.0005043005679
527	0.00187462504802
523	0.000502795083943
528	0.000976815200562
443	0.00151967360637
442	0.000470361641435
440	0.000939468002516
447	0.00263584154908
444	0.00158575661478
102	0.000975974568984
103	0.00143460564028
101	0.000948416983906
106	0.000920986329086
107	0.00477893196884
104	0.00213512363581
105	0.00101023646934
900	0.00101340200161
38	0.0024583789785
904	0.000496592957398
32	0.000999858549799
31	0.00100701110522
30	0.00536143893858
37	0.000540611864179
35	0.000497975320948
641	0.00134495259837
643	0.000470361641435
644	0.000468780791523
647	0.00100523356119
646	0.00206180590799
648	0.00425411321124
435	0.00210564889379
432	0.000916928655023
433	0.00092326764096
338	0.0018103364376
335	0.00098148523207
334	0.00801537347021
337	0.000998258020523
333	0.00797650868475
332	0.0047156339779
854	0.00052253742879
855	0.0018230362948
857	0.00151183942033
850	0.00141316073016
851	0.00248911956769
819	0.000449523277846
858	0.000503979600212
6	0.00140499874011
98	0.00571132794676
91	0.0041426994396
90	0.0105872786866
92	0.000503031505007
95	0.000450151698586
97	0.000518913700613
96	0.000529210102951
740	0.000458764110545
742	0.00852093186337
743	0.00159525409451
559	0.000481328141913
558	0.00157135153143
746	0.00148616315301
557	0.000535675124425
550	0.00200507003109
553	0.00140114879213
552	0.000984074587888
239	0.000471447687032
235	0.000490159880752
236	0.00143352007028
230	0.000531536496815
231	0.00271933874079
232	0.00319497959913
233	0.00195159770193
1	0.000498569993553
147	0.00794766826876
144	0.000497833189586
142	0.000503031505007
143	0.000995627730205
141	0.00246871325764
616	0.000502795083943
617	0.000503969153
614	0.000497975320948
149	0.000951721606882
1004	0.00421424913843
949	0.00107245972206
947	0.00102046301781
942	0.000475850824365
943	0.000473859784943
940	0.00100395558566
514	0.00284040714714
517	0.00575796509137
685	0.00196856965023
684	0.00678492202653
687	0.00251329941389
686	0.00157953738442
680	0.00142032724252
682	0.000466864772519
133	0.0005275667426
137	0.000502795083943
136	0.00100798551942
135	0.00635811365028
134	0.00237843433147
139	0.00733266483182
138	0.000538360644689
493	0.0030225942501
24	0.00250999212804
25	0.00157177362382
927	0.000476961924797
28	0.00134495259837
29	0.00140023782567
939	0.00244381100013
404	0.00089500497287
402	0.0
401	0.00289565693073
400	0.000502795083943
933	0.00106681932591
931	0.000537589650353
936	0.0023842842167
409	0.000934637098678
408	0.000503031505007
453	0.00048609926694
379	0.00101858058205
378	0.0004722838518
372	0.000879158135071
377	0.000470361641435
704	0.00262116971391
707	0.00142861534283
700	0.00312570192603
702	0.000947506304638
703	0.000502795083943
392	0.00152139904899
82	0.000991745410623
181	0.00288355235903
399	0.00199354746541
86	0.00151967360637
796	0.000470361641435
795	0.000993952697677
791	0.000979358192447
790	0.000540611864179
798	0.000502795083943
586	0.0177213832593
587	0.000961202573744
584	0.000474322274501
582	0.000450151698586
581	0.00235002587
589	0.000964838154318
245	0.00461922791034
246	0.000948416983906
241	0.000503281562933
249	0.00235406039062
248	0.000470361641435
924	0.00282029038094
510	0.00290499059838
513	0.00100483817995
512	0.00199857818503
1002	0.000502795083943
1001	0.0028739022086
458	0.00104969434248
622	0.000964110940328
626	0.000502795083943
450	0.00410219739631
629	0.0100799280062
628	0.000488648566733
454	0.0038278908987
456	0.000466971830435
178	0.00146252663096
595	0.00245615828381
175	0.00282168560262
174	0.000975974568984
171	0.00106681932591
170	0.0013745431079
977	0.00425409169175
976	0.000466776956437
972	0.000531536496815
971	0.00100673896185
979	0.00048609926694
978	0.0104571927135
656	0.00100244800779
599	0.00140341875753
2	0.00316495403478
186	0.00211474114177
187	0.00258388307511
184	0.00141223540258
188	0.00400619333997
189	0.00388468192586
658	0.0005043005679
659	0.00100550078361
650	0.000977671069142
868	0.00215051327923
12	0.000466971830435
15	0.00237587992624
14	0.00141180620869
17	0.000503031505007
16	0.00142857564314
863	0.019100844753
862	0.00236853507796
865	0.000504555126768
866	0.000996579390057
883	0.00198546401754
881	0.000470361641435
880	0.000965179651296
885	0.00211038328317
752	0.000531536496815
809	0.000958518619141
322	0.00147087543115
323	0.000488432101782
321	0.00104248372852
324	0.00195315415491
329	0.00135490622217
200	0.0050448982117
203	0.000502795083943
758	0.00157242115013
771	0.00301747059563
207	0.00100164339014
206	0.000975974568984
209	0.000528356563065
208	0.00140875123674
779	0.000469482256554
77	0.00269215023895
76	0.0019774048685
75	0.00100327963796
74	0.00736328608416
73	0.000533287365703
70	0.00198446452171
78	0.00137978325906
664	0.000476943034047
663	0.000961963768739
662	0.00305673901362
660	0.000502795083943
692	0.00499763492337
693	0.00239997218403
696	0.00248874324967
697	0.00180572757489
695	0.00199493360607
698	0.00360016932796
699	0.000535675124425
542	0.00414654436212
543	0.000503031505007
540	0.00676329011237
541	0.00188716662945
546	0.00255689761149
547	0.00147092898664
8	0.000474322274501
549	0.000488648566733
994	0.00137200683937
997	0.000504555126768
996	0.0010171782509
991	0.000466776956437
990	0.0105608464948
993	0.000502795083943
120	0.000477387419288
122	0.000977671069142
125	0.00146769157543
126	0.00155224950271
127	0.000982279720523
928	0.000466864772519
415	0.00243068148229
416	0.0100126626572
410	0.00948333584564
413	0.00197497679212
920	0.00200540270167
921	0.00143309644003
923	0.00441479657771
418	0.00101429558947
925	0.00134727878683
926	0.00107121092984
499	0.00414801669064
319	0.00105978743417
318	0.00152336972357
313	0.00528287970222
312	0.000467860142241
311	0.000896123162619
310	0.00102110742234
317	0.000502795083943
316	0.00353263730456
315	0.000502795083943
832	0.00240722056264
833	0.00100618919989
830	0.000963068598288
497	0.00047152482279
837	0.00141804641807
835	0.000502795083943
838	0.00050611843949
369	0.00051640607817
364	0.000450151698586
362	0.00446436131863
360	0.0005043005679
361	0.000450151698586
381	0.000934917737038
383	0.00143394795727
388	0.00692374069632
784	0.000502795083943
780	0.000931047962345
782	0.00371109759359
783	0.00190833347704
788	0.0
789	0.00232723485007
573	0.00052253742879
572	0.000942302201165
577	0.00104990345361
153	0.000473115942374
575	0.000536784597634
60	0.00102743629026
61	0.00451998610191
62	0.00104204303628
152	0.000502795083943
64	0.000488432101782
66	0.0
67	0.00251742917465
68	0.000450151698586
69	0.000472870616314
251	0.00092326764096
256	0.00477113678122
257	0.000503393664663
731	0.00475609057179
730	0.00322961990046
732	0.000466117588068
735	0.000493208278683
737	0.00140645361284
509	0.00197266654965
506	0.0117894129169
738	0.00189502146127
505	0.000499266262979
502	0.00831769740924
500	0.0031448245621
630	0.00250281145602
631	0.0005043005679
633	0.00146320038764
469	0.00149130522527
638	0.00394366462939
466	0.00102526143041
901	0.00151479842711
168	0.00693687282156
169	0.00043685796308
164	0.00194980932377
165	0.00453388722768
166	0.00316424096179
167	0.00147848128234
160	0.0030345282602
161	0.000502795083943
963	0.000503668069193
969	0.000473115942374
935	0.00201529605659
909	0.00144493396299
879	0.000982195338541
872	0.000450151698586
873	0.0013467278419
890	0.0010361123048
891	0.00101424604127
893	0.000493208278683
356	0.0121142266814
355	0.000531536496815
808	0.000470361641435
803	0.000524158348097
801	0.000469609442279
807	0.000502795083943
216	0.000526643665423
214	0.00352570311511
769	0.00150715265559
213	0.000502795083943
762	0.00162253267316
955	0.0013446892723
761	0.000469832128656
767	0.000934637098678
764	0.000897988643484
765	0.0021424991019
957	0.000497975320948
956	0.00209704843836
288	0.00100836547337
4	0.00161138818813
281	0.000496592957398
280	0.00299438667454
283	0.000466864772519
285	0.000531536496815
284	0.000944241407896
679	0.000474322274501
674	0.00205395431184
676	0.000488432101782
670	0.000470361641435
671	0.0051680589155
672	0.000522079281339
673	0.000502795083943
260	0.00267998067291
267	0.00313665976434
266	0.00214337383373
264	0.000448739198411
268	0.000474724739035
58	0.000480837823833
56	0.000904038445481
53	0.0015355221977
52	0.00319064282013
537	0.00189262494473
535	0.0010665317073
534	0.0044276636449
532	0.000465287974759
531	0.000904038445481
530	0.011714755453
538	0.0014246053053
988	0.000497975320948
774	0.00101356758601
980	0.000496592957398
777	0.000473115942374
984	0.00211374132383
985	0.000476943034047
114	0.000475611246187
117	0.000949163755886
776	0.00517214753158
111	0.00109014566981
113	0.00053486137148
112	0.00158255767731
119	0.00100811886381
118	0.00280525771977
772	0.000980328455745
429	0.00239539066252
428	0.00503764662319
918	0.000522079281339
421	0.00100253044772
423	0.00381026939761
422	0.00188578621962
425	0.000487046514509
424	0.00100100682595
912	0.00801979098972
301	0.000497975320948
302	0.00100638530559
304	0.00108763204192
952	0.000503031505007
306	0.00201019053308
307	0.00102170878456
846	0.0005043005679
844	0.0041685638589
843	0.000484849079787
842	0.000449523277846
840	0.0022581733825
853	0.000489093152425
849	0.00233711746784
848	0.000539627791051
823	0.000530021581719
568	0.00152735989134
569	0.000467860142241
754	0.00145612184504
561	0.00151408707658
759	0.00102143564264
736	0.000502795083943
565	0.00156798484408
987	0.0131145585348
229	0.00201427194704
228	0.00186991969582
226	0.000470361641435
223	0.000490797523066
222	0.000466864772519
220	0.000501871959895
724	0.00242970264894
723	0.000533287365703
720	0.00330878067501
605	0.00517603443404
607	0.00148678502599
606	0.000502795083943
154	0.000975974568984
157	0.00413849475599
602	0.00107206422638
159	0.00349892982545
609	0.00198772153339
634	0.0
48	0.00420330146473
951	0.00340595748777
950	0.00189580483869
953	0.000503031505007
45	0.0
42	0.0
954	0.000993952697677
40	0.00205472419133
41	0.00159525522075
5	0.00233716379084
487	0.000488432101782
482	0.00182315238975
472	0.00317377482273
470	0.0023347277772
477	0.0058559216102
474	0.000491442840087
478	0.000524886142489
