344	0.0016203300129
0	0.000530855723348
346	0.000539016175542
347	0.00217937188941
343	0.000526067074298
810	0.00106097721431
811	0.000536839153527
812	0.00108321618428
813	0.00108057742147
814	0.00054876871904
349	0.00161579768615
817	0.000540070735372
719	0.00140408412173
718	0.00428491563166
715	0.000542872650103
713	0.00106710959788
712	0.00108466953388
711	0.000521827123989
710	0.00158236287398
915	0.00649752497137
910	0.000540575735565
299	0.00162011073005
294	0.0044026238485
295	0.000530855723348
293	0.00268602052703
290	0.00214100544132
591	0.00213617481447
590	0.000542872650103
595	0.00429058567164
198	0.000541368364093
195	0.0
197	0.000456740548399
190	0.00592181752517
193	0.00535897867593
192	0.0015922473574
270	0.000456740548399
272	0.000541368364093
273	0.000535141047485
274	0.000538601893457
275	0.00157343166781
277	0.00216741104439
278	0.000533016311753
526	0.000540268072845
521	0.00161327410157
522	0.0010710708471
523	0.00108449941119
599	0.00265570922098
528	0.00105820521085
443	0.00430121538282
441	0.000532521694007
447	0.000545600983019
445	0.00216328863084
103	0.00104117091058
101	0.00153916056381
106	0.000542606633191
107	0.0143423052979
104	0.00272279507376
902	0.000540596351246
900	0.0010791380957
906	0.000542606633191
907	0.00157396548264
905	0.000529833738166
32	0.00323539574986
31	0.00108162302475
30	0.00218016360423
35	0.00108069505863
641	0.000525422224691
643	0.00213493504408
644	0.00225860834842
647	0.000540301430948
439	0.00164336979182
437	0.000456740548399
435	0.00327080768669
432	0.00104819771437
433	0.00100456650044
339	0.000530855723348
338	0.000525422224691
335	0.00159588313695
334	0.00538137628675
337	0.000526153605673
333	0.000530855723348
332	0.000547577402344
745	0.000456740548399
854	0.000546436353165
855	0.00159830970144
857	0.00215505273182
850	0.0156170693114
851	0.00539763272079
853	0.000539016175542
858	0.00054040051297
6	0.000530855723348
99	0.00159392843815
98	0.00533231505093
90	0.00591001637317
92	0.000540301430948
95	0.00105072109409
96	0.000539016175542
740	0.00108536329899
741	0.000539507429059
742	0.00430063020023
743	0.00162640808204
559	0.0
558	0.0021750050057
746	0.0075643090617
748	0.000542872650103
749	0.0010704147964
557	0.000535417647075
556	0.000547577402344
551	0.00109661792435
550	0.002683706758
553	0.00158982231485
552	0.00108007870797
239	0.00107155969697
236	0.0016000325143
230	0.000536478080221
231	0.0026480392378
232	0.00326918656292
233	0.00107921976689
147	0.00976257961043
142	0.000540301430948
143	0.0010797150251
610	0.000541946085128
611	0.000907576395341
617	0.000530166563215
149	0.0010555537795
1004	0.000530877183289
948	0.000537404402863
949	0.00109378180672
946	0.00433875002731
947	0.000541368364093
944	0.000537404402863
943	0.000537933127565
940	0.00107256929472
688	0.00158623240904
685	0.00161483252811
684	0.00269265029786
687	0.00259015856893
1000	0.00217872609684
680	0.00053153686404
682	0.000907944082559
133	0.00163585702843
132	0.000539016175542
131	0.000456740548399
136	0.00270289470932
135	0.000537316480991
134	0.000533016311753
491	0.00158997639553
493	0.000540268072845
24	0.00324564028384
22	0.000526153605673
28	0.000525422224691
29	0.00158823743784
407	0.00158704844359
404	0.00160569767684
402	0.000542606633191
401	0.00267922679575
933	0.00163287034608
931	0.00054230348954
409	0.00158213869825
934	0.00160541748868
378	0.000501552881002
828	0.000456740548399
371	0.00213090845827
373	0.00216078561944
372	0.00266875791651
374	0.000537769731603
376	0.000539016175542
704	0.000544278484544
706	0.000541566653366
707	0.00265905921278
700	0.00272321117927
702	0.00143072007653
703	0.000539145147086
391	0.00270409925762
89	0.00107352076034
394	0.000521827123989
181	0.00159955807112
86	0.000537830843081
84	0.000536067260219
796	0.000525422224691
795	0.00108179559416
790	0.00599433455206
799	0.00219001663569
7	0.000465723483232
586	0.00709474887168
584	0.00108645228477
585	0.00159959659473
582	0.00104724934868
580	0.000521827123989
581	0.00480054937693
589	0.000539227221315
245	0.00316727787481
246	0.00206041018479
241	0.000541171270902
249	0.00160178329467
248	0.0021741987894
924	0.00180790708785
518	0.00381799852286
510	0.000521827123989
513	0.00163612060555
512	0.000541171270902
1003	0.000538385662607
514	0.00301540856732
1001	0.00140912927634
516	0.00090587859252
951	0.00481597791081
624	0.00161773315831
450	0.00434221508328
451	0.000530325073167
629	0.0129585930064
454	0.0016038657079
178	0.0153980887782
199	0.00180690696661
175	0.00211814732411
173	0.000907576395341
171	0.000542872650103
170	0.00106583902139
977	0.00102053087053
517	0.002718823508
974	0.000551422610685
972	0.000542872650103
971	0.000540301430948
180	0.0
979	0.000456740548399
978	0.00215596351522
656	0.0016175964878
657	0.000456740548399
654	0.00241664480953
2	0.0021842799474
187	0.000541368364093
650	0.000907944082559
185	0.000536839153527
188	0.000540074619802
189	0.00215029774557
658	0.00160906733903
184	0.0161919157657
11	0.000450835846943
868	0.00162650892396
13	0.000456740548399
15	0.00108645228477
14	0.00272936572588
17	0.000540301430948
16	0.000502992844493
863	0.000537769731603
862	0.00213358504481
865	0.000535417647075
883	0.00104576151254
881	0.000907944082559
880	0.00106143092087
885	0.00109793131478
752	0.00104763699229
888	0.000540624323259
929	0.000530855723348
809	0.00160073718755
323	0.000521827123989
327	0.000530380111644
324	0.00214367121971
329	0.00108047489467
201	0.000530877183289
200	0.00486455365101
758	0.00270160423461
207	0.00702446700648
208	0.000530877183289
779	0.000521827123989
77	0.00164193130984
75	0.00162030209927
74	0.00219312422608
73	0.00107683341748
71	0.000536418649484
70	0.00376396427824
78	0.0015889123848
686	0.000542872650103
669	0.0010797150251
668	0.00108057742147
667	0.000541171270902
665	0.00054526612025
664	0.000530877183289
663	0.00263182487534
662	0.00215432691966
693	0.00213767005002
697	0.00213004001711
695	0.000541368364093
698	0.0036862169077
699	0.000546204404376
542	0.00272285173701
543	0.000540301430948
540	0.00263506429147
541	0.000921114675639
547	0.00649066603851
544	0.00377431364165
8	0.000539507429059
994	0.00105074749562
997	0.00107543336463
996	0.00142545687612
991	0.00155077899827
990	0.00161158611289
120	0.00539713492079
126	0.00219171923503
127	0.00268593694047
414	0.00108430222913
415	0.00537030965716
416	0.00109131192045
920	0.00214944462817
921	0.00140012798672
923	0.00146104216552
418	0.000936250996705
925	0.00316425304664
926	0.000542872650103
499	0.00269067863357
319	0.000541084105246
318	0.00214100146193
313	0.00218348739923
311	0.00264850425358
310	0.000519983650447
316	0.0135006061157
315	0.000521827123989
314	0.00370915898353
832	0.00104056905654
833	0.00214698846075
837	0.00140408412173
369	0.00162248126851
367	0.0198051705043
365	0.00053553471905
362	0.00376013875888
360	0.00161888928674
361	0.000525422224691
381	0.00265839161755
383	0.00377211082315
387	0.00108124200627
388	0.00107734835042
786	0.000502992844493
780	0.000501552881002
781	0.000521827123989
782	0.00109271310847
783	0.000905616518344
788	0.00379535649752
789	0.00158032346904
151	0.00157789390355
573	0.00273319573786
572	0.000541368364093
577	0.000542872650103
576	0.000456740548399
60	0.000541368364093
61	0.00645663517259
62	0.00054755121278
65	0.00373820501526
67	0.000535923271687
68	0.000525422224691
253	0.00159153154742
251	0.000525422224691
254	0.000541368364093
731	0.00325442313752
730	0.000548660648891
732	0.00160653154721
509	0.00162357349278
506	0.00317527850395
738	0.00144313204243
505	0.000540074619802
502	0.00322305073334
503	0.000535749312235
500	0.00109565488928
630	0.00378413325146
631	0.000540268072845
633	0.00159182694757
469	0.00161740634631
637	0.000538487921321
465	0.00272625043924
464	0.00106828158615
927	0.000535417647075
460	0.000539016175542
168	0.00874839364162
169	0.00107014530499
164	0.00107689730549
165	0.00215729537743
166	0.00164158486861
167	0.00161802419875
160	0.000540268072845
163	0.000549066711567
965	0.000543301169787
962	0.00153819572094
963	0.00107151477018
969	0.00103866829336
935	0.00321782307021
908	0.000545710937434
909	0.000539227221315
879	0.000538701491759
874	0.00368767350986
872	0.000525422224691
873	0.0026294041617
870	0.00106974122898
890	0.00161913830744
891	0.00486754404314
895	0.00274110047347
896	0.0
898	0.000530877183289
899	0.000530877183289
646	0.00492102527313
648	0.00382186352478
356	0.0038123517129
355	0.00108778538337
808	0.00157923472633
353	0.00107978131716
351	0.000540301430948
803	0.00109201720827
802	0.000541368364093
806	0.00162334992663
804	0.000907944082559
216	0.000544278484544
214	0.0172429611505
762	0.00220303246776
761	0.000456740548399
767	0.00211863035878
764	0.00262952235768
765	0.00543920180901
957	0.000541171270902
956	0.00108627577203
289	0.00106097721431
288	0.00270766547409
4	0.000532521694007
280	0.00162075551726
285	0.000542872650103
284	0.000542804936885
676	0.0
670	0.00106041045949
260	0.00109378180672
267	0.00598377474742
266	0.00164193130984
269	0.000525422224691
268	0.000533016311753
57	0.000546773359693
56	0.00105608258338
50	0.0
53	0.0016031589561
52	0.00163443446742
537	0.00106404777621
535	0.00108887291542
534	0.00269173201976
531	0.00159522773046
530	0.0059625468553
538	0.000530855723348
775	0.000517523762523
988	0.000540624323259
980	0.000530877183289
987	0.0163042451496
984	0.000551422610685
985	0.000530877183289
117	0.000533016311753
776	0.00212087871476
111	0.00164982649851
112	0.00273335361263
119	0.000545899703284
118	0.000530877183289
429	0.00214047215114
428	0.00215904396813
919	0.00054528739333
918	0.000540674789007
421	0.000541171270902
423	0.00302494250516
422	0.000542804936885
425	0.00597389136808
424	0.00108179559416
913	0.000551895183734
912	0.0109096082213
301	0.00108352406428
302	0.00162198891152
306	0.00161898945494
846	0.00162473106993
844	0.00323849344283
843	0.00209735384453
840	0.00369227493072
849	0.00317076485671
568	0.00107869053296
569	0.00213032641728
751	0.00218286819648
750	0.000540268072845
754	0.00158523538378
561	0.00106209519683
563	0.000542605079536
566	0.000530460081753
739	0.00107865257614
229	0.00968867128267
228	0.000530855723348
225	0.00105696817147
224	0.00162257046815
223	0.00210514434889
220	0.00268577598079
724	0.00104755026164
723	0.00432568828542
720	0.00377679142288
721	0.00218249967199
605	0.00106053574999
150	0.00161013752752
153	0.000541216811033
152	0.000537830843081
154	0.00053862537281
157	0.0075914598974
602	0.00163311299497
609	0.000535982565402
976	0.0010696594522
634	0.00108162280873
958	0.0
48	0.000541084105246
46	0.0
950	0.00155377356097
953	0.00162279775777
952	0.00108110316387
955	0.00105230105154
954	0.00054205575389
40	0.0102783862001
41	0.00267813054872
638	0.00808071285889
5	0.0010600155369
488	0.000541368364093
486	0.000538601893457
485	0.00163958924655
484	0.00216568443486
483	0.000530113229764
482	0.0026544559508
480	0.000525422224691
472	0.0043577447564
470	0.00212561842001
471	0.0015904963317
474	0.00107248381443
478	0.00109129831416
479	0.000523996853128
