344	0.00239608070585
0	0.00235160507779
347	0.0018806374163
343	0.00187697041464
812	0.000650546471516
817	0.00113286452442
719	0.000601258219493
718	0.010809878282
716	0.00117992558674
714	0.000729037216724
713	0.00207095777895
712	0.00322110031904
710	0.00295865959786
915	0.00811157122705
299	0.000613645323276
294	0.0020592050257
295	0.000603113165169
292	0.000693729660477
293	0.00177781650659
290	0.00378191729827
291	0.0034828741921
591	0.00134461469954
592	0.00440296609306
595	0.00184654964195
596	0.000644300099245
599	0.00238103840213
197	0.00117977628598
196	0.000654555455182
191	0.0029434396975
193	0.00654615691411
192	0.000610900936176
272	0.00373634737143
274	0.00192455222484
275	0.00228425114186
278	0.0
524	0.000601365863808
526	0.00128760380009
522	0.000586347979734
528	0.0024420545821
443	0.00128867788913
441	0.000607842270468
440	0.0
447	0.00174661128112
444	0.0018381877311
102	0.00118633515524
103	0.000613707527217
101	0.00237470549363
106	0.0
107	0.00385417715827
104	0.00196155529866
105	0.00058187875762
900	0.00188511757321
901	0.00138479761948
907	0.000616268362696
904	0.000616268362696
32	0.0100789759651
31	0.00122413399011
30	0.0048596286896
35	0.000551938535114
641	0.000590413876696
643	0.000576600483628
644	0.00309242349292
647	0.000621886394395
439	0.0010474957211
648	0.00385747321709
435	0.00179510192886
432	0.00117977628598
433	0.00117378661702
431	0.000558305624692
338	0.00117378661702
335	0.00184130753553
334	0.00678695246724
337	0.00236447034614
333	0.00769051805045
332	0.000889886657832
854	0.0018381877311
855	0.000582856828765
857	0.00122545933044
850	0.00129838070848
851	0.00169592004974
858	0.000610951276392
859	0.000933310039062
6	0.0017787573898
98	0.00276321591399
91	0.000673496362651
90	0.00305889206829
92	0.00169843799332
95	0.000590413876696
740	0.0
742	0.00398659045367
743	0.00403938478558
558	0.0
746	0.000645464463565
748	0.000768470407871
749	0.00129684282565
556	0.000929201291608
551	0.0018381877311
550	0.00287845001594
553	0.00125072437623
552	0.0011856485567
239	0.00132636682444
235	0.000694895927321
236	0.00175803372137
231	0.0030282974833
1	0.0
146	0.000697587499028
147	0.00443851355307
618	0.0
142	0.00236941765343
143	0.00188712012001
141	0.00168300786048
612	0.000678351076999
614	0.00110886532784
149	0.000610637908908
947	0.00128159483394
942	0.00167180884566
940	0.00141200804808
517	0.00139423916966
685	0.00116045974817
684	0.0
687	0.00368130829362
680	0.000654603769735
683	0.000620561054067
682	0.000634783155275
133	0.00107242557065
137	0.000663260445959
136	0.00181307640043
135	0.0110935338093
134	0.0021366997087
495	0.00123631392862
139	0.00725913650445
497	0.000589840931655
493	0.00113895798721
24	0.000587617069985
25	0.0
28	0.000590413876696
939	0.000601365863808
402	0.0
401	0.0033880285271
629	0.0106356562145
409	0.00119117372619
379	0.00124540768284
371	0.00207804690369
373	0.000596189676121
372	0.000612802518773
821	0.000929201291608
377	0.00179509760628
822	0.000696169394807
704	0.0
706	0.000695660128659
707	0.00131258379783
700	0.00195775964289
702	0.00247600802854
703	0.00135699010644
393	0.000601653191793
394	0.000929201291608
82	0.00276660489844
83	0.00134491594847
796	0.00180447563004
795	0.00166688228895
790	0.00217570036215
586	0.0066252488176
587	0.00136164421106
585	0.000696104250169
582	0.000590413876696
581	0.00210487878524
588	0.000590413876696
245	0.00118580728564
246	0.00233679844238
242	0.0
249	0.00300230023773
248	0.00209759720399
924	0.000606421824321
511	0.000590413876696
510	0.0011950218241
513	0.0018381877311
1004	0.00116331336075
515	0.00192185739475
1001	0.00246675843115
516	0.00269911730319
458	0.0
459	0.000697587499028
627	0.000696761202148
624	0.00121339559774
450	0.00516050684872
452	0.000696169394807
628	0.00276660489844
454	0.00775048833193
199	0.00121899553985
175	0.0028718718866
174	0.0011950218241
171	0.000950731773044
170	0.000589362409283
977	0.00712093820935
971	0.000621886394395
180	0.0
979	0.000601258219493
978	0.0100111887325
654	0.00185758507567
2	0.00121307288356
652	0.000587583663609
187	0.00193489009124
650	0.00180395325415
185	0.0
188	0.00168701063328
189	0.0013124377575
658	0.000587617069985
659	0.000657544887276
184	0.00241872727352
764	0.00245273069734
10	0.00061037521326
13	0.00203245265518
12	0.000692802773521
15	0.00131143294366
14	0.000616423771646
17	0.00122562738311
16	0.00122485336384
19	0.00120563077198
862	0.0035723945431
865	0.000767918121399
866	0.00306691526251
883	0.000597325990827
881	0.00133432398022
880	0.000696761202148
886	0.000933380098522
885	0.0010105720471
752	0.0
322	0.00123342173435
321	0.0
326	0.00139423916966
327	0.00061037521326
324	0.00325605082975
329	0.000603910607887
200	0.00184040173754
777	0.00180295676281
202	0.000587617069985
771	0.00332047017904
770	0.00090898643949
207	0.00335361810248
206	0.000601365863808
209	0.000978079185187
208	0.00116981647975
77	0.0041337336578
75	0.00614526874972
73	0.0
78	0.000603113165169
664	0.000610900936176
663	0.00185010650718
662	0.00250946304537
660	0.000657544887276
769	0.0
692	0.00258788310613
693	0.00175545118706
696	0.000639709890376
697	0.00234528585439
698	0.0035908585058
542	0.00361553440673
543	0.00119976261217
540	0.00364380338502
541	0.00188877061192
546	0.00203923710383
547	0.0010948462341
544	0.000696169394807
548	0.000589146525421
549	0.000607842270468
994	0.000590413876696
991	0.00245466002511
990	0.000620561054067
993	0.000696169394807
868	0.0060300966645
120	0.00486397659772
122	0.00174555916877
124	0.000929201291608
125	0.000601365863808
126	0.00160772430679
127	0.00804507623956
415	0.00337078250026
416	0.0120106985837
410	0.0041382000021
920	0.00264610167938
921	0.0019961003315
923	0.00764003676507
418	0.00175711258341
925	0.00116608467895
499	0.0
319	0.0
313	0.00207408907696
311	0.00175649855564
316	0.00184602038451
861	0.0
833	0.00127197862893
830	0.0
836	0.000696169394807
838	0.00182089386064
368	0.000602827880931
369	0.0018381877311
364	0.00245949593341
365	0.00118668840011
360	0.000587617069985
361	0.000590413876696
952	0.00123293995722
380	0.00123202899093
381	0.00306692388262
383	0.000603572936047
388	0.000649718772222
784	0.00204529721831
782	0.00358634977994
783	0.0019404065193
788	0.0
789	0.0184046996813
151	0.0
573	0.000956216087209
572	0.00129308238629
577	0.00382610042806
153	0.000589840931655
575	0.00308879047105
60	0.000643418759104
61	0.00188662834422
62	0.00339849870554
65	0.00139290507372
66	0.0
67	0.00235346940932
68	0.0012865832715
253	0.0
250	0.00277882651573
251	0.00127338470805
256	0.0039829388372
731	0.00263582041963
732	0.00118155426322
737	0.00113707749602
509	0.000649324714054
506	0.00509320812218
738	0.00181290841435
505	0.000790472844234
502	0.00421499227684
500	0.00440932812565
501	0.000696169394807
630	0.00173159858462
631	0.00238177083744
633	0.00197450996615
634	0.0
638	0.00278527012994
927	0.0153409669968
462	0.000634163623256
168	0.0139714690549
164	0.0
165	0.00622601168817
166	0.00851108711239
167	0.00226782064707
160	0.00118763137725
966	0.00272977422801
963	0.000585196164057
969	0.00177475058609
936	0.00216451471871
909	0.000696104250169
879	0.00121273969822
872	0.00121732618064
873	0.00118580728564
870	0.00415500493468
890	0.00208916953672
891	0.00177130180099
894	0.000587617069985
896	0.0
898	0.00125395548211
646	0.00348301998919
356	0.0124118489725
809	0.000590413876696
353	0.000587112677041
216	0.0
214	0.00536672189425
215	0.0
762	0.00373934982486
955	0.00352023779664
761	0.00134074431703
218	0.000696169394807
765	0.00966728994784
957	0.000551938535114
956	0.0
4	0.000693729660477
280	0.00183791732357
679	0.0
670	0.000616423771646
672	0.0
260	0.00202813216349
267	0.00209718434303
268	0.00486973533835
58	0.00208770712424
56	0.00119377768084
53	0.00209284534975
52	0.00202847221604
537	0.0
535	0.00286891043395
534	0.00586150291504
532	0.00188329290458
531	0.00177796062691
530	0.00301466482523
538	0.00296362936042
988	0.0010948462341
774	0.000639084057308
980	0.000695126438941
987	0.00176297662599
984	0.0018564163816
114	0.000597325990827
117	0.000695621882639
111	0.00107242557065
113	0.00274849670203
772	0.0208723384959
429	0.00276935572248
428	0.00545584952535
918	0.0
421	0.0016822257112
420	0.0
423	0.00592162421826
911	0.00057764050469
424	0.00221473115837
427	0.000583227850181
912	0.00703297467387
309	0.0
301	0.000551938535114
305	0.0018989513466
306	0.00197617110345
847	0.00111703157774
846	0.00117165856003
844	0.0
843	0.000589362409283
842	0.000616423771646
840	0.00179038544742
849	0.00172749137272
823	0.0165993574458
568	0.00645793370728
569	0.0115158544538
754	0.0018338956445
561	0.00176230944132
758	0.0
565	0.0
566	0.0
739	0.000696169394807
229	0.00197674471897
228	0.00295859647803
227	0.0
226	0.0
223	0.000649718772222
220	0.00655604958122
727	0.0
724	0.00236512215941
722	0.0018381877311
723	0.0
720	0.00550421913471
605	0.00531482277051
607	0.0076960002464
154	0.000601365863808
157	0.00215207728401
602	0.00422974486971
159	0.00888050076934
609	0.00339604194161
469	0.00701097009248
48	0.0
951	0.00317753439556
953	0.00055479694154
45	0.0
42	0.0
954	0.000551938535114
40	0.00325426115844
41	0.0
5	0.000634783155275
487	0.000601365863808
485	0.0018381877311
482	0.00303112545692
472	0.0101751948247
470	0.00236856854987
477	0.000601365863808
