344	0.00066047203013
0	0.00250069542436
343	0.00145163274557
810	0.000655307812666
812	0.000806558988291
813	0.00219731605443
349	0.000650532594838
817	0.00191802625505
719	0.00137104414906
718	0.0191632149488
716	0.0030551599619
715	0.000598706272042
713	0.000653885049362
712	0.0
711	0.000767136941267
710	0.00270511201881
915	0.00428697215989
299	0.000707120072517
294	0.00442115128544
293	0.00542837473805
290	0.00165739037456
591	0.00287961598281
199	0.00132926697437
599	0.00188396235338
191	0.0015308158897
190	0.000737652466624
193	0.00461508670188
192	0.000638020151062
270	0.000664994705132
273	0.000621370726042
274	0.00195530503955
275	0.0014388000017
277	0.00151449880796
278	0.000653885049362
526	0.00138070041482
527	0.00139491092454
522	0.0023608903774
528	0.00140968156569
443	0.00270123095753
442	0.000621243079012
447	0.000899700281997
445	0.000648855265362
444	0.00158979458213
109	0.000869977555596
101	0.000750450194428
106	0.0
107	0.00193594135738
104	0.00176967783759
105	0.000813292344252
902	0.000688638221092
38	0.00138865255986
904	0.00148459155086
905	0.0
32	0.00151259467095
31	0.00205390173199
30	0.00253645002526
35	0.00193212131234
641	0.00149907979301
643	0.000678597584179
644	0.00200151195961
647	0.000706096592273
439	0.00361096686133
437	0.000664994705132
435	0.00593647230579
433	0.00363893872294
338	0.00151339021364
335	0.00182389660492
334	0.00246214279742
337	0.00287505762179
336	0.000598706272042
333	0.000649562190431
332	0.00528844182001
854	0.00156777088224
855	0.00148479604913
857	0.0063766817729
850	0.000737652466624
851	0.00274715654373
853	0.000691431500974
6	0.000664994705132
99	0.0038564852429
98	0.00656465334335
91	0.00240817876417
90	0.00754484031028
95	0.000743401673225
96	0.00137992577244
740	0.0
742	0.00220886774984
743	0.00185006677727
745	0.000664994705132
746	0.00287676972747
749	0.0015113133705
551	0.00145095361494
239	0.0
231	0.00309105941283
232	0.000811991936397
233	0.000739966664626
142	0.00284213138748
143	0.00214642775407
141	0.00211283669682
610	0.000676158184406
611	0.000674860922258
617	0.000631580830134
614	0.00193212131234
149	0.0015479192249
1004	0.00379380843993
948	0.0118948617669
949	0.00269820197675
946	0.00728364002524
947	0.0
945	0.000664994705132
688	0.0
685	0.00204239889874
684	0.00473184112539
687	0.00254256405009
516	0.0029094476245
680	0.00121847236142
133	0.000869009520472
136	0.00498018121757
135	0.00284595584552
134	0.000653885049362
138	0.00140457247929
491	0.00074872135825
493	0.000693834476558
24	0.00286944036329
25	0.000952655484347
28	0.00149907979301
29	0.00256725564528
407	0.00225765726233
404	0.000771796055368
401	0.00202909144966
933	0.0
935	0.00206516900611
934	0.000771796055368
379	0.00170722641042
828	0.000664994705132
371	0.000625734797617
372	0.00385667805114
374	0.00162136556696
377	0.00226550650118
708	0.000767136941267
704	0.00191905290328
705	0.000621243079012
707	0.00125917730932
700	0.00231053399564
702	0.000664994705132
703	0.000728471493091
393	0.000788442585752
392	0.00179328081911
391	0.00133663021454
390	0.000735537574802
397	0.000851860942012
83	0.00147617771318
796	0.000743401673225
795	0.0012794209575
791	0.000756918908484
790	0.00964910706276
607	0.00157813367282
586	0.0121666086948
585	0.000625734797617
582	0.000743401673225
580	0.000709904772479
581	0.00291843255301
589	0.00117333175087
245	0.00152338935665
246	0.00154536419776
241	0.00263519402771
243	0.00080379021284
248	0.00150478940789
924	0.00204590507131
518	0.00364375244743
510	0.000710193821458
513	0.00149791034937
512	0.000655920019445
514	0.0
1001	0.00269920392366
1000	0.000892427675221
458	0.00293925141823
624	0.000736528308182
450	0.0
451	0.0012794209575
629	0.0118212937156
628	0.000709503232097
454	0.00134774703907
178	0.0038619331983
595	0.00464888796712
175	0.00286624513448
173	0.000664994705132
171	0.0
170	0.000709503232097
977	0.00673900480555
517	0.00342023566131
974	0.00087431586369
971	0.00141328489806
978	0.00655638788146
656	0.000682651457261
657	0.00134236001283
654	0.0
181	0.00136888622964
187	0.0
184	0.00448641021826
188	0.00320691663373
189	0.00228858192506
658	0.00211113098061
659	0.000735993578965
650	0.00137104414906
868	0.00877729079367
13	0.00267624246815
15	0.000592240755358
14	0.00338709223374
17	0.0014135013138
16	0.00300153177587
862	0.00190270123678
866	0.00307568792464
883	0.00307096084962
881	0.00131699324833
880	0.000852377375388
885	0.00266854290226
929	0.00136626043737
322	0.002174423754
323	0.0
320	0.00127013774582
324	0.0056029944754
329	0.0029484914723
775	0.000739966664626
200	0.00354141876731
777	0.000706049443923
207	0.0135373022279
772	0.00310672258054
779	0.00080379021284
76	0.000706049443923
75	0.0032406518938
74	0.00893396835304
72	0.00179478285694
71	0.000775720789615
70	0.00152110840956
78	0.0
2	0.00232677389145
669	0.00142267184431
668	0.000718454336608
662	0.00265279358064
660	0.00157535202566
692	0.00814350043869
693	0.0012545568271
697	0.00226932324418
695	0.0
698	0.000743401673225
542	0.00312306981105
543	0.000706096592273
540	0.00755607760788
541	0.00137104414906
547	0.0025700935639
545	0.0016616985087
994	0.00217652604415
996	0.00206642713459
991	0.0
990	0.00267563909764
120	0.00154497822196
122	0.00218059110671
126	0.00255085240758
129	0.0
414	0.000748819695158
415	0.00467366912591
416	0.00173722925715
410	0.0155662228451
411	0.000706712737166
920	0.00206915918925
921	0.000664994705132
923	0.00108497261491
418	0.00139332887335
925	0.00375833287366
926	0.00180956406742
499	0.000952655484347
318	0.00261938226556
313	0.00345592931258
311	0.00374014642458
316	0.0134372752669
314	0.00132636291117
832	0.00341984801098
830	0.000755678119788
837	0.00203947339884
838	0.0
369	0.00162076151568
367	0.0125415718953
365	0.000603483423097
360	0.000693834476558
361	0.000743401673225
383	0.00281499076411
387	0.000641331904484
388	0.00566933245838
784	0.00294386193796
780	0.0
782	0.00255085240758
783	0.0013314934282
789	0.00213331436656
151	0.00108497261491
573	0.000852377375388
577	0.0
576	0.000664994705132
61	0.00480962669539
62	0.00525650396251
65	0.00156746987644
67	0.00397866695329
68	0.000743401673225
250	0.00167870024525
251	0.00144945111715
256	0.00175671665338
731	0.00119309986523
730	0.000869977555596
732	0.00150012526383
737	0.0014388000017
736	0.000755678119788
506	0.0200349128777
738	0.000664994705132
502	0.00324940492573
500	0.0043403471647
630	0.00134874889079
631	0.000693834476558
633	0.000769988540417
469	0.0102639844227
638	0.00136954152147
464	0.000603569405674
466	0.000888726366416
460	0.00138067953635
168	0.00624907163813
169	0.00154751684498
164	0.00138743456814
165	0.00478289279446
166	0.00536701507589
167	0.00328898845841
160	0.00211281119625
963	0.00066047203013
969	0.00074872135825
909	0.00251488831411
874	0.000751491884658
872	0.000743401673225
873	0.00149489355788
870	0.000621370726042
891	0.00448992441408
895	0.00145095361494
898	0.0
899	0.000638020151062
646	0.00223626906356
648	0.00266534132537
356	0.0233542152248
809	0.000743401673225
808	0.000638020151062
351	0.000706096592273
800	0.00075001447656
806	0.0
804	0.000655307812666
216	0.000987386552149
762	0.00176446844945
955	0.00149907979301
761	0.00131699324833
767	0.000706049443923
764	0.00152338935665
765	0.00260720681275
957	0.0012794209575
288	0.00339140351939
281	0.0
280	0.000693834476558
674	0.000900853143888
671	0.0014958752554
260	0.000806558988291
267	0.0024771757765
266	0.000909351696061
268	0.000653885049362
56	0.00144945111715
53	0.00376385372737
52	0.00260720681275
535	0.00484293575333
534	0.00286589102563
532	0.000664994705132
531	0.000743401673225
530	0.00289695676755
988	0.00129403225932
987	0.0230535900091
984	0.00359020267872
114	0.00305182752369
117	0.000653885049362
111	0.00176013014135
113	0.00227876396115
112	0.00443223276464
118	0.00182373352707
206	0.000698393285098
429	0.00278061112851
428	0.00431332133568
919	0.000717454609596
421	0.0012794209575
423	0.00154728665231
422	0.00146956358656
425	0.00248852848028
424	0.00194588168663
913	0.00162076151568
912	0.00795747932992
300	0.000735537574802
301	0.00191739320906
302	0.00142425123475
306	0.00240914177863
846	0.00203046469109
843	0.00151471497036
840	0.00467421543436
849	0.00434458634327
823	0.000781071892472
568	0.00163302494549
752	0.00222271851429
750	0.000693834476558
754	0.00305869040502
561	0.000693834476558
759	0.001803652554
509	0.000707120072517
565	0.000952655484347
229	0.00305869730055
228	0.00194687645212
220	0.0031410463512
724	0.00384373110304
722	0.00158979458213
720	0.0036077460456
605	0.00195852460111
153	0.00354121589202
152	0.000906056490528
601	0.00142360610889
154	0.000698393285098
157	0.00156167205878
602	0.000869977555596
609	0.000753046438726
976	0.00261531523113
634	0.000707120072517
48	0.0019400420365
951	0.00437654659818
953	0.000706096592273
952	0.00212068961958
42	0.0
954	0.00256798457045
40	0.0
5	0.00130715277961
485	0.00149791034937
484	0.00136999266096
482	0.00144945111715
480	0.000743401673225
472	0.00175997665218
470	0.00133106866807
479	0.000767136941267
