344	0.00332515860909
0	0.011481870495
347	0.0
343	0.000833921040549
810	0.00127688182546
812	0.00143355339787
814	0.000868926467085
817	0.00151021311056
719	0.0028331660096
718	0.00298759697421
716	0.000589231610767
713	0.00218668113888
712	0.000752676726951
710	0.00103358405675
915	0.00676068872524
299	0.000608819630914
294	0.00591637701223
295	0.00103358405675
290	0.00157643750244
291	0.00216889428317
591	0.00210648890705
590	0.0
592	0.00525181459425
199	0.00225144905506
599	0.00204379706001
191	0.00380152193877
190	0.00672086080349
193	0.00344293520391
272	0.00216592026951
274	0.000671215652014
275	0.00167178900344
278	0.000701737189263
526	0.00208154033971
528	0.00168994153477
443	0.0030218938126
445	0.00274529854546
444	0.00157898077928
102	0.000317196671374
103	0.000338635166075
101	0.000876267073352
106	0.00111248120198
107	0.0052290367051
104	0.00170527029946
105	0.00106902789391
900	0.00222379977131
38	0.00216944311633
904	0.000589231610767
32	0.00885995499842
31	0.00267783949677
30	0.00172855115191
641	0.00050287481533
644	0.00223615076649
647	0.00134462166763
439	0.00085491841703
649	0.0003604294458
648	0.00860143651748
435	0.00162370178965
432	0.000550328741323
433	0.000577354823417
431	0.000659293074524
335	0.00188056307812
334	0.00364624227241
337	0.000550328741323
333	0.00273837688425
332	0.00245249126568
854	0.000784602110023
855	0.00267262957027
857	0.00344070691802
850	0.00316076419484
851	0.00180596711707
819	0.000640939036578
858	0.000520413269236
6	0.00157765393382
98	0.00500322037593
91	0.0
90	0.00599345134925
92	0.00469164221423
740	0.00037425055546
742	0.00371357065089
743	0.000688300336095
558	0.000809916032519
746	0.00655780347609
748	0.0
557	0.00256590016341
551	0.000784602110023
550	0.00212216692972
239	0.00161624851961
235	0.000811588874237
236	0.000550328741323
231	0.00239454827939
232	0.00087216109894
233	0.00147946280652
147	0.00170129495474
142	0.00200407875001
143	0.00136707509399
141	0.000511232157347
612	0.000389135875955
617	0.00150292753398
949	0.00085491841703
1003	0.000700373680972
942	0.000729027737329
940	0.00144811637463
688	0.000559307906936
685	0.00208272270931
684	0.00809439746713
687	0.0028106281898
680	0.00205877479269
682	0.00113617368871
458	0.00242946830238
133	0.000840350005247
136	0.00265086024841
135	0.00509812711539
134	0.00292153945085
139	0.00160965958388
497	0.000530309544875
491	0.000589231610767
493	0.00208272270931
24	0.00480198125375
25	0.00162280145732
29	0.000507693067442
404	0.00116772851635
402	0.000693808132952
401	0.00350276420375
933	0.0
409	0.00155293355479
934	0.000633633493591
379	0.0
378	0.00015849632983
373	0.00135692536271
372	0.000581219178143
976	0.00103358405675
377	0.0005376402253
704	0.000811307927807
707	0.0
700	0.00468012605485
702	0.000556039701784
703	0.00068416604348
393	0.000639484240671
392	0.000878111095855
82	0.00068416604348
181	0.00120139020834
399	0.000251119018948
398	0.00075043506919
86	0.00066799720231
795	0.00322847455051
790	0.00290678817132
586	0.0127474413586
587	0.00070355822456
584	0.000685611940701
582	0.0
580	0.000682675576477
581	0.00139587697423
589	0.00159306024381
245	0.00180927016869
246	0.000876267073352
249	0.00314069563437
924	0.000542446776985
510	0.00081684907106
513	0.00316515538693
1004	0.000530309544875
515	0.000802608688164
514	0.000651155904455
1001	0.00183141794738
516	0.00126655397075
623	0.000748210513928
622	0.00128030288
450	0.010485106622
629	0.0117554621041
454	0.00292070900614
178	0.00988540626493
595	0.00254009028991
175	0.00163445780019
173	0.00159797255035
171	0.0
170	0.000550328741323
977	0.00533711892755
517	0.00603863631333
971	0.00132248320978
978	0.00330494230626
656	0.00137067797954
657	0.000528529999116
654	0.00165658695794
2	0.00210007407841
186	0.00517299188525
184	0.00256275586916
189	0.00266732971571
658	0.0020581145633
659	0.0014739921613
10	0.000528529999116
13	0.00240320041861
14	0.00335430048566
17	0.000659293074524
16	0.00108304598361
19	0.00109439861839
18	0.000666193806317
862	0.00103358405675
865	0.000748210513928
866	0.000747907881254
947	0.0
881	0.00107715892719
880	0.0
887	0.000802862306442
322	0.00109597578544
323	0.000837695800694
321	0.000811307927807
326	0.000751207900102
327	0.00235886870498
324	0.00138866748536
325	0.000589231610767
329	0.0018257683574
775	0.000575064845654
774	0.0
777	0.000550328741323
771	0.00479646515769
770	0.00335934129647
207	0.00458196239483
772	0.00068742374477
77	0.00433178290648
75	0.00756506935649
74	0.0026182566363
78	0.00103358405675
663	0.000630288990692
662	0.00292099287548
661	0.000761815631487
660	0.000730076747038
692	0.00220668753912
693	0.00256145326562
697	0.0032783985418
698	0.00366900078282
542	0.00398968751463
543	0.00132308782
540	0.00496301057181
541	0.00331774818191
546	0.00204781969628
547	0.0044549709733
544	0.000659293074524
549	0.000729027737329
994	0.00050287481533
997	0.00068742374477
996	0.00344471286172
991	0.00209843353874
990	0.00130145690128
868	0.00257031505562
999	0.000589231610767
120	0.00449745243056
122	0.00101417103003
125	0.000251119018948
126	0.00346625880772
127	0.00591649580294
415	0.0034790407144
416	0.0158802636123
410	0.000985930956926
413	0.00149126491934
920	0.0034979454762
921	0.000530309544875
922	0.000835383429942
923	0.00631387138112
418	0.00218254047399
925	0.00132709604808
926	0.0
499	0.00465601068136
319	0.00242611262981
318	0.00249257302937
313	0.0103334006573
311	0.00129932060158
310	0.000369031580472
316	0.0211368975282
832	0.00157424727423
837	0.00273050731867
838	0.00138023462979
369	0.00157878547097
364	0.0
365	0.000550328741323
362	0.00415564403292
360	0.00138897332495
380	0.000550328741323
381	0.00234594748347
383	0.00399891702724
388	0.000429891255142
784	0.000680275640647
780	0.00015849632983
782	0.00331905571763
783	0.00337223048932
789	0.0
573	0.00423868272883
577	0.000855708286204
576	0.000549397915556
575	0.00604372385636
61	0.00443890618401
62	0.00428179412665
152	0.00159254992802
65	0.000864933738263
67	0.00403084663384
250	0.00147202585479
251	0.000575064845654
256	0.00773269275575
731	0.00201404625358
732	0.00051762209548
737	0.000540986285129
506	0.00520162841463
738	0.00580039036402
502	0.00228828028314
500	0.00559518170034
630	0.0027766478295
631	0.00138897332495
633	0.0026540556561
469	0.00154293734593
465	0.000704104110015
927	0.0148575782404
462	0.000753071679344
901	0.00068416604348
168	0.0111622399328
169	0.000633633493591
165	0.00405023953241
166	0.00436172067729
167	0.00193757130994
160	0.00277202482595
966	0.000731891671414
963	0.000670717793717
969	0.000530309544875
935	0.00146215660368
908	0.00083668313183
909	0.000849685819241
879	0.00113761216618
873	0.0019290597738
890	0.000688300336095
891	0.0132647953675
896	0.00133360796164
898	0.000624478391222
646	0.00158569011618
356	0.00940565879363
808	0.000652403434234
353	0.00205487543119
803	0.000869287719783
802	0.00149130564488
216	0.00161771176095
214	0.00746713504067
769	0.000530742132519
212	0.000748210513928
762	0.00421259175786
955	0.000647593229239
761	0.00107715892719
767	0.00153664411773
764	0.000608456470299
765	0.00515748406748
956	0.00322621987126
4	0.00068416604348
280	0.00207430191806
679	0.000811307927807
674	0.000878111095855
676	0.000251119018948
260	0.00433178290648
267	0.00750974729475
266	0.00433178290648
264	0.000617567516639
268	0.00503420693855
56	0.0
53	0.00135095084936
52	0.00255924753227
537	0.000624478391222
535	0.00395739323327
534	0.00101214084677
532	0.0016879065344
531	0.00202652097524
530	0.00222789139046
538	0.00103358405675
988	0.000644381930377
200	0.00398632244215
980	0.000747907881254
987	0.00336971883395
984	0.00345004610845
117	0.000719729703285
111	0.00425556999622
113	0.00157898077928
112	0.00604634373342
119	0.00351833346238
118	0.00107693000242
429	0.00287009840885
428	0.00335242223389
918	0.000863979109993
421	0.00192088141993
423	0.00178695142803
916	0.000747907881254
424	0.00321946567627
427	0.00122297806316
912	0.0178476775024
301	0.000634636553468
302	0.000659293074524
305	0.00429774784104
306	0.00364716241074
847	0.00132221584706
846	0.00342754634096
844	0.000811307927807
843	0.000550328741323
840	0.00122602398694
849	0.00109477334219
823	0.00237316414023
568	0.0
569	0.000659293074524
754	0.00274624181132
561	0.00274453173571
565	0.00239642270992
566	0.000751207900102
739	0.00273220165883
229	0.000877491393211
228	0.00209309173603
223	0.000204036376186
220	0.00141774685314
727	0.000702229306391
722	0.000784602110023
723	0.000810921005172
720	0.00351809185925
605	0.00222066384198
607	0.00346865941289
606	0.000825349799219
157	0.0
602	0.00416155202718
159	0.00751033341091
609	0.00068742374477
83	0.00136309267044
48	0.00401783227196
951	0.00140412378684
950	0.000364154475257
952	0.00198627795525
42	0.000274323210984
40	0.00207715059577
41	0.00161971655667
638	0.00067842463588
5	0.00179955354688
485	0.000784602110023
483	0.00133809821577
482	0.000910834722288
472	0.00682466988018
470	0.00155293355479
478	0.00430370416547
