344	0.00189114727033
0	0.00185937501196
347	0.00130259845016
343	0.00117368551555
810	0.000608616523558
812	0.00127755289915
817	0.00375920068237
718	0.00563601958442
716	0.00372678754485
715	0.0
714	0.000628669865317
713	0.00316847014137
712	0.00254170806748
710	0.00247920601292
915	0.00882571527629
910	0.000628669865317
294	0.00064203646306
295	0.000621393122736
292	0.000630407492867
293	0.000619014589874
290	0.00315084621988
291	0.00570514662717
591	0.00126647508069
592	0.00382650528915
595	0.0012693421609
599	0.00124036042208
197	0.00126426501058
196	0.000637801781921
191	0.00316125713088
193	0.00377163325431
192	0.00125755365957
272	0.00190209480765
273	0.000621119567286
275	0.00245426735878
278	0.000633928435477
526	0.00251722325363
522	0.000622548949973
528	0.00128446521926
443	0.00189151794842
440	0.00187993971406
444	0.00129817158033
102	0.000579523556908
103	0.000563329464511
101	0.00124237995093
106	0.00485649252022
107	0.00624370620505
105	0.00118665494087
39	0.000629404932957
38	0.000631343263748
32	0.00310288232245
31	0.00251921387648
30	0.00320435804022
35	0.00125174248383
34	0.00116983275403
641	0.000619971151261
643	0.00124149753669
644	0.00244861899626
647	0.0012607518929
646	0.00325006425834
648	0.000640318453755
435	0.00190065364529
433	0.00123470017892
431	0.000626190279199
338	0.00123497262401
335	0.00191548237757
334	0.00876820577707
331	0.000595579269805
333	0.00248054636016
332	0.000634871288284
558	0.00191672832624
854	0.0110164755835
818	0.0
857	0.00252143773613
850	0.00317086051922
851	0.00375957241044
859	0.00192509380457
6	0.00124036042208
98	0.00633594218238
91	0.000626337830253
90	0.00623585271271
92	0.000629393099159
740	0.000606036928786
742	0.00376240161274
743	0.00321407694148
745	0.000590274807886
994	0.000615888333532
749	0.00436467584399
556	0.000648957175576
551	0.00195052813497
550	0.00191842293469
553	0.000624221438501
552	0.00125174248383
239	0.00063372669958
235	0.00063372669958
236	0.0037009443387
231	0.00182849104724
232	0.000646770444094
1	0.0012098158447
147	0.0
618	0.00128795662266
142	0.00189116770102
143	0.0
141	0.00125174248383
612	0.00119219104577
617	0.000615745174714
614	0.00125174248383
1004	0.00123056655416
948	0.0134011888339
947	0.0
944	0.000634241545404
940	0.000631343263748
517	0.00127293504358
685	0.00310672612676
684	0.00386716754944
687	0.00249915297291
686	0.0
680	0.0024831823137
133	0.00064203646306
132	0.000608498618904
137	0.000630660827443
136	0.00315095964175
135	0.00255877107327
134	0.00317618516748
139	0.00118556048569
497	0.00123031091082
491	0.00185522639639
492	0.000636003897989
493	0.00188362863469
24	0.00188647630664
25	0.000644931780324
927	0.0110140256801
406	0.00062271539995
401	0.00315970290782
933	0.00194981816274
936	0.00256217609972
409	0.00185540079292
829	0.0
373	0.000630415808118
372	0.00126612083139
377	0.00436913379953
708	0.000626156626939
704	0.00257988641558
707	0.00566364795652
700	0.0025517946512
702	0.0018474844372
703	0.000621119567286
392	0.000638682945238
397	0.0
398	0.000635878736332
796	0.0
795	0.00187835296968
791	0.00123523431801
790	0.00447244585154
586	0.0127459526003
587	0.00179811418582
584	0.00062047461506
585	0.000628473789594
582	0.00118554126506
580	0.00123601649241
581	0.00191765616052
245	0.00121181361511
246	0.00186491866709
243	0.000622548949973
249	0.00185937501196
248	0.00699147518133
924	0.00122979257269
510	0.000579523556908
513	0.00195052813497
512	0.00125174248383
1003	0.00126365536291
1001	0.00245529564666
516	0.000637019887561
458	0.00386562861375
459	0.000638682945238
624	0.00122545729166
450	0.00190008850573
629	0.0132174913193
628	0.0
454	0.00634819216468
457	0.0080965222219
179	0.0
199	0.0012292466974
175	0.00308201528288
174	0.00290825392269
977	0.00674477858701
976	0.00123885825259
975	0.0
971	0.000630264162455
180	0.0
978	0.0137787345036
657	0.000615040370834
654	0.000627816937383
2	0.00318426205334
186	0.000634241545404
187	0.00126408460774
184	0.000619831000962
185	0.00192075300913
188	0.00313213162979
189	0.00494919472771
658	0.00188657940636
659	0.000627030194403
650	0.00122721050528
11	0.000637969525892
868	0.00192522760132
13	0.000637019887561
15	0.000620000269936
14	0.00121860092841
17	0.000630264162455
16	0.00123667501351
19	0.000622548949973
862	0.00494629001139
866	0.00186853657787
881	0.000637019887561
880	0.00125994324396
887	0.0
885	0.00191154651505
569	0.0205175053561
322	0.00119198375906
321	0.00257352162629
326	0.000598261208381
327	0.00062053377201
324	0.000638236400345
329	0.00186695001699
201	0.000624221438501
200	0.01071404778
777	0.00123843728351
202	0.000629396318806
770	0.000649009355235
207	0.00565991955325
772	0.00700984799396
209	0.000641771819473
208	0.00123599286852
779	0.000619831000962
77	0.00259203421704
75	0.00626361759031
73	0.00129073466456
72	0.000631343263748
78	0.0012372439739
669	0.000631343263748
664	0.00063597680211
663	0.00173207612059
662	0.00190007353442
660	0.00125468933537
692	0.00310482037037
693	0.00309641478114
696	0.00186893669535
697	0.0024012686023
695	0.00126554354443
698	0.00360667762492
542	0.00388436170997
543	0.000630264162455
540	0.00301769423707
541	0.00186609673511
546	0.00446829517536
547	0.00313131184553
8	0.000631343263748
995	0.000626225957493
869	0.000634241545404
997	0.000582849859581
996	0.00118403197158
991	0.00188346002787
990	0.00188667474385
993	0.000623293913479
120	0.00446967990657
122	0.00187629705881
125	0.000579523556908
126	0.00319959395341
127	0.00125500769557
415	0.00378555703768
416	0.00705463062237
410	0.00924718457031
920	0.000627813647835
921	0.000612406619661
923	0.00567350339706
418	0.00238833681807
925	0.0018308879062
926	0.0
499	0.0083637415218
319	0.000643984921565
318	0.00129336475257
313	0.00319966146402
311	0.00120307972523
316	0.00189115583008
832	0.00117416953843
833	0.00252851626137
830	0.000602372898278
837	0.000615888333532
838	0.000628788825012
368	0.000608498618904
369	0.00195052813497
365	0.000608315847635
362	0.00187092609473
360	0.00188597898163
380	0.00254203903279
381	0.00248401198402
388	0.00121576554881
784	0.00188953441493
780	0.000606036928786
782	0.00126871981214
788	0.0
789	0.0018600072166
573	0.00256005548359
577	0.0
153	0.00122829495319
575	0.000649878949803
61	0.00570520962872
62	0.00520838797308
65	0.00379323716853
253	0.00126124463699
250	0.00129817158033
251	0.00122891565463
256	0.00064203646306
731	0.00496288170407
737	0.00122667192738
506	0.00369428392705
502	0.00559362963365
500	0.00380714358545
630	0.00628264509263
631	0.00250797192313
633	0.00254977979917
469	0.0125185939329
638	0.0
464	0.00063881737059
466	0.00126953917358
900	0.00063438695593
462	0.00251682787995
168	0.00516742128051
165	0.00441879065716
166	0.00191614013731
167	0.00187803573916
160	0.00189650087127
966	0.00260275685404
969	0.00184645488769
935	0.000651704474958
909	0.000639669227852
879	0.00243671956595
873	0.000599826079579
870	0.0012571505245
871	0.0
890	0.00189913629886
891	0.00251961172825
894	0.000629396318806
438	0.0
356	0.00448740823893
808	0.00124468703622
353	0.000640780137159
803	0.000638682945238
802	0.00188930933387
800	0.000652356554639
217	0.0
214	0.00506282512951
769	0.00186719637834
762	0.00254632987341
761	0.000637019887561
764	0.00119090175065
765	0.00319814033301
957	0.000626072099672
956	0.00127973961847
281	0.00185929768383
280	0.00439166081704
284	0.000620000269936
679	0.000646048402876
674	0.00191168425922
670	0.00185569648807
671	0.0
672	0.000647414806981
260	0.00194665286588
267	0.00507155731505
264	0.000637801781921
268	0.00381048911282
58	0.00127811808372
56	0.00248591317741
53	0.0031348491601
52	0.000638682945238
537	0.00186037248962
535	0.00194943251456
532	0.00573112428635
531	0.00124071480744
530	0.00753447489088
538	0.00247965055424
775	0.000639512590027
988	0.00125174248383
774	0.0
980	0.000624221438501
987	0.00184116671847
984	0.000640615504468
114	0.000612818870659
117	0.00126941995643
776	0.00125756922124
111	0.000637801781921
113	0.00129817158033
112	0.00127640995218
118	0.00124500811848
773	0.00060408084129
429	0.00251108807628
428	0.00252141934355
918	0.000642617546651
421	0.00313280644122
423	0.00558207129121
422	0.00184284778327
424	0.00438781317399
427	0.00060408084129
912	0.00257862262283
309	0.0012098158447
855	0.00118184874352
301	0.00250609297924
302	0.000630264162455
303	0.000563329464511
847	0.00188615528852
846	0.00188330917909
844	0.00384149507242
840	0.000599826079579
849	0.00245817411893
823	0.00193594697836
568	0.000629954273953
752	0.00190607775664
561	0.00188391593509
758	0.00256825052254
565	0.00191993633478
566	0.000630779604954
739	0.000637775398027
229	0.00309994236009
228	0.00247818685735
223	0.0011702200085
220	0.00250829995414
724	0.00186843297899
722	0.00129817158033
723	0.00322540666911
720	0.00246486083242
605	0.0068142423682
607	0.00248513043495
157	0.00383367469377
602	0.000643578504357
159	0.0138862031352
609	0.0107680917112
958	0.0
48	0.00321874016839
951	0.00434987770371
950	0.00169713535045
953	0.00188835901736
952	0.000630264162455
955	0.00363102277018
954	0.00188051418742
40	0.00316926549911
41	0.00128445908632
5	0.0012400301188
485	0.00195052813497
483	0.000619552859092
482	0.00123728145627
472	0.00192622883135
470	0.00929149255093
479	0.000637801781921
