344	0.00198121888587
0	0.000495779200255
346	0.000873579239137
343	0.00227978797448
810	0.000501215493921
812	0.00206887975248
813	0.00100814463139
349	0.00198103374006
817	0.00202481057768
719	0.000492953000137
718	0.00407385547705
716	0.00153616730426
715	0.000987966023253
713	0.000497840514019
712	0.0010217461596
710	0.000990458539673
915	0.00795012100776
736	0.000900127535129
910	0.000502352724543
913	0.00159314158865
299	0.000471549529202
294	0.00695141992388
295	0.000495779200255
293	0.00241068820697
290	0.00100169049543
591	0.00193843442059
590	0.00101254267362
595	0.00317735251835
599	0.00197970376602
197	0.000484114994843
191	0.000496316801283
190	0.000492991453388
193	0.00251025135228
272	0.00151907698077
274	0.000979911581021
275	0.00135049102029
277	0.00100993700432
278	0.000994042060706
738	0.00383759762999
526	0.000982231370717
527	0.000357683313253
521	0.000547403211314
522	0.000508088988006
528	0.000992987350957
443	0.00102300400313
441	0.0
447	0.000536528558184
445	0.000495291949775
444	0.00106834244566
109	0.00159909332808
102	0.000471549529202
103	0.000471549529202
101	0.000474533881385
107	0.00338891526732
104	0.00160626974906
900	0.00152444607177
38	0.00134622347628
907	0.00050973670952
905	0.00048747025035
32	0.00242421495849
31	0.00249290066868
30	0.00375227866305
35	0.00196338137849
641	0.000446090625174
644	0.00196778375576
647	0.0014826003598
439	0.000547403211314
649	0.000471549529202
648	0.00160731796846
435	0.0042169133997
433	0.0018565315593
339	0.000495779200255
338	0.00179788595434
335	0.000868617317393
334	0.00202550516406
337	0.00177292057735
333	0.00294085861562
332	0.00747744159244
745	0.0
854	0.000496731232329
855	0.00264880914158
857	0.00248066740517
850	0.00591834698844
851	0.001469215935
819	0.000894337423498
858	0.000497193543179
6	0.000495779200255
99	0.00148680143284
98	0.00497750530178
90	0.0095518452144
92	0.00247449674124
95	0.000446090625174
96	0.000447715331997
742	0.00346074840739
744	0.00107141630488
558	0.00102670128177
746	0.00453671950224
749	0.00739675584765
556	0.000547403211314
551	0.000525275841385
553	0.00045868014912
552	0.000489516573645
239	0.00148456264168
235	0.000498687735373
236	0.0
237	0.000531134990827
231	0.00426676883083
232	0.002100493918
233	0.00150530220136
155	0.000466164452491
147	0.00353549917266
618	0.000537976276079
142	0.00247545800906
143	0.00145610630711
141	0.00245624268315
613	0.000491950193692
610	0.000983335657181
611	0.0
617	0.00099255560012
614	0.000979884949052
149	0.00102242848031
1004	0.00185959278548
948	0.00848596168447
949	0.000547403211314
946	0.00319090716235
947	0.0
943	0.000883387838115
940	0.00149989300915
768	0.000508397070439
517	0.00578867996836
685	0.000491990622051
684	0.00481883465886
687	0.000986442295353
1000	0.000535461812431
680	0.00247734214966
133	0.0016193307731
132	0.000422783576462
130	0.000496731232329
136	0.00396925466168
135	0.000779274936838
134	0.000497840514019
139	0.001287321
497	0.00048747025035
491	0.000433794539668
493	0.000987282571826
24	0.00246458618533
25	0.00108941804307
28	0.00137814387001
29	0.00176447355825
939	0.000979897210636
404	0.000531134990827
402	0.0
401	0.00248918065555
400	0.000484742185888
933	0.000507053724878
409	0.000495779200255
934	0.00048522965414
379	0.000512987279274
378	0.000883291095136
828	0.0
373	0.000984932221941
374	0.00145605265
377	0.00343379920882
376	0.000882068199322
704	0.00212748823206
706	0.000979897210636
707	0.00503345974918
700	0.00498564482806
144	0.00048890124313
703	0.000466164452491
392	0.000534721184933
391	0.00246009661897
390	0.000466164452491
397	0.00146119415065
82	0.000344860404065
83	0.000439514449784
399	0.00178869214508
86	0.00102300400313
796	0.00089840963708
795	0.00196368545023
792	0.00050422643335
791	0.000484114994843
790	0.0111233144588
799	0.000519759219065
586	0.0101187869634
587	0.00140372710821
584	0.000987107248453
585	0.000944514497588
582	0.000944890066426
580	0.000969216814754
581	0.00127198181033
245	0.00273316600165
244	0.000503068554055
247	0.00041575273723
246	0.00190156528432
241	0.000980609124073
249	0.00197679517291
248	0.000503584178986
924	0.000475577798757
518	0.00259345938989
510	0.00041575273723
513	0.000954155200125
512	0.000979884949052
1003	0.000997775761076
514	0.00314041779569
1001	0.00192961339468
516	0.00198555104128
458	0.00216815741728
622	0.000824375083295
951	0.00686480858208
624	0.00134823793886
451	0.000490368375407
629	0.00935370563447
628	0.000698202848129
454	0.00399174237753
178	0.0153717303266
199	0.00142883599632
175	0.00132825913207
173	0.000992673954963
171	0.00151975594979
170	0.000439514449784
977	0.00363061141688
976	0.000495779200255
975	0.000486471988413
974	0.00159677511187
971	0.00198757200004
180	0.0
978	0.0107782459062
656	0.000490240748666
657	0.00099621859802
654	0.0014581756617
2	0.00304669348137
186	0.000499771084423
650	0.000493150043965
185	0.000473300128579
188	0.00196103805532
189	0.00289427311987
658	0.000986702492084
659	0.000964064543239
184	0.000963569479737
868	0.00372530842169
13	0.000987716074657
15	0.000989415903257
14	0.0
17	0.0014891788447
19	0.000489787886317
862	0.00148328535928
866	0.00051459768908
881	0.00250444402247
880	0.00106204095038
886	0.000516192619361
885	0.00107079298016
752	0.00102774694062
888	0.00148561529191
929	0.00197959141193
322	0.000901612265497
323	0.00418388958153
321	0.00160854639497
327	0.00048372185323
329	0.00181014281141
688	0.0
201	0.0
200	0.00548238495709
777	0.000509769319968
758	0.00110066688757
207	0.00740263058447
206	0.00041575273723
208	0.0
77	0.00545095370582
75	0.0085554485789
74	0.00373100864376
71	0.000531134990827
70	0.00425105700034
78	0.00148732888273
669	0.00145256371932
668	0.00153000350919
663	0.00133845011545
662	0.00357136298535
660	0.000490156717925
692	0.00397687682903
693	0.00296904181272
696	0.00298782198061
697	0.0013258724187
698	0.000446090625174
699	0.00107937095168
542	0.00476959646238
543	0.00149075276648
540	0.0152270361654
541	0.000493150043965
546	0.00149327214735
547	0.00195161695967
544	0.00145372905308
8	0.000972705580671
995	0.00198010346292
994	0.00321584007234
997	0.00100769029704
996	0.00138623432164
991	0.00248562309806
990	0.00197585604058
120	0.00199332172122
122	0.00101922091919
125	0.00123445096981
126	0.00266534441983
127	0.0010279113085
414	0.00099207071916
415	0.00249135449037
416	0.00264455320703
410	0.000934114061792
920	0.00195954113069
921	0.00146844631775
923	0.00843468601943
418	0.0013689451405
925	0.00221125739314
926	0.000490156717925
499	0.00324841593219
319	0.000444256811683
318	0.000971368063812
313	0.00374717248207
311	0.00132569746847
317	0.0
316	0.0133921766738
314	0.00395754816921
832	0.0040142224621
837	0.000986033042393
838	0.00743178207569
368	0.000439826285083
369	0.00314351076477
367	0.000986358264612
365	0.000469149032586
360	0.000982231370717
361	0.000446090625174
381	0.000978287883921
383	0.00266769829944
388	0.00135361772852
784	0.00420551733044
780	0.00132754790682
782	0.00566704111825
783	0.000964788693174
788	0.0
789	0.001428248175
151	0.00099255560012
573	0.00107067323308
572	0.000974482715337
153	0.00228605507644
575	0.0
61	0.00507596501723
62	0.00364315756078
64	0.000471549529202
65	0.00248396110783
67	0.00343582174419
68	0.000446090625174
253	0.000496316801283
250	0.00206123939703
251	0.00088354458348
256	0.00107163997088
157	0.00472225320339
731	0.00395336835458
730	0.00214529951703
732	0.000950077025194
735	0.000436339202349
509	0.00175129714359
506	0.0034289702751
507	0.000492826079223
505	0.000436339202349
502	0.00745138225761
503	0.000533445600993
500	0.000514934194838
630	0.00295554569785
631	0.00147752332049
633	0.00254201094447
634	0.00175918861124
465	0.000518285219146
464	0.000986790407285
901	0.000499771084423
168	0.00375786936848
169	0.000531134990827
164	0.0
165	0.0039646572473
166	0.00160378114054
167	0.00196562986716
160	0.000982231370717
163	0.000501836188219
966	0.0
963	0.00192220866479
969	0.000455786488062
935	0.00302031541573
908	0.000537918397461
909	0.00136980665475
878	0.000494725152016
879	0.00096651255583
874	0.00271271503251
872	0.000446090625174
873	0.00179089829758
870	0.00108487996755
890	0.00099488928206
891	0.00447556875865
895	0.000519759219065
898	0.0
899	0.000439051918767
646	0.00150413353455
356	0.0117340262334
809	0.000446090625174
808	0.000439051918767
353	0.00148418817795
351	0.00200712372638
802	0.000506811964765
800	0.000521610987325
806	0.0119176213782
214	0.00925378559598
769	0.00048423819099
762	0.000532354369463
955	0.00308964202604
761	0.000496501565998
767	0.000990299274584
764	0.00135464012233
765	0.00483893538812
957	0.00146462713494
289	0.000431981516151
288	0.00344403282982
4	0.000466164452491
281	0.00146403277987
280	0.0166810433093
284	0.00197296091381
674	0.00107018299736
676	0.000824375083295
670	0.00138006098052
671	0.000981323020562
260	0.00265102764899
267	0.00155773047034
266	0.000547403211314
264	0.000908974453523
268	0.00100683592963
58	0.000454997923943
56	0.000446090625174
53	0.0024978953111
52	0.00214477376081
537	0.0
535	0.00425147900185
534	0.000444381547332
532	0.00197810586825
531	0.000888374762061
530	0.00246201425397
538	0.00197903133881
775	0.000497157569963
988	0.00196334960525
774	0.0
980	0.00153165972026
987	0.000879106503223
984	0.00265370849302
117	0.000497840514019
776	0.00152534238335
111	0.000528543042963
113	0.00102467954138
112	0.00266854427482
119	0.000518285219146
118	0.000941327185221
773	0.000491659116015
772	0.0024813547494
429	0.0024918371015
428	0.0034565849896
919	0.000441368598358
918	0.00217229173901
421	0.00195522751763
420	0.0
423	0.00137288681201
422	0.00295325504231
425	0.00751192390967
424	0.00196368545023
427	0.000439339499555
912	0.00536862417659
309	0.000892896836397
300	0.000466164452491
301	0.00195947517006
302	0.000992359611137
304	0.0
306	0.00290895865248
846	0.00147411585746
844	0.00107694637047
843	0.00101838638908
840	0.00133593354344
853	0.000452760050296
849	0.0022391913939
823	0.0010512973517
822	0.000436339202349
568	0.00102455031249
569	0.000495779200255
750	0.00197243874555
561	0.000982231370717
759	0.0010839317695
563	0.000491950193692
565	0.00108075389121
739	0.00244693509798
229	0.00194292896412
228	0.001484978614
224	0.000992359611137
220	0.00150343064563
88	0.000482791885097
724	0.000945212791759
723	0.000552825255267
720	0.00205401977741
721	0.00215890577757
605	0.0014800871609
150	0.00194798919474
607	0.00100031541132
601	0.00126534243284
603	0.0035070776959
602	0.00162321983611
158	0.000510622466001
609	0.00697948307812
469	0.00932421055979
958	0.0
48	0.000543500769477
46	0.00170078573927
950	0.000446951892787
953	0.00345925116504
952	0.00198757200004
42	0.000888527901795
954	0.00146933110275
40	0.00303813732835
956	0.000544180296753
638	0.00272522095106
5	0.000872155795424
485	0.00157842496135
484	0.000983649738066
482	0.000888374762061
480	0.000446090625174
472	0.00426835156857
470	0.0034453510275
474	0.00135062949973
479	0.000511131931181
