344	0.00111715572392
0	0.000993914480091
347	0.0
341	0.00124790323361
343	0.0
719	0.00424377169857
718	0.00701889794909
716	0.00402714881454
714	0.00260740737435
713	0.00473500161453
712	0.00337417817137
710	0.000993914480091
421	0.00237907762917
910	0.00720827039804
294	0.00286645284076
295	0.000993914480091
293	0.00185498389834
290	0.00128797694985
291	0.00725067748587
591	0.00238501220995
592	0.00857155606788
199	0.000694885268979
599	0.000993914480091
197	0.00133031224246
196	0.00120792539855
191	0.0010441419705
190	0.00619534160735
193	0.00642110577393
272	0.00245569166784
274	0.00103064838448
277	0.00112490974883
278	0.00119811303859
526	0.00203584984891
522	0.00311092587098
443	0.00214697723539
440	0.00101618354199
446	0.00217511949601
103	0.0
101	0.00146627360838
106	0.0
107	0.00713077200974
104	0.00285921922411
105	0.000853709617711
904	0.00189358472581
32	0.00471695161038
31	0.00239577905999
30	0.00289744786794
34	0.00189954659898
643	0.00175989738075
439	0.00145747281643
436	0.000769936188498
437	0.000714856301463
435	0.00527518700929
433	0.00255045871104
338	0.00252707312497
335	0.00324995729424
334	0.00359174620653
337	0.0
333	0.000993914480091
332	0.00270440201023
558	0.0
854	0.00130928329456
855	0.00194478914881
850	0.00109891923421
851	0.00311990530999
853	0.00105141632532
6	0.00188758070786
98	0.0119679968922
90	0.00660397312462
95	0.00128797694985
96	0.0
743	0.00976234430513
745	0.000687411648822
748	0.0
749	0.00109891923421
550	0.00371571518456
553	0.000855144093207
552	0.00124790323361
239	0.00108049510124
236	0.00283717521038
231	0.0036982860226
233	0.00118216115363
1	0.0
147	0.0045000033546
145	0.000769936188498
143	0.0
612	0.00119918577192
617	0.00263256783019
948	0.00242373972102
515	0.0027421645269
944	0.00119631217406
942	0.00133031224246
940	0.00218442755846
685	0.00454794188518
684	0.0
687	0.00273242095692
686	0.0
680	0.00646670578714
682	0.00165671358854
136	0.00424910819834
135	0.00399003791225
134	0.0036345682235
497	0.000884751573315
493	0.00102024778314
24	0.00102024778314
29	0.000855144093207
404	0.000863124075624
401	0.0058877027847
409	0.00189117950584
828	0.0
373	0.00103064838448
374	0.00115321056087
823	0.00130928329456
704	0.0
706	0.0
707	0.0049963894974
700	0.00267822257619
702	0.000694885268979
395	0.0
82	0.00122328870895
398	0.00112459540506
86	0.00106146891114
796	0.0
795	0.00250626557487
791	0.00182406780691
790	0.00397102193628
586	0.0154993149813
587	0.00268215270785
580	0.000959019639576
581	0.00265570561983
245	0.00230573913452
246	0.00388224063584
249	0.00188758070786
248	0.00118216115363
924	0.00211226008116
1004	0.00265055093396
1003	0.00125401287347
514	0.0
1001	0.00379472908502
458	0.0
450	0.0
629	0.0173815859261
454	0.00980920130889
457	0.0023092921064
595	0.00260750771252
175	0.00368313876252
173	0.00213886298805
171	0.0
977	0.00534102442887
976	0.000993914480091
180	0.0
978	0.00261686659392
656	0.00103064838448
654	0.00256064472607
2	0.0092691651889
652	0.000893666227773
187	0.00134432639649
650	0.00139301137155
189	0.0143829339945
658	0.00221655995719
868	0.00143288123234
15	0.00251985017897
14	0.00173960817865
863	0.0
862	0.00288837499761
865	0.00124790323361
866	0.00217774494119
947	0.0
881	0.000714856301463
880	0.00125401287347
886	0.00132362721573
885	0.011488803578
322	0.0
326	0.00131316455734
324	0.0031961063017
325	0.0
329	0.00238501220995
775	0.00118216115363
774	0.0
202	0.00102024778314
771	0.00462344024498
770	0.00130928329456
207	0.00458906042048
772	0.0062185852494
209	0.00143288123234
77	0.00434869903166
75	0.00468125617125
72	0.00108550832425
71	0.000863124075624
78	0.00124790323361
663	0.0
660	0.00330495914321
692	0.0165414439963
693	0.00196580687991
696	0.0
697	0.00403385022986
698	0.00692531004307
542	0.00136236770791
540	0.00215633806266
541	0.00216567304323
546	0.00121433484733
8	0.00122348982724
994	0.00115101751031
997	0.000942067073373
996	0.000853709617711
991	0.00280233598456
990	0.00119826281703
120	0.00655486595504
122	0.00216093936341
126	0.00286645284076
127	0.000893666227773
415	0.00627802677376
416	0.00836194849433
410	0.00173600938067
920	0.00310012309765
921	0.000687411648822
923	0.00737185328116
418	0.00257957663499
925	0.00100272207544
926	0.0
927	0.00913325853223
318	0.00270331445416
313	0.00277753162923
311	0.00100272207544
833	0.00207625039543
830	0.0023417902031
837	0.00224869975468
835	0.00238501220995
838	0.00103757329076
365	0.0016919216105
360	0.00203584984891
380	0.00112459540506
381	0.00139301137155
385	0.000805460843844
388	0.0021099969421
787	0.00133033518806
780	0.0
782	0.00274408039145
783	0.00194265539319
789	0.00191457857019
577	0.0
61	0.0019295859322
62	0.0
64	0.0
65	0.005229387795
66	0.00133033518806
67	0.00336687412437
250	0.00263774093301
256	0.00144719644118
257	0.00118759776991
255	0.00112535647979
731	0.00733841110076
737	0.000927325440615
736	0.00118216115363
506	0.00180510069136
738	0.00326544491055
505	0.0
502	0.00540763117645
500	0.00536385087074
630	0.00296914304117
631	0.00305018941844
633	0.00647168091705
469	0.0
638	0.0
464	0.000805460843844
462	0.00620819706282
168	0.00723058856921
164	0.0
165	0.00358965907063
166	0.005762784624
160	0.00102024778314
966	0.0
963	0.00111715572392
969	0.00177841780109
873	0.00348004225231
870	0.00244660922458
890	0.00125401287347
891	0.00522177190776
894	0.00102024778314
898	0.000805460843844
646	0.0
648	0.0029023703807
356	0.0241822674132
353	0.00207372955716
214	0.00675139724699
762	0.00433899697471
761	0.00152422899247
764	0.00230573913452
765	0.00866271894954
956	0.0
280	0.00205235620807
284	0.00129636035173
670	0.00516634110911
672	0.0
260	0.00289393332109
267	0.0047712896982
264	0.0
268	0.0085599098504
58	0.00124790323361
53	0.00677706635468
52	0.00143288123234
537	0.00186398359323
535	0.00136236770791
534	0.00106235995051
532	0.00506424829762
530	0.00205235620807
538	0.00207440958133
201	0.00190984976977
988	0.00114332262261
200	0.00315410133213
987	0.00127916989136
984	0.00144719644118
114	0.00166360241627
117	0.00242301567681
111	0.00288382303519
118	0.000798255382731
429	0.0048259415114
428	0.00318328185039
918	0.0
915	0.00741526702116
420	0.0
423	0.00586916380513
422	0.00122348982724
911	0.000877895845105
424	0.00358541927854
427	0.0
912	0.00289744786794
308	0.0
309	0.0
303	0.0
305	0.00419805147863
306	0.00230785186839
847	0.00114332262261
846	0.00203462157041
845	0.0130753580268
844	0.0
840	0.00230371272386
849	0.0029208649457
377	0.00449595898848
569	0.020936584285
754	0.000999918498033
561	0.00203462157041
565	0.0
739	0.00122348982724
229	0.00241814836933
228	0.000993914480091
223	0.0
220	0.00486611062403
727	0.0
724	0.00368199204953
723	0.0
720	0.00529015007949
605	0.00292658904946
150	0.0010441419705
607	0.00727038304854
152	0.00212911512195
157	0.00112490974883
602	0.00573987623379
159	0.00869832073066
609	0.00875768416421
48	0.0
951	0.0136893413119
950	0.0
952	0.00208221355812
955	0.0
40	0.00225026622861
41	0.0
5	0.00233880355952
483	0.0025195716889
482	0.000993914480091
472	0.00283692651693
470	0.00284080837211
476	0.00125401287347
479	0.000711471332807
