344	0.00151812763413
0	0.000504684584938
347	0.0
341	0.000506928302543
343	0.00151574513192
810	0.000989716688199
811	0.000508974393141
812	0.00202950873768
813	0.000508541567656
814	0.000508804646697
349	0.00101250377116
719	0.00100783037651
718	0.0111458190721
716	0.00202708774743
713	0.000502107468085
712	0.000507276416313
710	0.00202089082522
915	0.0106454289757
917	0.000506928302543
299	0.00100974488355
294	0.00305994825286
295	0.000504684584938
293	0.00405228194048
590	0.000510573874313
593	0.000506637265338
595	0.00304246545279
198	0.000507276416313
599	0.000504684584938
197	0.000506851384082
196	0.000503914778069
191	0.0
190	0.0045631948856
193	0.0010132770916
192	0.00147357157313
272	0.00152161998916
273	0.000506626588463
274	0.00152032188243
275	0.00100662970089
277	0.000508918149478
278	0.000502107468085
738	0.00402671647031
526	0.00101307508322
527	0.00152340958835
521	0.00101993222278
522	0.000507354388811
523	0.000505948470305
528	0.00202114036668
443	0.00202286303283
441	0.0
445	0.00101284298732
109	0.000509922695456
101	0.00101345002163
106	0.00100712388318
107	0.0024895444169
104	0.0025500107284
105	0.00100257023493
902	0.000506712090895
900	0.00202676653463
38	0.00151634087576
906	0.0010055384513
32	0.00304109978782
31	0.00303807339093
30	0.00203623299959
35	0.000506712090895
641	0.000508772691938
640	0.000507284447315
643	0.0
644	0.00247474600886
647	0.00101284962892
439	0.00203871763711
649	0.000501943835115
648	0.000508338242534
435	0.00509180950838
433	0.00203603834633
339	0.000504684584938
338	0.00101732963587
335	0.0019557886844
334	0.00761522532674
337	0.000504631561014
336	0.00152390406058
333	0.00151471815509
332	0.00254691747805
744	0.00203954831991
745	0.000503211529124
854	0.0020397440805
818	0.00249859511403
857	0.00354614775741
850	0.0
851	0.00304413329275
819	0.00152367398697
858	0.00101320039882
6	0.000991617093151
99	0.00302801285481
98	0.0050235268842
90	0.0151956117026
92	0.0015194288329
95	0.000508772691938
96	0.000496246833768
740	0.000509214086982
742	0.00506270098242
743	0.00153154011214
559	0.00198969202501
558	0.00355426709515
746	0.00813457250129
749	0.00202954340812
550	0.00253718940924
552	0.00101320039882
239	0.00101368954232
236	0.0
230	0.000508121041966
231	0.00354647878724
232	0.00305320907706
233	0.00203207523084
155	0.000506154045486
147	0.00152620922953
618	0.000510051813167
142	0.00151941545269
143	0.000507148358507
141	0.0010132140466
613	0.000506539308513
610	0.000506473175563
611	0.000855744944505
617	0.00152250947627
614	0.00152176408132
149	0.00101365902566
948	0.00712802347222
949	0.000509659601393
946	0.003570527917
947	0.000507276416313
517	0.00305923527519
685	0.0
684	0.00612198610602
687	0.0035580649741
516	0.000750086328677
680	0.00253612369941
682	0.0
133	0.00153001655175
132	0.0
136	0.0015196198502
134	0.000502107468085
139	0.00301613636896
24	0.00253509772596
25	0.00102074014981
22	0.000504919047914
28	0.000508772691938
29	0.00292576078818
407	0.0
939	0.0010120175971
404	0.00202791331499
401	0.00201476407813
400	0.000505948470305
933	0.0
409	0.000504684584938
408	0.000506928302543
828	0.00100790336781
371	0.0
373	0.00202646394251
372	0.00253438064377
374	0.00151321403568
377	0.00304037158273
704	0.00153153653135
706	0.000504631561014
707	0.00354493162496
700	0.00506715959824
144	0.000507429049706
702	0.000986813642143
703	0.00151701170506
393	0.000506723259398
392	0.0
391	0.00303864396241
390	0.000506154045486
181	0.00101407162045
399	0.000505145658858
86	0.00101095151231
895	0.00102171720226
796	0.00101793620163
795	0.00101260807103
792	0.000508556943935
791	0.000506851384082
790	0.00456621848892
799	0.00102171720226
798	0.000508899589322
586	0.0122284546488
587	0.00101635308535
584	0.000507506362707
585	0.00151997285184
582	0.000508772691938
581	0.000508630481624
245	0.00254378786385
246	0.00151730647264
241	0.000506712090895
148	0.000506707272322
243	0.000507804336861
249	0.00101153596902
248	0.000506539308513
924	0.000772366114682
518	0.00510250011709
510	0.000501943835115
1004	0.000503856451006
514	0.00150844988225
1001	0.000992111828772
1000	0.00152884708229
458	0.00153016019472
622	0.000998682108097
951	0.00911960901617
624	0.00305057074705
450	0.00354926266846
629	0.00456344143514
454	0.00352854907719
178	0.01413389275
199	0.00148554559258
175	0.00100148954055
173	0.00049462284341
170	0.00101730606402
977	0.00199970047055
976	0.00100951959023
974	0.00102011524523
971	0.00101207574791
180	0.0
978	0.000506712090895
656	0.00202684270165
654	0.000506198064163
2	0.00406030921615
187	0.00202990515409
650	0.0
185	0.000508974393141
188	0.00151964278287
189	0.00252885907901
658	0.0015214249426
659	0.00101243099278
184	0.00101345002163
868	0.00355891379523
13	0.00150835875085
15	0.00152179191921
14	0.00080821161193
17	0.000506137538029
16	0.000506637265338
19	0.00101132861078
863	0.00151837946308
862	0.00100924306363
865	0.000507819389159
866	0.00253326961504
883	0.00101336052474
887	0.000507026790189
886	0.000510108324373
885	0.00153031505651
752	0.00254260259167
929	0.0010090885519
809	0.0010165920811
322	0.00151753848638
323	0.000502359285387
321	0.0010178528616
327	0.000989716688199
324	0.00101432943797
329	0.00152425580727
688	0.000488107753337
200	0.0025326640315
776	0.000508428296729
207	0.00506422007511
772	0.00811592157989
779	0.000506637265338
77	0.00305505314454
76	0.000507062953856
75	0.00304563778627
74	0.00204124318958
73	0.00153209860891
72	0.000507284447315
70	0.00152466823231
78	0.00151413843763
686	0.0
669	0.000506851384082
668	0.000508541567656
665	0.000508541567656
663	0.00151511797517
662	0.00202648437697
692	0.00457115961396
693	0.0015136470306
696	0.00152376599189
697	0.0020318104921
695	0.000507276416313
698	0.000508772691938
699	0.000509214086982
542	0.0056106477538
543	0.00151805798524
540	0.00559250461695
541	0.00151425301616
546	0.00253956250558
547	0.00253373674966
544	0.00101555255534
8	0.000508541567656
995	0.00406177935903
994	0.00203551769994
997	0.000499418762294
996	0.00248454232599
991	0.00202485588519
990	0.0050626572392
120	0.00406507667061
122	0.000978227804965
125	0.000501943835115
126	0.00101868632792
127	0.00101328776653
69	0.0
414	0.00101562372602
415	0.00354829775051
416	0.00305291040935
410	0.00151413853129
920	0.00253525764445
921	0.000912444524364
923	0.00709984182122
418	0.00199462131161
925	0.00304871403052
499	0.00152476207906
319	0.000510318427692
318	0.00153035284035
313	0.00153008539516
311	0.00152501393728
316	0.00455876243957
314	0.00201809905444
832	0.00753447787087
833	0.00305282928578
830	0.00050853369619
837	0.000503211529124
835	0.000505567915372
838	0.00152213240489
369	0.000511730123475
367	0.00406046658928
364	0.000508958821446
365	0.000506637265338
362	0.000506154045486
360	0.00101307508322
361	0.00152419916176
381	0.00295658451588
383	0.00253491876787
388	0.00253018314199
784	0.00404953055905
780	0.0010044583931
782	0.00508476984138
783	0.00199491920901
788	0.000502492322171
789	0.00101542853957
151	0.00101062874755
573	0.00203515430194
572	0.00101581798397
607	0.000507671110968
575	0.000509659601393
60	0.00101480510396
61	0.00405841880386
62	0.00305950672299
65	0.00101605239747
67	0.00303680616046
68	0.000508772691938
253	0.000503914778069
250	0.00203944178163
251	0.00101628962197
254	0.000507276416313
731	0.0055820379471
730	0.0015287793284
735	0.0
509	0.000501943835115
506	0.00396086603559
507	0.000507075537895
502	0.00353445641694
503	0.000510841382467
500	0.004069185657
630	0.00253318732215
631	0.000506712090895
633	0.00253427515458
469	0.0015196778491
465	0.00101420667194
464	0.00099738718471
168	0.0086604451759
169	0.00152097157529
164	0.00149761666777
165	0.00354106589063
166	0.00102033864682
160	0.00304242478794
161	0.00354363700503
163	0.00102126716373
965	0.000507059125537
966	0.000510336538823
962	0.00101165120988
963	0.00050605188622
935	0.00457400947652
934	0.0020276774106
908	0.00152944747929
909	0.0
879	0.0
876	0.00101317623863
874	0.00355847278859
872	0.00101793620163
873	0.00254197243825
870	0.00101538956877
890	0.00202774116998
891	0.0066006658537
438	0.000499418762294
899	0.000972167265189
646	0.00203783734986
356	0.0107033916527
355	0.0
808	0.000485096954328
353	0.00101339043706
351	0.000508613406278
802	0.000507276416313
807	0.000499418762294
806	0.00354872105439
216	0.0015296067164
214	0.00965246088163
762	0.00153027458752
955	0.00152551713345
767	0.000504684584938
764	0.00203525684745
765	0.0035651337723
956	0.00203695586974
288	0.00354570190546
4	0.0
281	0.000506712090895
280	0.0162154640232
285	0.000508096232376
284	0.00101413295117
674	0.0
675	0.0
670	0.000504431713559
671	0.00101499249756
260	0.00254550637037
267	0.00304912168616
266	0.0015281758764
264	0.00152288176105
268	0.000502107468085
58	0.0
56	0.00101779977229
50	0.000496738272983
53	0.000506867078741
52	0.000508564376152
537	0.0
535	0.00408250070257
534	0.00151836272761
532	0.000371264734377
531	0.000508772691938
530	0.0040574282862
538	0.000504684584938
983	0.000507188160697
980	0.00147470179837
987	0.0142419402031
984	0.00204007693859
114	0.000488268606926
117	0.000502107468085
111	0.0010185911864
113	0.00153131633616
112	0.0
119	0.00101420667194
118	0.000986447836096
429	0.0015095216503
428	0.00607895171314
919	0.00203063142654
918	0.000508235299967
421	0.00151932016193
420	0.00149087996546
423	0.00304069893444
422	0.00304204059873
425	0.00611053510478
424	0.00253155936402
913	0.00102272458089
912	0.0071264174724
309	0.000502359285387
855	0.00152555636891
300	0.000506154045486
301	0.00152128521214
302	0.000506137538029
304	0.0
306	0.00455404065816
846	0.00759629939688
844	0.0010163062813
843	0.0
841	0.000506539308513
840	0.00203419419788
853	0.000506539308513
849	0.000508772691938
848	0.0
823	0.000508242739274
568	0.000507276416313
569	0.00253324277109
751	0.00101853697762
750	0.00253268014134
754	0.000506637265338
561	0.000506712090895
563	0.000507851589546
565	0.00152627778112
566	0.00202685416872
739	0.0025369549664
229	0.00253879372765
228	0.0010091162985
226	0.000506539308513
224	0.000506137538029
220	0.00253744451108
724	0.00352782025713
722	0.000510530412295
723	0.00153209860891
720	0.00254131901747
721	0.00254719064095
605	0.00201822235229
153	0.00248940853996
152	0.00101095151231
601	0.000507687272134
154	0.000501943835115
157	0.00408234583959
602	0.000510796381539
609	0.00304226001217
83	0.000506154045486
634	0.0010043031205
958	0.0
48	0.00663133135891
46	0.0
950	0.000501943835115
953	0.00304065036987
952	0.0111362679812
42	0.0010043031205
954	0.000506366233132
40	0.00811584468449
41	0.00255305771697
638	0.00555237868503
5	0.00249326435189
488	0.000507276416313
486	0.00152024302648
485	0.00051017215346
484	0.0020259266818
483	0.000507804336861
482	0.00202988184434
480	0.000508772691938
472	0.00714100970846
470	0.00202660591924
471	0.00101655438184
474	0.000505969900092
478	0.00100775700483
