214	0.036417461334
762	0.0112001787483
662	0.0
765	0.0160196339268
136	0.0
24	0.0
542	0.0051976138291
541	0.0
813	0.0109731674074
918	0.00511179436023
996	0.0
718	0.0117964979144
966	0.00559148677181
710	0.00401909912526
267	0.0114574787655
266	0.0168688626403
56	0.0
52	0.0112631939468
414	0.00588748787107
415	0.0
535	0.0104009761866
410	0.0
532	0.0
921	0.0
294	0.0051976138291
418	0.0
374	0.0
538	0.00401909912526
591	0.00401909912526
319	0.00511179436023
199	0.0029156497868
891	0.0175813240371
313	0.0109793883846
981	0.0
984	0.0333400481916
390	0.0
111	0.00561488425098
790	0.0168853979423
173	0.00331816588827
416	0.0109977578173
521	0.00559148677181
915	0.0
425	0.00547117801009
912	0.0335366363458
586	0.0883251427098
300	0.0
381	0.0
105	0.0
784	0.0
900	0.0055019893973
844	0.0102012099289
851	0.00520336235747
783	0.00331816588827
924	0.00829034347447
30	0.0109793883846
518	0.0104074176476
644	0.0029156497868
439	0.0168626920198
648	0.00547117801009
435	0.0104009761866
517	0.0051976138291
516	0.00272565192153
573	0.0051976138291
499	0.00511179436023
575	0.0111509338224
61	0.00391067985501
178	0.0079555879186
595	0.00391067985501
250	0.0
256	0.00547117801009
854	0.00520398589061
974	0.0051976138291
850	0.00272565192153
746	0.0164782672933
978	0.00520336235747
730	0.00547117801009
506	0.0200868413889
502	0.0403815441978
630	0.0
752	0.0
469	0.0
638	0.00564254489627
565	0.0152882808651
99	0.00401909912526
168	0.0613667444108
885	0.0051976138291
228	0.00401909912526
90	0.0
166	0.0051976138291
868	0.00564591198173
13	0.00331816588827
14	0.0118035957193
16	0.0
721	0.00534534074834
605	0.0039573731698
742	0.0
155	0.0
157	0.0106687918392
232	0.0166433414451
952	0.0
42	0.0
809	0.00588748787107
323	0.0
200	0.0
207	0.0
141	0.00520336235747
74	0.00556999089446
73	0.00508941556866
70	0.0
480	0.00331816588827
948	0.00547117801009
949	0.0168288760541
472	0.0218197256616
356	0.0819365358182
470	0.00401909912526
684	0.0307004951026
806	0.0
