344	0.00136816259985
0	0.00181060012369
346	0.000836929581148
343	0.00353194806346
810	0.000423980722089
811	0.000917662639596
812	0.00185001493745
813	0.00231246783259
349	0.00320074779159
719	0.000914837014924
718	0.00363179679108
716	0.00137926842031
715	0.001415026424
710	0.0022677334561
915	0.00549716071355
917	0.000456635124496
910	0.00182264524974
913	0.00192095604116
299	0.0013147684646
294	0.00240565506071
295	0.000454021981923
293	0.00180859767143
290	0.00233112532717
591	0.00183595475695
595	0.00229012765617
198	0.000935005301573
599	0.00226370644143
197	0.000911309147209
196	0.000947352771744
191	0.00139122949663
190	0.00091394453011
193	0.00093478208684
192	0.000841177614569
274	0.00137087120186
275	0.000868916714615
277	0.000461762938188
278	0.00231616217183
526	0.00136250318232
527	0.00091418588528
528	0.00326876671882
441	0.00093329914917
445	0.000454555812726
444	0.000474539116404
109	0.00144629581698
101	0.000443058071903
106	0.000438197124141
107	0.0131874038692
104	0.00383408236275
105	0.000461662458849
902	0.000453284649173
900	0.000923459168267
901	0.000916959726065
906	0.000438197124141
907	0.000426039538844
32	0.00408876599825
31	0.00319868016331
909	0.00183334407829
35	0.00227917883401
641	0.000895499430361
643	0.000873078188194
644	0.000454996429952
647	0.00136602384814
439	0.00145176141474
649	0.000454868392116
648	0.00240499170898
435	0.00478872737051
433	0.000454868392116
431	0.000454448655617
339	0.000454021981923
338	0.00177301810391
335	0.00170409248778
334	0.00597058348436
337	0.00130360529831
333	0.00179343217071
332	0.00764427238251
744	0.000481740026406
745	0.000456757406679
854	0.000929386341256
855	0.00134196418188
857	0.00137167904868
850	0.00182286531298
851	0.00364472942301
819	0.000471887757257
858	0.000457340301535
6	0.00135876621958
99	0.00136270169248
98	0.000462658288979
90	0.00544258528523
92	0.00274409346717
96	0.000430351574429
742	0.00321788689259
743	0.00144128300277
559	0.00163478868623
558	0.00376388210468
746	0.00646594179415
749	0.00182909291681
557	0.000482367356827
556	0.000482367356827
551	0.000472687046017
553	0.00170711322633
239	0.000925403854844
235	0.000921060805559
236	0.00128494742041
231	0.00358259718981
232	0.00288733207114
233	0.00136536514028
147	0.000949140474946
618	0.000943977166057
142	0.00366344791652
143	0.000903028137705
141	0.00181678116231
613	0.000437184955981
610	0.000453916790101
617	0.0018582449021
614	0.000454164756683
951	0.00455025033332
948	0.0109967673857
949	0.000485407619157
946	0.00383608529395
947	0.0
942	0.000451302033012
943	0.000871690812054
940	0.0
514	0.00263229487531
768	0.000457234595158
688	0.000849397964051
685	0.00134866192267
684	0.002860450118
687	0.00233027976984
680	0.00159913993928
133	0.00189720456564
136	0.00273958560236
135	0.00361345543796
134	0.000483424352252
139	0.00122173166569
138	0.0009237094995
493	0.000455380958982
24	0.00320146661269
25	0.000953516116413
29	0.00130705118602
407	0.000461225014451
939	0.000437350204736
401	0.002312355172
400	0.0013872110723
933	0.000466889706981
936	0.0018440941075
409	0.00135876621958
379	0.000468327317512
378	0.000437857891051
828	0.000456757406679
371	0.00140169184739
373	0.000910745451482
372	0.000906098991444
374	0.00138450108804
377	0.000885121923457
376	0.000430351574429
704	0.00048016824552
705	0.000452255915612
707	0.000924544208235
700	0.00557909868829
703	0.000925766172986
393	0.000850020260933
392	0.00190814206658
391	0.00272953471739
390	0.000458457413084
397	0.00046127808835
83	0.000458457413084
399	0.000877626691581
84	0.000875547328877
795	0.000456189638756
791	0.000911309147209
790	0.00279349496289
799	0.00141881210324
798	0.00044780302379
607	0.00188604819448
586	0.0113984873952
587	0.000906260436874
584	0.000396116807054
585	0.00229223037716
582	0.0
580	0.00181580674212
581	0.00179299082383
589	0.000934778196381
245	0.00492885275624
246	0.00177472007756
241	0.000910891550295
243	0.000938572837286
249	0.00996303219011
248	0.000936654569617
924	0.00227584707312
519	0.000452490071799
518	0.00755398608364
511	0.00132649855067
510	0.00129340998859
513	0.000472687046017
1004	0.00216919232458
1002	0.000471982779585
1001	0.000892186634415
516	0.0004171688294
458	0.00424709691188
622	0.000822615996749
626	0.000450662590716
624	0.0013459705774
450	0.00324514090242
629	0.0082014433655
454	0.00280323499779
178	0.0149922610845
199	0.000910655563758
175	0.00302452701262
173	0.000454328743364
171	0.000933866298165
170	0.00224040672246
977	0.00525661458526
517	0.00376442538698
974	0.000481998763176
971	0.000913139458292
979	0.000459685550029
978	0.00454497536864
656	0.00182426053578
654	0.00137378325824
181	0.000457189625414
652	0.000423980722089
187	0.00186423488812
650	0.000432797807571
185	0.00136673304098
188	0.00272860936729
189	0.00275152228703
658	0.00137336260593
659	0.000462613703789
184	0.000426039538844
868	0.00237683349748
13	0.000456757406679
15	0.00120295212153
14	0.000454328743364
17	0.0004570773742
863	0.00180426955654
862	0.0050019348277
865	0.000922139473844
866	0.000896749046527
883	0.000879830967052
881	0.00041719689248
887	0.000934983741246
886	0.000482219159905
885	0.00143835622468
752	0.00139926621668
888	0.00137029084353
929	0.00135878225165
323	0.00041603799003
320	0.00129024226686
321	0.00141597005846
328	0.000457234595158
329	0.00493143276127
201	0.000423980722089
200	0.00410722338266
207	0.00958576083806
206	0.00041603799003
208	0.000423980722089
779	0.000426039538844
77	0.00238780571613
75	0.00185360314388
74	0.0038364617373
73	0.000938806057465
70	0.00220392405713
78	0.00225416374343
2	0.00640177364369
669	0.000911309147209
668	0.000462029776259
664	0.000423980722089
663	0.00174839266327
662	0.000926903564743
692	0.00410920068052
693	0.00271981164687
697	0.0017897246895
695	0.00139835533155
698	0.00044907040138
542	0.00232378188064
543	0.000913139458292
540	0.00491759412521
541	0.000907731738652
547	0.0018202423005
544	0.000451063918132
995	0.000933532732475
994	0.00134395021275
997	0.00141079899818
996	0.00228217471009
991	0.00274454238297
990	0.00547125429713
993	0.0018339626212
120	0.00933662248555
122	0.000454996429952
124	0.000472687046017
125	0.0029243984505
126	0.00381026327927
127	0.00045798488945
129	0.000467047772891
415	0.0119770296371
416	0.00384143743467
410	0.000867795128222
920	0.00274394357401
921	0.00183241794162
922	0.00046239470313
923	0.00370971104463
418	0.000910348802318
925	0.000891193597303
926	0.000471944697254
499	0.0056580011129
319	0.00235879862394
318	0.00143751790271
313	0.00578170552403
311	0.000471887757257
310	0.000872337195823
316	0.0118897455424
314	0.00226330801382
832	0.00307671751032
833	0.00274163916123
837	0.000456757406679
838	0.00184375031284
369	0.000481394353827
364	0.0
365	0.000407939623734
362	0.00277337558577
360	0.00136250318232
381	0.00167555292479
383	0.00607930159686
388	0.00267249233062
784	0.00320910644719
780	0.000875042847033
782	0.00571411405024
783	0.00321743799629
789	0.00089333349372
605	0.00860016823867
573	0.00143527451211
577	0.00326909288835
576	0.000453641719666
574	0.000481740026406
61	0.0105255721482
62	0.00235703949394
65	0.00279518275212
66	0.000959492313886
67	0.00273219541702
253	0.000933946577561
250	0.00240477627257
256	0.000964901463153
731	0.0019926959094
730	0.00192968623847
732	0.000819969103048
737	0.000423980722089
509	0.00218767953941
506	0.00454511362476
738	0.00593918524001
505	0.000870097832669
502	0.00822307740987
503	0.000475771394846
500	0.00334766438087
630	0.00364379864693
631	0.00137754978899
633	0.00140096085444
469	0.00272708971812
468	0.000423980722089
465	0.00092203671038
464	0.000423980722089
466	0.000466490712982
168	0.011064194505
169	0.000452880124876
164	0.000873035296345
165	0.00274333764484
166	0.00525518466001
167	0.00136411752134
160	0.000455380958982
161	0.000458502312981
163	0.000946287299139
966	0.000482367356827
963	0.000455023141558
935	0.00184066118886
908	0.000963253852943
874	0.00267686791794
873	0.000890313710107
870	0.00137721238911
890	0.00141306625809
891	0.00322843290797
892	0.000457966549979
895	0.00141686969856
896	0.000397409000778
898	0.000877373489801
899	0.000844873119628
646	0.00189207787372
356	0.0134529571757
809	0.000902788532887
808	0.000423980722089
353	0.00137099846378
351	0.0013709123675
803	0.000479261033332
800	0.000471926656171
806	0.000913139458292
216	0.002358816931
214	0.00790056755398
952	0.00182462984542
762	0.000957861616256
955	0.00134223230676
767	0.00135876621958
764	0.0017867944648
765	0.00478909123804
957	0.00045597998595
289	0.000844873119628
288	0.00272581421782
4	0.00093329914917
280	0.0131550444312
282	0.000405088465033
285	0.000467047772891
284	0.000396116807054
679	0.000471758284574
674	0.00239523368188
676	0.00041603799003
670	0.00174485563172
672	0.000480743670137
260	0.000964774880137
267	0.00608862127915
266	0.000964774880137
264	0.00089393399188
58	0.000458251126872
55	0.000454868392116
56	0.00044907040138
50	0.000406578006719
53	0.00282710380206
52	0.00239271287195
537	0.00127562922649
535	0.000947854270748
534	0.00306772887551
532	0.0012565836025
530	0.00276396525346
538	0.00226745667911
775	0.00044780302379
988	0.00229489770795
774	0.0
980	0.000881587623211
987	0.00449531507733
984	0.00336497644363
985	0.000423980722089
111	0.000480743670137
113	0.000946287299139
112	0.00524870172272
119	0.00091842352669
118	0.000831920345823
773	0.000453916790101
772	0.00325750502426
429	0.00139114654719
428	0.00593936922602
918	0.00141643809702
421	0.000453284649173
420	0.000406578006719
423	0.0017491597425
422	0.00164546346808
425	0.00578455095059
424	0.000911851463522
427	0.000894625842746
912	0.00577318660844
301	0.000909474287929
302	0.000913403198625
304	0.00139548106509
306	0.00137990123618
846	0.00181760553981
844	0.00285212435024
843	0.00213675073908
840	0.000891886417686
853	0.000880756683499
849	0.00263352944887
823	0.00141056388241
568	0.00140346372528
569	0.00090627614778
750	0.000909936771707
561	0.000908665608155
758	0.00141704711169
565	0.00142573393655
739	0.00135842311936
229	0.000459781364243
228	0.00226745667911
225	0.00091472803696
224	0.00182850923847
223	0.000914184484248
220	0.000925547368905
88	0.00131341568763
724	0.0013296270786
725	0.0
723	0.000472526187679
720	0.00230427042653
721	0.00433621876412
151	0.000928785530268
153	0.000437184955981
601	0.000405088465033
157	0.0013847671713
602	0.00288373516803
159	0.000459317755478
609	0.00139599261531
976	0.00135876621958
634	0.00258921180804
48	0.00141461526993
46	0.000435177275124
950	0.00175266953861
953	0.00273748313642
45	0.000480983717449
42	0.000437350204736
954	0.00136474187776
40	0.000930342675911
956	0.00141538317304
638	0.00395149578018
5	0.00129207845945
485	0.00141812991403
484	0.00182065195054
483	0.00046295969062
482	0.000909683806689
480	0.000453718131507
472	0.00385463733327
470	0.00497631404544
