344	0.000800748482416
0	0.00253203094967
347	0.000677160667241
341	0.000786399741849
343	0.00396233769987
810	0.00175423684878
812	0.00220108557061
814	0.000945934883761
349	0.000657441872261
817	0.000759522921283
719	0.0025992368936
718	0.00457099622573
716	0.00249340582927
715	0.000677160667241
713	0.00137167385259
712	0.00115510634703
711	0.000651383439562
710	0.00116496184976
915	0.0157339997557
294	0.00777137785249
295	0.000660837743921
293	0.0
290	0.00228954110464
291	0.00257041734506
591	0.00146143204671
590	0.000677160667241
592	0.00271020548852
199	0.00244294688486
599	0.00126992885847
191	0.00172769539725
190	0.00603353065941
193	0.000760145258002
192	0.00119593732779
272	0.00129539365607
274	0.000753643915471
275	0.000582885658111
277	0.00200707523973
278	0.00368897810555
526	0.00344490195138
522	0.0
528	0.000876229812814
443	0.00313184818845
440	0.00119052731289
447	0.00773552303538
445	0.00153537388665
444	0.000799545419525
106	0.000304359103773
107	0.0179248264426
104	0.00192752797972
105	0.000601293344257
900	0.00113528735383
38	0.000882950269688
904	0.000630787234464
31	0.00158714822426
30	0.00852182037472
37	0.000919358249028
35	0.00222197377716
643	0.00193559636461
644	0.00122728602957
647	0.00327049644626
439	0.00185833060594
649	0.000701286788712
648	0.00465917166377
435	0.00379711949522
433	0.00182656226413
339	0.000660837743921
338	0.0011300634936
335	0.0034946308012
334	0.00885052369557
337	0.0
333	0.000660837743921
332	0.00573675390165
558	0.00310258869157
854	0.000799545419525
855	0.00169763191533
857	0.00158714822426
851	0.00456414085644
6	0.00191449790051
98	0.00795663044567
92	0.00157052931382
95	0.0
740	0.000927610170699
742	0.000734684595331
743	0.00267199016025
559	0.000362230137097
745	0.000647671217836
746	0.00608963218599
748	0.000677160667241
556	0.000938972356907
551	0.000799545419525
550	0.000806474979596
553	0.00117767074142
552	0.000680127798135
239	0.00284879188156
236	0.0018474504018
230	0.00138810431402
231	0.0
232	0.00497355319519
233	0.00316718852612
1	0.0
147	0.00209607328056
142	0.0136094050229
141	0.000769099122388
617	0.00230491883463
149	0.00187437627464
1004	0.00305112525009
948	0.0
949	0.00185833060594
947	0.00229182314402
940	0.000734684595331
688	0.00179612654122
685	0.00216182111828
684	0.00386380027513
687	0.00383789495436
686	0.001373760166
680	0.00157941389387
133	0.00278351206786
132	0.0
136	0.00314837999916
135	0.0107025731345
134	0.00133628301873
495	0.000970279459114
139	0.000421822539022
493	0.00225478626964
24	0.00386511257343
25	0.00151992060377
28	0.000531352128478
29	0.00117767074142
407	0.00115164851155
405	0.000826476141669
404	0.00126877272977
402	0.000362230137097
401	0.00317659286366
933	0.000677160667241
931	0.000677160667241
936	0.00253275689526
409	0.00191449790051
934	0.000637985495308
379	0.00114205980971
371	0.000826476141669
373	0.00151356148287
374	0.0014910706846
823	0.0016047739251
707	0.00293566781134
700	0.00362185667167
702	0.00183636542994
393	0.00120190541359
82	0.000826476141669
181	0.00203622011265
399	0.0
398	0.000734684595331
86	0.000785471700776
795	0.00152390358226
790	0.00391252332091
586	0.00866644599142
585	0.0
582	0.00161112326341
581	0.00425316504423
245	0.0
243	0.000734684595331
249	0.00875598912734
924	0.00247104765647
519	0.000660837743921
511	0.000618889288476
510	0.000701286788712
513	0.000799545419525
512	0.000766725475504
514	0.000421822539022
1001	0.00367149111709
516	0.00191601124193
458	0.00188838833743
622	0.0
951	0.00477340589281
624	0.00138923387391
450	0.00469494910191
628	0.000826476141669
454	0.00324036016286
178	0.0165480603051
595	0.00576213970095
175	0.00179420895249
173	0.000608396741095
171	0.000677160667241
170	0.00167912860445
977	0.00490927029826
517	0.00841451584674
972	0.000677160667241
971	0.00237859916776
656	0.000753643915471
657	0.00121039129337
2	0.00439051505398
186	0.0018582082352
187	0.00172583094559
650	0.00124841623293
652	0.00122457747968
188	0.00304492878569
189	0.0139290763217
658	0.00308105755355
184	0.00104421707889
868	0.00276581560068
15	0.000792169848568
14	0.00550392797017
16	0.00184198250423
19	0.0008121545645
862	0.000660837743921
866	0.000618889288476
881	0.0
880	0.00152258771711
885	0.00681553397086
752	0.00224785309942
322	0.0
320	0.00179026435261
321	0.00187446264339
324	0.0008121545645
329	0.00148241966388
201	0.00244490167942
200	0.00316665662781
777	0.000617533049165
776	0.0030616627274
207	0.0106546350917
772	0.000760145258002
209	0.00284801079136
208	0.00117210359736
779	0.00162921952146
77	0.000938972356907
76	0.000617533049165
75	0.000660837743921
74	0.0096523068685
73	0.000387583376754
71	0.000637985495308
70	0.0
78	0.000660837743921
664	0.00175846524724
663	0.00197683382219
662	0.00113528735383
692	0.00708399761078
693	0.000660837743921
691	0.00080522850558
696	0.00314772152356
695	0.00229652501158
698	0.0
542	0.00160249695513
543	0.000800748482416
540	0.0
541	0.00245019589408
547	0.00227481041707
994	0.00136713852508
996	0.00304763032453
991	0.000660837743921
990	0.00156066604981
120	0.0
122	0.000617533049165
125	0.0
126	0.0051936075355
127	0.00192015616933
414	0.00153430527562
415	0.00301300621149
416	0.0158772552039
410	0.014887654596
413	0.00223942775831
920	0.00228226595914
921	0.00122947224803
922	0.0
923	0.00987719211481
418	0.00362789398404
926	0.00952188971243
499	0.00273708222467
318	0.00184711353966
313	0.00582757021197
310	0.000701286788712
317	0.000742900491079
316	0.00154004365732
832	0.00170237746876
830	0.000788723040344
837	0.00187172866763
838	0.00156301321128
369	0.000799545419525
364	0.000531352128478
365	0.000630787234464
362	0.00484542379341
360	0.000769099122388
381	0.00242335032993
383	0.00174485424265
388	0.000701286788712
782	0.00282129766892
783	0.00190033936386
788	0.00066658924087
789	0.00183841570055
151	0.00149844385503
573	0.00191403298613
572	0.000571267619735
577	0.000847989012336
153	0.00182937221119
575	0.000832717435539
60	0.000571267619735
62	0.0127659345168
66	0.00452731868856
67	0.0
69	0.000657867148281
250	0.00240631804721
251	0.000617533049165
256	0.00668996803269
254	0.000571267619735
731	0.0
737	0.00118529225011
506	0.00621883962586
738	0.00257975770667
505	0.0
502	0.000660837743921
500	0.00657143752304
630	0.00844046762109
631	0.000769099122388
633	0.00192452499823
469	0.00152001259876
468	0.00123594194757
638	0.000806474979596
464	0.000593790245211
466	0.000571267619735
168	0.0127851933482
169	0.000637985495308
164	0.000657867148281
165	0.00158714822426
166	0.000970763149582
160	0.00310885031178
963	0.0
969	0.000617533049165
935	0.00150780148511
908	0.00192468242122
909	0.0
879	0.000304359103773
873	0.0
870	0.000826476141669
890	0.00486104065416
891	0.0046020287204
898	0.00117210359736
646	0.000799545419525
356	0.00378064166953
355	0.000665552934564
808	0.000593790245211
353	0.000753643915471
802	0.00115510634703
216	0.000371274583595
214	0.00325954350576
952	0.00158714822426
762	0.00174218619103
761	0.0
767	0.000660837743921
764	0.0
765	0.00192468242122
957	0.00144685327364
288	0.00153582459789
4	0.00166735252122
280	0.000769099122388
285	0.0013427136018
284	0.0
678	0.000786996144455
674	0.000941585488707
670	0.00179104654538
672	0.000731758112083
260	0.00447830230021
267	0.0109332996895
266	0.00186018403707
268	0.000660730205816
58	0.0
56	0.000598903078888
53	0.0016145798454
52	0.00642662026386
537	0.00117592349664
535	0.00167523560848
534	0.00702704969646
532	0.00201481748253
531	0.000598903078888
530	0.0153935810103
538	0.000660837743921
988	0.000756882510173
774	0.000569518599093
980	0.00117210359736
987	0.00240769020877
984	0.00391420049861
985	0.000593790245211
114	0.00125366015659
117	0.000660730205816
111	0.00188622798205
113	0.00160249695513
112	0.00280526682742
119	0.000578313352145
118	0.000593790245211
429	0.00317659286366
428	0.00234706579166
918	0.00153126048175
421	0.000759917567395
423	0.00152132976705
424	0.000759917567395
912	0.00932120636747
308	0.000601293344257
309	0.0
301	0.000759917567395
302	0.00158714822426
304	0.000837218338432
306	0.000750965565077
846	0.000769099122388
844	0.00263878097783
843	0.000593129030517
842	0.0
840	0.0
849	0.00117346477602
568	0.00172262026607
569	0.000660837743921
561	0.00152989856011
565	0.0019002053475
739	0.000786399741849
229	0.00225939354352
228	0.000660837743921
225	0.000540092973048
223	0.000701286788712
724	0.00130779317358
722	0.000799545419525
723	0.000384357620689
605	0.00127096388
607	0.00153796170953
152	0.000785471700776
600	0.000362153309878
157	0.00217321147763
602	0.00449148412055
159	0.0102905448713
609	0.00517038101313
976	0.00131713812534
634	0.00146621801986
46	0.000657867148281
950	0.00192489794622
953	0.000800748482416
45	0.00179535468937
42	0.0
954	0.000759917567395
40	0.00919529346074
956	0.000770480540609
5	0.00176356617693
488	0.000571267619735
487	0.000701286788712
485	0.00241057215649
482	0.000617533049165
472	0.00467108011793
470	0.00129162497838
471	0.000598711365123
478	0.00470142201003
