344	0.00081170646868
0	0.0031229575292
341	0.000828059236033
343	0.0084808174464
810	0.00151719292957
812	0.00517440324173
817	0.0
719	0.00133591958541
718	0.00747937955325
716	0.00161407177587
715	0.0
713	0.0022902276222
712	0.0
710	0.00078653349237
299	0.000852027620536
294	0.00107785790978
295	0.00078653349237
292	0.0
293	0.001626896897
290	0.000809831766352
291	0.0015207908377
591	0.00503516415262
590	0.0
595	0.00440652923606
198	0.000760831454794
599	0.00226773289503
196	0.00292151575012
191	0.00170301361562
190	0.0
193	0.00238416946495
192	0.00144023608523
272	0.000820345063902
274	0.0
277	0.000812460737779
526	0.000835707914259
522	0.000866682080135
528	0.0025381770108
443	0.000825883418133
447	0.00111155622182
103	0.00225812036724
107	0.0046033745035
104	0.00302288200687
105	0.000658934378558
900	0.0025015977356
904	0.000824587909131
905	0.000661217816763
32	0.000787579610278
31	0.00416567174341
35	0.000817199280209
641	0.000788297346333
644	0.00206049995839
647	0.00081170646868
439	0.00441012142282
648	0.00412711326045
435	0.0010845172879
432	0.000788297346333
433	0.000788297346333
338	0.0015713501057
335	0.00151719292957
334	0.00502281167402
337	0.00314998858645
333	0.00163374912363
332	0.0010845172879
558	0.00244992663525
854	0.000952718655117
855	0.000782086517043
857	0.00247132215153
850	0.00342054381216
851	0.00164033272468
852	0.000825883418133
819	0.000662625400574
6	0.00237445300095
98	0.00462037593285
91	0.00434636690074
90	0.00552931996581
92	0.00246614089629
95	0.000788297346333
741	0.000760831454794
742	0.00507176423833
743	0.0028686215863
559	0.0
745	0.000703260482742
746	0.00661229179405
557	0.00109211182237
552	0.0
239	0.000811172099181
236	0.00389012179775
231	0.0024868010091
232	0.00757074777492
233	0.000836331535487
1	0.0
147	0.000726616870751
618	0.000806452743026
142	0.00159928607896
143	0.000885250293471
141	0.000819884027537
612	0.000760831454794
617	0.000790112895132
614	0.00241246656545
949	0.00441093286494
947	0.0
942	0.00106267719458
940	0.000825883418133
688	0.000703260482742
685	0.00242552356854
684	0.00411421200937
687	0.00241819008917
686	0.000773180732809
680	0.000807906209829
133	0.000997898733657
137	0.00164640365622
136	0.00081170646868
135	0.00211271849713
134	0.00103459894705
491	0.00204651960998
493	0.0016721478537
24	0.00250062664356
28	0.000788297346333
404	0.000703260482742
402	0.0
401	0.00319239581754
936	0.00235405147174
409	0.00148979397511
934	0.000882227566609
371	0.00250821827227
373	0.0
374	0.0
377	0.000824587909131
704	0.000828466537443
707	0.00488979022575
700	0.00302535545855
702	0.000703260482742
392	0.00081170646868
181	0.0
399	0.000945061331467
86	0.0
795	0.000817199280209
790	0.00580853679695
798	0.000836331535487
7	0.00075566326101
586	0.0149826760729
587	0.000835119222883
582	0.00168776947326
581	0.00241006167795
245	0.00157130779017
249	0.00078653349237
513	0.00192020471449
1004	0.00311448987554
514	0.00146694140538
1001	0.00306499943639
516	0.00197801978242
458	0.0056992178357
459	0.00100148877863
624	0.00079903153584
450	0.0
629	0.014217905031
454	0.0129828495953
178	0.0056193936459
199	0.00273932215622
173	0.00211874522829
594	0.000760831454794
977	0.00233392492743
517	0.0079710566149
971	0.00162784506141
978	0.00332079646059
656	0.0
657	0.0
654	0.000824983896212
2	0.00448980676065
187	0.000820345063902
188	0.000819884027537
189	0.00549263828374
658	0.00330931613899
659	0.00168470909134
868	0.00103459894705
13	0.00158562250247
15	0.00242835814535
14	0.00131327942373
17	0.00081170646868
16	0.000807691246027
863	0.00168190200584
862	0.00160641751991
865	0.000825883418133
866	0.00190798739173
883	0.00742906607723
881	0.00133008488842
880	0.00081367747418
885	0.00107785790978
569	0.0165598783764
322	0.00195074420781
320	0.00156148941064
321	0.0024627106028
324	0.000825883418133
774	0.0
776	0.000825883418133
771	0.00252127831456
204	0.00107785790978
207	0.00491323917333
772	0.00175103821188
208	0.000775431141417
77	0.00218263556136
75	0.00730023027513
74	0.00323920006531
70	0.000823731351167
78	0.00148979397511
663	0.000945061331467
662	0.000820345063902
661	0.000836331535487
692	0.0108799447536
693	0.0023406333645
696	0.000866682080135
697	0.00083978795513
695	0.000820345063902
698	0.000788297346333
699	0.00109211182237
542	0.00474611210911
543	0.00162029637828
540	0.0015713501057
541	0.00410213298302
546	0.000809660535974
547	0.00164005958865
544	0.00167309904939
8	0.000845775426855
549	0.00207541476971
994	0.00157587695661
996	0.00272093442901
991	0.00247737043892
990	0.00164409365919
120	0.0127116601242
122	0.000824587909131
126	0.00319697414473
127	0.00404577230131
415	0.00429525552362
416	0.00563107486069
410	0.00156071121695
413	0.00495279566896
920	0.00164576744567
921	0.0
923	0.000790112895132
418	0.00132865449797
925	0.000788297346333
926	0.0
499	0.00912487353216
319	0.00161685141625
318	0.00164342048768
313	0.00320208976837
311	0.00157130779017
310	0.00300224068931
317	0.0
316	0.0187023974671
315	0.000787579610278
830	0.0017060084645
834	0.000847215631258
835	0.000825883418133
838	0.00328417658849
368	0.00190830047593
369	0.0
364	0.000788297346333
362	0.000845775426855
360	0.000835707914259
361	0.000788297346333
381	0.00148074255047
388	0.00170438758098
784	0.00168526291611
780	0.00153494618165
782	0.00753557102119
783	0.000804990830031
788	0.000717352648136
789	0.000788297346333
151	0.00159994466148
573	0.00217180318905
572	0.000820345063902
577	0.00155222269256
575	0.00216749082132
61	0.0112602443672
62	0.00379384812778
66	0.00112027486631
67	0.00333017067221
68	0.000788297346333
253	0.00243399072096
251	0.00156273744043
257	0.000801120083496
731	0.0032680999159
730	0.00103459894705
735	0.000760831454794
506	0.00990504045035
738	0.00241988143593
505	0.000785357424399
502	0.0131360776411
500	0.0010845172879
630	0.00248131894722
631	0.000835707914259
633	0.003144193235
469	0.000817199280209
465	0.00104136604372
466	0.0
462	0.000859060562883
168	0.0173414737
165	0.00326022768251
166	0.00325725803525
167	0.00164933618661
160	0.000835707914259
966	0.00222200310985
963	0.000831522947268
935	0.00246984278298
879	0.00288055382108
872	0.000788297346333
873	0.00320440053304
870	0.000787579610278
891	0.00267738714231
898	0.000764548226938
899	0.00075566326101
646	0.00183740256091
356	0.0185096367743
809	0.000788297346333
353	0.0
802	0.000820345063902
216	0.00163196316606
214	0.0248045160513
769	0.0
762	0.00430969263889
955	0.000788297346333
761	0.00065371252475
767	0.00078653349237
764	0.000788297346333
765	0.00103459894705
288	0.000835707914259
281	0.00133304593113
280	0.0016555919418
284	0.000815748942632
678	0.0
679	0.000828466537443
671	0.000774440094098
672	0.000819889772599
260	0.00331529333585
267	0.00399197095849
266	0.00331529333585
268	0.00458905614532
56	0.000788297346333
50	0.0
53	0.0039269339897
52	0.00297896013606
537	0.00156301075169
535	0.0
534	0.00511594313254
532	0.00156613361262
531	0.0031095929451
530	0.00503433309684
538	0.00237343545451
988	0.00328800851483
200	0.00245227190339
983	0.000774440094098
980	0.000830319279346
987	0.0245121896355
984	0.00327470294251
114	0.000824587909131
117	0.000761994775555
111	0.00100813922112
112	0.00303922341602
119	0.00104136604372
118	0.000819884027537
770	0.00103459894705
429	0.00380853113703
428	0.00332917194402
918	0.000828466537443
915	0.00911805103096
420	0.000963239144463
423	0.00279932038117
422	0.000807906209829
912	0.00649390172849
309	0.0
302	0.00081170646868
846	0.00338589836757
844	0.00574852746851
840	0.00158732888217
853	0.000945061331467
849	0.000788297346333
823	0.000964087567251
568	0.000820345063902
752	0.000801120083496
754	0.00165490718848
561	0.00334867174455
759	0.00330831591011
565	0.000828466537443
566	0.00165704739761
739	0.00176850262209
229	0.00086967692901
228	0.00078653349237
223	0.00190830047593
221	0.000824398342855
220	0.00250772956173
724	0.00322620462344
720	0.00334301168813
605	0.00157570047575
607	0.0107210355086
152	0.0
157	0.00164995301038
602	0.00300824904601
159	0.00707514501851
609	0.00396129338003
976	0.00078653349237
48	0.00245650121356
951	0.00161515999419
950	0.00144288788639
953	0.00081170646868
952	0.00162029637828
42	0.000885436462259
40	0.00739326953733
956	0.00245138531386
5	0.00107785790978
488	0.000760831454794
485	0.00190468475377
482	0.000788297346333
472	0.00856001671002
470	0.00078653349237
471	0.000835282126397
