344	0.00188000544074
0	0.013076172365
347	0.00339384867149
343	0.00338344724864
810	0.002486923645
812	0.00139115473531
817	0.00130465338959
719	0.00063684709521
718	0.00202143654112
716	0.00243599612551
713	0.00199257483564
712	0.00136003013827
710	0.00250637843252
915	0.00316016444727
299	0.0
294	0.00135314335048
295	0.0012422286155
293	0.0013477363887
290	0.00141886270415
291	0.00330675798903
591	0.00408416593885
590	0.000680285703726
592	0.0033428447227
595	0.00202601840145
198	0.0006758138692
596	0.000679263459783
599	0.0024789349339
196	0.00133331418223
191	0.00133653689396
193	0.00326267181459
272	0.000679263459783
273	0.000654510393372
275	0.00117520714053
277	0.00203910680047
278	0.00138183563329
526	0.00127791574447
522	0.001347797959
528	0.000674513752268
443	0.002041373332
442	0.000621310404434
440	0.000579299537631
447	0.000702894927208
444	0.000690450809805
102	0.00126354983444
103	0.00128107427227
101	0.000626500704149
107	0.00373350089987
104	0.00140274566593
105	0.0020474995035
900	0.000679263459783
38	0.00132166068524
904	0.00126668026039
32	0.000615654966449
31	0.0025084408102
30	0.00349505159347
35	0.0012515844937
641	0.000661863054431
643	0.00120804866782
644	0.00183144638243
438	0.0
439	0.000703980464564
648	0.0021057050131
435	0.00206365361253
433	0.00123473277988
338	0.00131464899718
335	0.0153797702213
334	0.00686609555664
333	0.00188960990103
332	0.00068748510628
854	0.00345836141401
818	0.0
857	0.0031414622473
850	0.00114695708174
851	0.0019108824308
853	0.00131067298543
858	0.00191935609331
6	0.0012422286155
98	0.00726286307172
91	0.00265900458258
90	0.00531760133198
92	0.0006430690725
96	0.0
740	0.000694059073618
742	0.00343081936101
743	0.00140061235545
558	0.00137476047886
746	0.00545182583732
557	0.00350494841214
551	0.000690450809805
550	0.00204455129592
553	0.00120951382326
236	0.00117157927332
230	0.000680285703726
231	0.00462579803365
232	0.00489371912029
233	0.00270180159902
1	0.00065354004952
147	0.00883906609979
618	0.000689446369295
142	0.00253574669083
141	0.000627524746419
612	0.00523869475786
617	0.000692326914784
614	0.0
149	0.000582172751912
947	0.00201321690512
942	0.000690249601027
940	0.000540349545063
688	0.000588774077787
685	0.00186288722684
684	0.00208703562943
687	0.00342251064364
686	0.000680285703726
680	0.00409899506897
133	0.00140204069338
132	0.000654573568116
137	0.0
136	0.00251615243481
135	0.00620223582426
134	0.00199257483564
495	0.00130683014048
497	0.000622532764905
491	0.00117787582558
493	0.00127115386074
24	0.00191195957217
25	0.00202709881016
27	0.000680285703726
927	0.0124005950183
29	0.000588774077787
406	0.00137275626555
405	0.000682881067319
404	0.00132821089259
401	0.00460318261778
933	0.00136214672361
936	0.0
409	0.0012422286155
379	0.000670373678584
828	0.000647497394061
374	0.000683364678448
377	0.00258523155144
705	0.00125154106026
707	0.00201837692908
700	0.000610352791186
702	0.00124026144567
703	0.000690249601027
393	0.000665257765674
392	0.000677887041849
82	0.000677887041849
83	0.00106244236293
399	0.000650038900047
398	0.00136003013827
86	0.00136169716517
796	0.000626369763952
795	0.00187753070324
790	0.00416904887555
798	0.000661391067561
586	0.0139290737478
587	0.000692326914784
582	0.00191281281695
581	0.00207170983317
589	0.000698833110199
245	0.00661446185219
246	0.00189872108394
241	0.000627174814335
249	0.0012422286155
248	0.000608938004773
510	0.00132480451503
513	0.00199621247895
1004	0.00373694338915
1003	0.00138294384196
1001	0.00122914030158
516	0.00136148429859
458	0.00480369331378
622	0.00325269891412
626	0.0
624	0.000661391067561
450	0.0156066691718
629	0.0120457010791
454	0.00729376742019
178	0.0118324445052
199	0.00304549697908
175	0.00238221975874
171	0.00201543892822
170	0.00137313066835
977	0.00561515463018
517	0.00269122959436
972	0.000680285703726
180	0.0
978	0.000627524746419
656	0.0
654	0.00124913254487
2	0.00346564753928
187	0.000679263459783
650	0.00063684709521
185	0.00206798957438
188	0.00440278824502
189	0.00385963894221
658	0.000632803091796
659	0.00137855153857
184	0.00126039702
868	0.00206741383464
12	0.000687473244971
14	0.00252932213555
17	0.00125596729436
16	0.000599911198837
863	0.0
862	0.00382478487544
865	0.000667214883969
867	0.000588774077787
866	0.00064585061584
883	0.00120446245139
881	0.00194349646602
880	0.000673345111819
885	0.00070153903116
322	0.00137625946857
323	0.000650038900047
321	0.00206447849108
326	0.00070153903116
327	0.00117277855499
329	0.00132222014497
201	0.00120951382326
200	0.00251260289725
203	0.0
771	0.00275883563063
770	0.00138851103862
207	0.00500789969287
772	0.0040678897156
209	0.00139901185034
208	0.00117157927332
779	0.00254515350589
77	0.00141119359625
75	0.00272192127627
78	0.0037323406609
664	0.000588774077787
663	0.00131439753906
662	0.00271858578001
660	0.000660982515069
692	0.00406217303176
693	0.00186022513812
697	0.00477490004543
695	0.000679263459783
698	0.00395998494929
542	0.00347602010571
540	0.0059927263464
541	0.00365136124145
546	0.00408908139425
547	0.000627174814335
994	0.00261662524874
996	0.00493618963052
991	0.00190748638117
990	0.00315997166493
120	0.00607585827297
122	0.00062913192235
125	0.00128051178307
126	0.00279198427901
415	0.0046247696827
416	0.0160893539669
410	0.00382583046747
413	0.00136598989422
920	0.00267747436515
923	0.00135883404867
418	0.00123791011879
925	0.00202637823566
926	0.0013588989862
499	0.00404398462486
319	0.00137476047886
313	0.00140434038746
311	0.000682881067319
310	0.00130775212222
316	0.00643799234939
832	0.00197057170506
833	0.00205891922208
830	0.000674495752984
837	0.00121606902854
838	0.00188917903455
369	0.00135636331833
360	0.000632803091796
381	0.00237302894906
383	0.00209126745559
388	0.00202137650485
784	0.000526729315081
787	0.000664923181957
782	0.00491835506326
783	0.0025178822548
789	0.00121115494985
151	0.00140648959208
573	0.00280271352197
572	0.00135521608182
577	0.00136738430665
153	0.000622532764905
575	0.00140874494072
61	0.00664965684507
62	0.00200092759278
64	0.000654573568116
65	0.000652234743766
67	0.00188201893327
69	0.00067755044385
250	0.000690450809805
253	0.00213419851225
157	0.000675803958542
731	0.000614965365675
732	0.000621068177239
737	0.00116483316497
506	0.00610859027068
738	0.0018670852761
502	0.00907031247564
500	0.00411722995313
630	0.00190640504184
631	0.000632803091796
633	0.00202160220568
469	0.0081721190687
468	0.000588774077787
638	0.000693535652041
464	0.000588774077787
466	0.00134727915994
462	0.00198401600745
168	0.0133354102449
169	0.000620476530632
165	0.00631172313089
166	0.00562133308838
167	0.00512649681146
160	0.00387445333223
966	0.0020440915967
963	0.000690249601027
935	0.00204821299405
908	0.000698789381237
879	0.00138509028301
873	0.000659883035472
891	0.0052032280553
647	0.00125987452653
896	0.00060697184363
646	0.00135780279076
356	0.0194943332939
355	0.00135902947885
808	0.000588774077787
353	0.000650024558028
802	0.000679263459783
807	0.0
216	0.00137476047886
214	0.00472958971896
762	0.00490578791456
761	0.00132928741733
767	0.00186022513812
764	0.00195798334065
765	0.00906114917508
957	0.000627174814335
956	0.00276484623744
4	0.00207717321929
281	0.000649815597517
280	0.00260126897871
285	0.000680285703726
284	0.000684150722838
674	0.00070153903116
676	0.00130461246816
670	0.00297225909783
671	0.000687910453945
260	0.00211478978912
267	0.00406180469549
266	0.000703980464564
264	0.000661391067561
268	0.00265925427123
58	0.0
56	0.000603241124376
53	0.00163324425407
52	0.00210357972454
537	0.000588774077787
535	0.00138375089403
534	0.00476828056469
532	0.000588774077787
531	0.00330867951636
530	0.00383565573985
538	0.00188960990103
988	0.00126744315955
774	0.00133731450531
980	0.000588774077787
777	0.00060697184363
984	0.00210032215777
985	0.000588774077787
117	0.0019885912566
111	0.00070153903116
113	0.000690450809805
112	0.00137942607301
119	0.000696463771027
118	0.000588774077787
773	0.000677509200933
256	0.00210389193686
429	0.0026424746828
428	0.00693541575415
918	0.000714844328857
421	0.0018806457703
420	0.0
423	0.00439381839859
422	0.00123355214605
911	0.000621310404434
424	0.00376470214546
912	0.00701454439078
855	0.00343464704095
301	0.00125469956075
305	0.00210557122692
306	0.00206037735845
847	0.00187983278063
846	0.00188755763079
843	0.000675803958542
842	0.000664858457988
840	0.000659883035472
849	0.00234042269055
823	0.0020824095161
568	0.00402076821358
752	0.00200375177793
754	0.000674521058224
561	0.00126057345033
758	0.00142562043567
565	0.00278889248207
566	0.000714029906549
987	0.0013290779384
228	0.00244135548447
223	0.00202224263605
726	0.000588774077787
724	0.00313798463959
722	0.000690450809805
723	0.00141364420776
720	0.00414589957807
729	0.000675803958542
605	0.003061948978
607	0.0114759349082
600	0.000692398293244
603	0.0
602	0.00418350074682
159	0.00656249585647
609	0.00127860971995
976	0.0012422286155
634	0.0
958	0.0
48	0.00412057764445
951	0.00261909887908
950	0.000664858457988
953	0.000632803091796
952	0.000625117857508
955	0.00270789140161
954	0.000627174814335
40	0.00270186149888
41	0.0006987998789
5	0.00176669452064
488	0.000670373678584
485	0.00138637832828
483	0.000650024558028
482	0.00192902737164
472	0.00350861716747
470	0.0012422286155
471	0.00200063910572
479	0.000632094426949
