344	0.00212761231141
0	0.00996392989625
347	0.000571706335937
341	0.000545515555901
343	0.00266915370693
810	0.0
812	0.000558377893971
817	0.0010555405081
719	0.00106088077742
718	0.00635609641975
716	0.00158127873093
715	0.000528083804297
713	0.00107024146675
712	0.0026890753427
711	0.00105693548352
710	0.00156572212246
915	0.0202444578532
916	0.000533782024548
910	0.000545515555901
299	0.00157803034569
297	0.000533782024548
294	0.00445395051413
295	0.00104948820061
293	0.00423096628783
290	0.00374792074308
291	0.00107414614369
591	0.00214335718564
592	0.00268128728259
595	0.00320501401812
599	0.00209430061063
194	0.00214117438524
197	0.00107950181067
191	0.00214448155564
190	0.00371151189755
193	0.00107376829754
272	0.000541344202233
274	0.000529998468669
275	0.00104872482687
277	0.000541344202233
278	0.00160260154482
279	0.000527490806024
526	0.00106200583255
522	0.000527490806024
528	0.000551758232688
443	0.000551302684311
447	0.00444323719547
445	0.000531951054623
103	0.00154796171513
101	0.00104806752411
106	0.00104410990499
107	0.000530405484538
104	0.00222908117807
105	0.000517442362683
900	0.0021803187166
38	0.00265283773334
907	0.000527490806024
32	0.00476663510566
31	0.00265349773028
30	0.00107830297039
35	0.000526744892858
641	0.000513923347589
644	0.00209488404404
647	0.00318801441147
439	0.00167822380103
648	0.00219994648093
434	0.000500668688569
435	0.00277253312778
432	0.000513923347589
433	0.00153940529981
339	0.000525607369203
338	0.00104787799169
335	0.0
334	0.00268493572809
337	0.00105831545507
333	0.00157192797734
332	0.00167615801868
745	0.000524065304123
854	0.00275356786572
855	0.0
857	0.00319439150219
850	0.00316411043993
851	0.00423271298588
858	0.000533200917584
6	0.00104948820061
98	0.0016106055859
91	0.0100858761436
90	0.00649569636136
92	0.0010631214842
95	0.000513923347589
96	0.000529705362206
740	0.00209565121005
742	0.00536823496059
743	0.00166538837214
559	0.00104147134046
558	0.011039857429
746	0.00535343657892
554	0.0
557	0.00056059412985
550	0.00161927353183
552	0.00158613796556
239	0.00106481550346
235	0.000533782024548
236	0.00103659986324
231	0.00365221968849
232	0.00447117354483
233	0.00107502699866
1	0.0
147	0.00211355429388
618	0.000998881398277
142	0.00158704109788
143	0.00158170865169
141	0.00157796125037
612	0.000530405484538
613	0.00105928014672
617	0.00269779998126
614	0.000526744892858
615	0.000527490806024
912	0.00889342025356
1004	0.00104567424979
949	0.00223957088791
947	0.0
940	0.00106871623793
517	0.00218339296916
685	0.00370203572474
684	0.00199616344538
687	0.00268360796674
686	0.000526913285115
681	0.000533782024548
680	0.00160122800202
133	0.00111670230296
137	0.000537466756191
136	0.00159433631884
134	0.00323213164385
139	0.00102790132138
497	0.00103659986324
490	0.000527490806024
491	0.00104874959556
493	0.00212253374795
24	0.00371948830088
25	0.0014935382826
28	0.000513923347589
29	0.00106196512286
407	0.000527490806024
939	0.00106107942947
404	0.00106334450152
401	0.00320991596881
936	0.00213171272825
409	0.00156955508119
379	0.0
828	0.000524065304123
371	0.000543765173609
373	0.00105720758947
374	0.000537823735675
377	0.00161929851163
704	0.00104618424447
706	0.000533782024548
707	0.00106797982374
700	0.0021637092545
702	0.000524065304123
393	0.000527490806024
392	0.000530405484538
82	0.00107207543127
181	0.000529998468669
399	0.00106195583073
86	0.000551302684311
796	0.0015695048411
795	0.00210501683328
794	0.0163439156363
790	0.00278483327391
586	0.0121687507564
584	0.000534284549507
582	0.00257891789044
580	0.00105247821114
581	0.000530690907868
589	0.000535564636439
245	0.00153861248516
246	0.00210148356464
241	0.000531346467211
243	0.000542105713748
249	0.00209640046683
248	0.00210499859898
924	0.000524065304123
519	0.000525607369203
511	0.000532715999666
513	0.000516233921851
512	0.000526744892858
514	0.00155080347031
1001	0.0099670984717
516	0.0
458	0.000998462466253
622	0.00206652665772
624	0.00107798651034
450	0.00322491628113
629	0.0106408962434
628	0.00106902829265
454	0.00907305402629
178	0.0236721809781
199	0.00366744964622
175	0.00156165033052
173	0.00104603069349
170	0.0
977	0.00729084826902
976	0.0015743506873
971	0.00106566490874
979	0.00157023994593
978	0.0105434585298
656	0.00105833722502
2	0.0010985092708
652	0.000527490806024
187	0.000541454678737
650	0.000524065304123
185	0.0
188	0.00370053110828
189	0.00531776704559
658	0.000531951054623
659	0.000558377893971
184	0.00158134248206
11	0.000536964368058
868	0.00110170240409
13	0.000540126380026
15	0.00159882923033
14	0.00523792990809
17	0.0010631214842
16	0.00209705637077
863	0.00213553086859
862	0.00475188932393
866	0.00105385167604
883	0.00268114472164
881	0.000523211276288
880	0.00106988554515
886	0.000573303538612
885	0.00278443261848
752	0.00107240479435
322	0.00213279078411
320	0.000527490806024
321	0.000998881398277
324	0.00053489780574
329	0.00107798651034
688	0.000531575325212
201	0.000527490806024
200	0.00107823155557
771	0.00214884255191
207	0.0026380599604
772	0.00319168144748
209	0.00056059412985
208	0.000520066880585
779	0.000527490806024
77	0.0016718113982
76	0.0016128932188
74	0.00890546943582
73	0.000496947095487
71	0.00053421274121
70	0.00320429586381
78	0.00104948820061
669	0.000526870841941
663	0.00213206355856
662	0.00165070099912
660	0.000545515555901
692	0.0032302515581
693	0.00263681007922
696	0.0010786349798
697	0.000510705291594
698	0.00410782401253
542	0.00333461479062
543	0.0010631214842
540	0.00461829260487
541	0.00366393578694
546	0.00379926239197
547	0.00316767934163
544	0.000530405484538
8	0.000533007259153
994	0.0030911386024
997	0.000530405484538
996	0.00367153088061
991	0.00104948820061
990	0.00265830032509
993	0.000541794295406
999	0.000527490806024
120	0.00373118095084
125	0.00103205837478
126	0.00277443762743
127	0.00158425716057
69	0.00104019309054
414	0.000523939443924
415	0.00320325486922
416	0.00769150919002
410	0.000531672905762
412	0.000545515555901
413	0.00107414419632
920	0.00213169873258
921	0.000530236268753
923	0.00536034128885
418	0.00103659986324
925	0.0010235206706
499	0.00311292104441
319	0.00201516856101
318	0.00200419225474
313	0.00111614061369
311	0.00102609184703
310	0.00102677616714
316	0.0196303778603
832	0.0077550845539
833	0.00106675987774
837	0.000524065304123
838	0.000530405484538
368	0.000533211041805
366	0.000500668688569
364	0.00206903902305
365	0.000523211276288
362	0.00325909677548
360	0.00158761320175
361	0.000513923347589
383	0.00105094329455
386	0.000496561169971
388	0.00585947052446
784	0.0
780	0.0010356947027
782	0.00389448263563
783	0.00158107138555
788	0.000523380786316
789	0.00154849443251
151	0.00107166815704
573	0.000557989396171
572	0.00104896699655
571	0.000545515555901
570	0.000530690907868
577	0.00105458914784
153	0.000520066880585
575	0.000566103081724
61	0.00541606026206
62	0.00221606485806
259	0.000527490806024
67	0.00265714598702
68	0.000513923347589
253	0.00107193211592
250	0.00114214813022
251	0.00105028110124
256	0.00445099851795
884	0.000527490806024
731	0.00480810330901
730	0.000553246525126
732	0.00105241873284
737	0.0
509	0.000525646887529
506	0.00419343161389
738	0.001593065251
505	0.0005288933609
502	0.00634782508288
500	0.00111104582713
630	0.00319793723734
631	0.00158761320175
633	0.00161087148479
469	0.00157942759089
635	0.000527490806024
637	0.000543765173609
465	0.0
464	0.0
927	0.000530405484538
901	0.000535452704293
168	0.00726760992093
169	0.00053421274121
165	0.0047988797944
166	0.00775350323859
167	0.0015993056817
160	0.00214246570531
161	0.00109133704171
966	0.00170860660829
963	0.000531289909623
969	0.000525607369203
935	0.00215369012197
908	0.00217839499
909	0.0
879	0.00104277315542
872	0.0010433418301
873	0.00153861248516
870	0.000545515555901
890	0.000536964368058
891	0.00320028699978
646	0.000555263538294
356	0.00938593312304
809	0.00102393590738
808	0.0
353	0.00106335679312
803	0.000545515555901
802	0.000537747191403
807	0.0010733136448
216	0.00101690261042
214	0.00694399655634
769	0.00107251041653
213	0.0
762	0.00277466094409
763	0.000535453017976
767	0.00104948820061
764	0.00205569676628
765	0.00442892607758
957	0.000526744892858
956	0.00249443581786
288	0.00106489996369
281	0.000525607369203
280	0.00901437103653
285	0.000545515555901
284	0.000534284549507
286	0.000533358324453
678	0.0
679	0.000500668688569
674	0.00111250896566
676	0.000515824452933
670	0.000522992531085
671	0.000536276249932
672	0.000500668688569
260	0.00167928143109
267	0.00486908483542
266	0.00167667669741
264	0.000512520638134
58	0.0
56	0.00205041878121
50	0.000521411342729
53	0.000534427381469
52	0.00166549590894
537	0.000517442362683
535	0.0
534	0.00534812297488
532	0.0
531	0.00255550648117
530	0.00584045407196
538	0.00210140409941
988	0.000526744892858
774	0.0
983	0.00051001255979
980	0.0
987	0.0154447384437
984	0.00501725052942
115	0.000527490806024
114	0.0
111	0.00109983257667
110	0.000557622824179
112	0.00276150535281
119	0.0
118	0.0
773	0.000517442362683
429	0.00106889578682
428	0.00479094960342
918	0.000500668688569
421	0.00262874774234
423	0.0036658231133
422	0.00159280353682
425	0.00111355791041
424	0.0021053101912
427	0.000512168499436
426	0.000527490806024
309	0.0
301	0.000526744892858
302	0.00159435450641
952	0.000532715999666
306	0.00161264131967
307	0.000530690907868
846	0.000531951054623
844	0.00201648845324
843	0.0137242939327
841	0.000545515555901
840	0.00102644398572
849	0.0015661375873
823	0.00112359137026
568	0.0
569	0.000525607369203
754	0.000527490806024
561	0.00213509003758
759	0.000557761781189
758	0.000999072254908
565	0.00101898691019
566	0.000535564636439
739	0.00159641903169
229	0.00160495632566
228	0.00104948820061
223	0.00107567047541
220	0.000533007259153
724	0.00579298606927
722	0.0
723	0.00199858039557
720	0.0015984322117
729	0.00054013137683
605	0.00313819497372
150	0.000533954644098
607	0.000539624165515
600	0.0004976391588
157	0.00105752848179
602	0.00111149039552
159	0.00696983872107
609	0.00535938553278
83	0.0
48	0.000500668688569
951	0.00477672068059
950	0.00416110977339
953	0.00105832336887
45	0.000571706335937
955	0.00102609184703
954	0.000526744892858
40	0.00321061975075
41	0.00149468998857
638	0.0021196618258
487	0.000516233921851
485	0.00169389393955
483	0.00159746542117
482	0.00204512066503
480	0.000510194249308
472	0.00112849917568
473	0.0
470	0.00104948820061
477	0.0010253885206
474	0.000530388521598
479	0.0
