344	0.00359690776336
0	0.00131413585411
347	0.00155339745937
343	0.00190506048559
810	0.00128241749351
811	0.000655166667632
812	0.000672916337787
813	0.00470301290072
814	0.00073066590103
349	0.00347863599342
817	0.00137176349826
719	0.00241543818846
718	0.0042986426119
715	0.0
713	0.000682678068564
712	0.00226651872664
710	0.00135669254407
915	0.00916596574918
295	0.000665443617838
293	0.00270252509662
290	0.000678640590929
591	0.00290534654186
595	0.00349814078649
599	0.000665443617838
197	0.00129066864071
196	0.00178245955391
190	0.0037347532238
193	0.0
270	0.00121638984934
272	0.00228858823119
273	0.000738435219413
274	0.00074806855188
275	0.0
277	0.00237266377766
278	0.00135993672705
526	0.000747994003102
527	0.00138353215606
522	0.00154027119728
523	0.000725917594233
443	0.00224865796826
441	0.0
440	0.0
445	0.000747994003102
109	0.000736448958206
102	0.000648692236276
103	0.0
101	0.000634378941449
107	0.0032436176557
104	0.00284238538163
105	0.00125012433949
900	0.00234063788095
38	0.0
906	0.00099962899437
907	0.0
32	0.00126553631625
31	0.00214184245838
30	0.00145371258615
35	0.00137176349826
641	0.0013927916362
644	0.00181679651935
647	0.00140788790163
439	0.00212235211316
649	0.00136295740884
437	0.00121638984934
435	0.00146644347728
432	0.000697332542198
433	0.00136284066846
339	0.000665443617838
338	0.0034688876351
335	0.000612573086671
334	0.00794861464993
337	0.0
333	0.0019856905604
744	0.00144943577537
854	0.00103925535483
855	0.00208954245817
857	0.00423162630037
850	0.00252855023285
851	0.0116931140841
858	0.000634751271925
6	0.000665443617838
99	0.000665443617838
98	0.00683847867066
91	0.000682661128355
90	0.00194336789805
92	0.000703465846766
95	0.000697332542198
96	0.000538239639368
740	0.000517166767629
742	0.00593985765641
743	0.00225758581462
559	0.00173055324864
745	0.00121638984934
746	0.00853789718637
749	0.00138831557702
551	0.00214410126414
550	0.00229389081062
552	0.000768129217775
239	0.000772545211461
231	0.00776706517073
232	0.00290797050726
233	0.00351974780492
147	0.000752161685534
142	0.0028192826231
143	0.0
610	0.000747994003102
611	0.000600406670005
617	0.0013138373132
614	0.00137176349826
149	0.00136821899537
951	0.00347433732273
948	0.00439560718924
946	0.00291477633634
947	0.000779663526455
945	0.00121638984934
942	0.000725700841689
943	0.00131167824724
514	0.00141273289788
685	0.00204228563133
684	0.00179530233983
687	0.00148515978597
680	0.00144990206374
682	0.00121638984934
132	0.000706260550438
136	0.00140788790163
135	0.00507814315138
134	0.00271526761473
139	0.000745940514923
490	0.000715126444982
493	0.000747994003102
24	0.00379945442126
28	0.00140296927023
29	0.00187844410149
407	0.0
402	0.00394514879269
401	0.00210280451567
400	0.00155897660022
933	0.000779430318108
936	0.00140943793087
409	0.000665443617838
378	0.00141273289788
828	0.00121638984934
373	0.00221375070342
372	0.00137662807505
374	0.000622213237538
823	0.00103029786838
704	0.00197516179728
705	0.00130164536189
707	0.00415650928071
700	0.000704609076397
701	0.0
702	0.00121638984934
703	0.00148561176199
391	0.00447076935536
390	0.00159278965133
397	0.0
394	0.000832392580382
82	0.00165776128815
181	0.00074806855188
86	0.000751006697136
796	0.000697332542198
795	0.00345487064552
790	0.00269753412403
799	0.00142483068643
586	0.00286128060753
585	0.00217787013204
582	0.000697332542198
581	0.00211101886665
245	0.0098212036886
246	0.000634378941449
241	0.00137176349826
249	0.000665443617838
248	0.0015252372095
924	0.00121638984934
518	0.00815343447592
513	0.00103029786838
1004	0.0012850198739
1002	0.000706457158424
1001	0.00318537918937
516	0.0214275922077
626	0.000784464767855
624	0.00209286458561
450	0.00777268146931
451	0.000685421024126
629	0.017171175523
454	0.00208506071312
178	0.0206770310499
199	0.00121638984934
175	0.0
173	0.00121638984934
171	0.000713066550531
170	0.00353094372312
977	0.00141273289788
976	0.00136017607011
975	0.0
971	0.00211018529502
979	0.00121638984934
978	0.00210153654819
656	0.00074806855188
657	0.00183874266194
654	0.00185114112127
2	0.00070563672803
187	0.000779663526455
650	0.00121638984934
185	0.000706378302242
188	0.00137176349826
189	0.00209713977571
658	0.00301714772138
659	0.000784464767855
184	0.0
869	0.0
868	0.00218239220411
13	0.00121638984934
15	0.00151228287353
14	0.00241543818846
17	0.00140788790163
861	0.0
863	0.00547551886785
862	0.000665443617838
865	0.000752161685534
866	0.0
881	0.00121638984934
880	0.00135816223
887	0.000700692023343
569	0.000665443617838
888	0.00209188473185
929	0.001327553048
322	0.000517166767629
321	0.000713269846858
327	0.00313605593804
324	0.00157170660635
329	0.00278580069726
201	0.0
200	0.00212724251762
776	0.000832392580382
771	0.00163273373035
207	0.00495150770817
772	0.00141710235838
77	0.000730263614279
75	0.00296329478952
74	0.000714270893938
73	0.0
71	0.000698873917487
70	0.00219759688717
78	0.00132607954441
669	0.0
668	0.00235852020052
664	0.000646432206839
663	0.00179530233983
662	0.000751006697136
692	0.0021205390755
693	0.00130546689975
696	0.00213805558587
697	0.00275365105791
695	0.000779663526455
698	0.000697332542198
542	0.00184933876176
543	0.0014061171903
540	0.00627775450853
541	0.00121638984934
546	0.00304035126671
547	0.00204572521064
544	0.0
8	0.0
994	0.00139399021952
997	0.000752161685534
996	0.00184724051805
991	0.00191163994895
990	0.00416680574928
993	0.000784464767855
120	0.00571728332279
122	0.0
125	0.0
126	0.00220591831027
414	0.000754132416367
415	0.00566646941314
416	0.00365295703082
410	0.000600406670005
921	0.00375116024548
923	0.00595870514802
418	0.00190030017677
925	0.0020818057591
926	0.0
499	0.0014264098359
319	0.00141277960086
318	0.00099962899437
313	0.000736448958206
311	0.00138451637246
310	0.0
316	0.0161957037034
314	0.001327553048
832	0.00847414547143
833	0.00145449190728
837	0.00121638984934
835	0.000703407616766
838	0.00138962417175
369	0.0010678832193
367	0.000768129217775
362	0.0014732372348
360	0.000747994003102
361	0.000697332542198
381	0.00127079385093
383	0.00350755054771
387	0.00138703449748
784	0.00616489121814
780	0.00353201381646
782	0.00365498012777
783	0.00181679651935
788	0.00127782281952
789	0.0013927916362
151	0.0
573	0.00142909298488
572	0.000779663526455
571	0.0157298918661
576	0.00121638984934
61	0.00289182524681
62	0.00597557763036
65	0.0105132058125
66	0.000730958426289
67	0.00513303331469
68	0.000697332542198
253	0.0
250	0.00144458709412
251	0.000697332542198
256	0.00147193400919
157	0.00307501029707
731	0.00313592787233
733	0.0
506	0.00191515796426
738	0.0201505997587
505	0.0
502	0.00349735204128
500	0.00146151451405
630	0.00376113096045
631	0.000747994003102
633	0.00140837658203
469	0.0116781922205
638	0.000789010188606
168	0.00647367230843
169	0.00139284086418
164	0.00131167824724
165	0.00427526457132
166	0.000753619613337
167	0.00205520604813
160	0.00459583234829
161	0.000832392580382
963	0.001486070576
969	0.000723082893134
935	0.00396933381859
909	0.000761857304529
878	0.00137333342278
879	0.00156401958137
874	0.00488696656888
872	0.000697332542198
873	0.00209127960617
870	0.0016657160669
890	0.00221358246398
891	0.00451466113026
895	0.00142483068643
896	0.0
897	0.000624361644086
646	0.00503101860106
648	0.00143595285449
356	0.00363856203627
809	0.000697332542198
353	0.00149439608744
351	0.000703465846766
802	0.000779663526455
800	0.00204556831231
807	0.0
359	0.000665443617838
804	0.000609013051545
214	0.0092693358899
769	0.000784464767855
762	0.00141374683808
955	0.000697332542198
761	0.00121638984934
767	0.00198700523529
764	0.0027895991733
765	0.0043554531896
957	0.00137176349826
956	0.00140991904876
289	0.000638643788159
288	0.00374603839142
280	0.00151612322088
676	0.0
670	0.00126855681234
671	0.0
260	0.00144943577537
266	0.000730263614279
264	0.00208912911872
268	0.00138643755246
55	0.000698873917487
56	0.0013927916362
50	0.000574053032122
53	0.0014040670932
537	0.0
535	0.0021109967209
534	0.0038832501279
532	0.00121638984934
531	0.00147585543899
530	0.00464557772201
538	0.00200297440827
987	0.0216434317145
114	0.0
117	0.000682678068564
111	0.000832392580382
113	0.00202325913886
118	0.000698973021219
773	0.000750649972183
429	0.00208479827269
428	0.0021012057226
421	0.0027513652145
420	0.00162570661079
423	0.000706260550438
422	0.00078680095202
425	0.00653169747568
424	0.00414783671307
912	0.00949024742256
309	0.00223320343826
300	0.000772545211461
301	0.00207132964918
302	0.000703465846766
304	0.0
305	0.000728831039056
306	0.00230191666745
846	0.00298845454446
844	0.00141939959365
843	0.0
841	0.000778522896792
840	0.00419424884443
849	0.00200176366149
568	0.000779663526455
752	0.00103029786838
750	0.00150985130763
561	0.000747994003102
758	0.0
229	0.00297571325689
228	0.000665443617838
226	0.00137025506507
224	0.000703465846766
220	0.00149385922332
88	0.00197516179728
724	0.00382253789049
723	0.0
720	0.003902948285
721	0.00588921656733
605	0.00330634737045
150	0.000747994003102
607	0.00443657187422
601	0.000779398931447
603	0.0
602	0.000736448958206
609	0.00214793178806
83	0.000784464767855
634	0.00186838673842
48	0.00190506048559
46	0.0
950	0.00141273289788
953	0.000703465846766
952	0.00211249697803
42	0.00139033647373
954	0.00205520604813
40	0.00223670049598
41	0.0
5	0.00123205324925
485	0.0051388246865
484	0.00299867765491
482	0.0013927916362
480	0.000697332542198
472	0.00144624591583
470	0.000665443617838
