344	0.00327111970499
0	0.000627209536368
346	0.0
347	0.000693072543569
341	0.0019650706065
343	0.00257367513642
810	0.000672391079903
812	0.000624771656118
349	0.000654108404436
817	0.000649204116684
719	0.00210567555592
718	0.0013130891671
716	0.00131621956703
713	0.00200045633641
712	0.000666447897336
711	0.00196851944018
710	0.000627209536368
915	0.0143903435717
910	0.00130591586024
299	0.000658630401432
294	0.00339566706916
295	0.000627209536368
292	0.0
293	0.00196173019875
290	0.00465685859347
291	0.0013359354636
591	0.00393429508507
592	0.00400042264456
595	0.00128560561824
596	0.00133445647132
599	0.00314985029484
191	0.0020028823224
190	0.00194767079769
193	0.00200648742427
192	0.000659734758098
270	0.00104721194152
272	0.0026397598619
274	0.00194682749374
275	0.00112410288495
278	0.000666269355252
526	0.00129925153732
528	0.00134102835179
448	0.000577039930958
443	0.00133699004347
441	0.0
440	0.000636854518461
447	0.00204438135446
445	0.000650047420635
444	0.0
103	0.0
101	0.00064477049356
106	0.0
107	0.00375999350407
104	0.0020427196311
900	0.00131244819672
38	0.0018822757068
907	0.000655660701945
905	0.000658859186568
32	0.00261385909442
31	0.00196079031562
30	0.00133884016839
35	0.000649204116684
641	0.00113783035912
644	0.00209514264637
647	0.00328115353709
439	0.000734257299063
436	0.000626024421171
648	0.00202168502912
435	0.000681691530486
432	0.0011292604191
433	0.00174573774735
338	0.0012184221176
335	0.00201313633096
334	0.00536660760097
337	0.00130702197173
333	0.00238923219057
332	0.00543995366022
745	0.00105793112587
854	0.00200253855074
855	0.0013180307486
857	0.00392251737
851	0.00325335968068
858	0.00126519841302
6	0.000627209536368
98	0.00596061172538
90	0.00590590059977
92	0.00195759096039
95	0.000569218000914
740	0.0
742	0.00264028894951
743	0.00331661583512
559	0.0
558	0.00513236282347
746	0.00132404164909
557	0.00134616333808
550	0.00130923150134
553	0.00125258081177
552	0.000645927607243
239	0.00195446559287
236	0.00312662977902
230	0.000644974143207
231	0.00405188323089
232	0.00342011925627
233	0.00244018512782
147	0.00128957188004
618	0.000639821735882
142	0.00195759096039
141	0.00261241506325
612	0.000653358328254
617	0.00401687130531
614	0.0019177146812
149	0.000555690528125
1004	0.00169664964702
949	0.00137328408159
947	0.00200116601239
942	0.000657649577328
940	0.000644402239012
517	0.00264444110263
685	0.000650047420635
684	0.000639594843917
687	0.00335640533662
680	0.00131986144801
683	0.000666452050985
682	0.000532117507429
131	0.000524787464471
136	0.00326597045126
135	0.00525800634997
134	0.00200045633641
139	0.000582080209059
497	0.000537383821397
491	0.000626721427465
493	0.00129925153732
24	0.00324933544456
25	0.000639821735882
927	0.00531634401796
28	0.000569218000914
29	0.0012211042481
407	0.000657370372694
939	0.00129981995859
404	0.000635496638065
402	0.0
401	0.00465896881117
933	0.000693072543569
936	0.000657649577328
409	0.000627209536368
408	0.000649204116684
379	0.00133259585914
378	0.0
828	0.00105793112587
371	0.000644974143207
373	0.000648882665431
372	0.00254578247352
374	0.00134447848758
377	0.00515726213363
704	0.00259854712757
707	0.000663184601023
700	0.00332245373832
701	0.000656810806984
702	0.00208820164217
703	0.000652414759837
393	0.00196525581645
392	0.000664324095127
82	0.000664224614711
181	0.000648882665431
398	0.000657055022584
86	0.000669381554132
795	0.00194698958723
794	0.00333337554102
791	0.000671895063975
790	0.00437657787768
586	0.012210200381
587	0.00192317157663
584	0.000652568827199
582	0.000569218000914
581	0.00197500190256
589	0.00133071196816
245	0.00232408224009
246	0.00121318285038
241	0.00195321310404
243	0.0
249	0.00125163262412
248	0.000532838010213
924	0.00366440038676
510	0.00130696167956
512	0.000562371752297
514	0.0
1001	0.00263363600931
516	0.00167843864845
458	0.00192274037255
622	0.0
626	0.000562371752297
624	0.000577039930958
450	0.00389969404239
629	0.0143005173886
628	0.0019850368032
454	0.00534714774369
457	0.000656034144512
178	0.0144354769896
199	0.00209831685369
175	0.00228159938688
173	0.0015778174217
170	0.00131858574322
977	0.00324100256903
976	0.000627209536368
971	0.00261739317757
978	0.00324188701487
656	0.00519233549201
654	0.0011581419286
2	0.00447525364575
186	0.00403632255772
187	0.00133445647132
184	0.00198984301923
185	0.000657551289444
188	0.00194235068464
189	0.00187444011887
658	0.00129925153732
659	0.00131321592124
650	0.00157932944895
868	0.000680797936522
13	0.00265971563012
15	0.00131321714808
14	0.0105591349842
17	0.00130838684371
16	0.0011611429825
862	0.00126406579653
865	0.000650047420635
866	0.00246867595369
881	0.000524787464471
880	0.000624423087753
886	0.000676672195772
752	0.00066530336255
322	0.00130220317858
323	0.0
320	0.000625031142596
321	0.00128021098029
326	0.000641157429129
327	0.00108482360549
324	0.00197381232735
329	0.000653231012372
200	0.00588933933124
776	0.000672059105281
771	0.00134447848758
207	0.00519004045994
772	0.00539665097816
209	0.000644402239012
208	0.00126188566106
77	0.00365286940622
75	0.00134806349789
74	0.00613501959338
73	0.000646698821153
72	0.00197312909688
78	0.000627209536368
664	0.000672391079903
663	0.00260999414205
662	0.00332941341991
660	0.00133670805272
692	0.00326067250854
693	0.00125678144328
696	0.0
697	0.000659362036032
695	0.00133198981093
699	0.000734257299063
542	0.00195795461762
543	0.00261739317757
540	0.0034239740241
541	0.00262037246534
546	0.0019709112857
547	0.00129726963581
549	0.000616607474959
994	0.00170303410332
997	0.000656810806984
996	0.00158206634544
991	0.00375873348298
990	0.00456635620317
125	0.0
126	0.00477618904953
127	0.00132210652592
415	0.00465121501532
416	0.00801512115257
410	0.000523200378086
413	0.000665519854565
920	0.00194676721306
921	0.00105762547468
418	0.0015827692515
925	0.000566104101508
499	0.00256990345185
319	0.00320138494283
318	0.00064209798017
313	0.00408089984659
311	0.00113532210242
310	0.000670716920631
317	0.00067389556789
316	0.0143870290126
832	0.0023343898951
837	0.0010569049719
838	0.00325309668374
369	0.000734257299063
364	0.00110205601113
362	0.00461365299768
360	0.00129925153732
361	0.000569218000914
952	0.00327185304832
381	0.00106440199889
383	0.00265418794216
388	0.00131621827946
780	0.0
782	0.00615311236594
783	0.00367962296404
788	0.0
789	0.000569218000914
151	0.000657551289444
573	0.00340558762664
572	0.00326871695543
576	0.000524787464471
575	0.00279247687821
60	0.000666447897336
61	0.0190404829243
62	0.0013164536647
152	0.000649093704359
66	0.0
67	0.00391501516753
68	0.000569218000914
253	0.000666269355252
250	0.00202548628152
251	0.000569218000914
256	0.00270747251998
254	0.000666447897336
731	0.00456580335877
732	0.000664442612905
736	0.000652414759837
506	0.00857261010926
738	0.00588605230952
505	0.00130682623224
502	0.00509601230795
500	0.00341127476452
630	0.00388779758985
631	0.00129925153732
633	0.000670010428884
469	0.00324718161902
638	0.00132781315793
464	0.00131889930254
466	0.000666697979897
168	0.0041203396922
169	0.000635496638065
164	0.000664664003103
165	0.00458804459915
166	0.0101848901726
167	0.00453633109118
160	0.0019563065599
966	0.00414544041582
963	0.000652572796831
969	0.000537383821397
935	0.00135603040402
934	0.000635496638065
908	0.00136124372548
879	0.000652191217963
872	0.000569218000914
873	0.0011292604191
891	0.00194562863388
898	0.000626427815412
646	0.00131191589714
649	0.000653162889084
356	0.00475607443193
809	0.000569218000914
353	0.00129734023219
802	0.00132350291992
216	0.00128046565591
214	0.00267216954395
769	0.0
762	0.00203130025069
955	0.00397732033922
761	0.00114139493943
767	0.00125678144328
764	0.000569218000914
765	0.00270901372031
956	0.00511737285514
4	0.00128957188004
281	0.00131636984041
280	0.0240205013078
284	0.000652568827199
678	0.0
674	0.00265307225877
676	0.0
670	0.000532838010213
672	0.00064209798017
260	0.00068589241554
267	0.00601192770309
266	0.000734257299063
264	0.000577039930958
268	0.00133097292379
56	0.00185957954673
50	0.0
53	0.00383602040458
52	0.00136974187402
537	0.00318363709961
535	0.0
534	0.00196874985804
532	0.00250849130509
531	0.00113474223935
530	0.00323557324345
538	0.00127313714361
988	0.00193785470321
774	0.000667807278118
980	0.00197578541379
987	0.0154242462887
984	0.00272793644688
117	0.000663184601023
111	0.00134785804408
112	0.00334500644226
119	0.000624771656118
118	0.00126357768763
773	0.000566104101508
429	0.0013359354636
428	0.00523515697695
421	0.0025951541694
423	0.00168787638728
422	0.00194664480279
424	0.00324797056371
427	0.000566104101508
912	0.00409677747327
308	0.000524440870754
301	0.000649204116684
302	0.00261619852974
304	0.0
305	0.00133321309068
306	0.00400487424758
846	0.00195182433415
844	0.00256967024125
843	0.00131414937045
840	0.000569218000914
849	0.00279030538724
568	0.00266176819007
569	0.00255571654826
754	0.00188602532728
561	0.00261155909225
758	0.00258782094307
565	0.00322624325192
566	0.00134227374786
739	0.0013116416763
229	0.000668813682228
228	0.00186013890204
227	0.0
223	0.001296019774
220	0.001301213046
724	0.00196730665743
723	0.00194048556212
720	0.00397122921495
729	0.0
605	0.00125678144328
150	0.00133437682185
607	0.00400697591091
606	0.000595541124525
157	0.000680643483512
602	0.00132095043837
159	0.0186828182927
609	0.00201193264909
83	0.00067389556789
634	0.0
48	0.00385557043425
951	0.00387512495533
950	0.0
953	0.00195759096039
45	0.0
42	0.0
954	0.000649204116684
40	0.00998544339898
41	0.00194146254696
5	0.00125234638356
488	0.000666447897336
485	0.00131858829569
482	0.00179059769031
481	0.000645083980039
472	0.00340875659295
470	0.000627209536368
471	0.00262697844134
