344	0.00202047361168
0	0.000405250644776
346	0.000400169548729
347	0.000406770250807
340	0.000405920174394
343	0.00160006471195
810	0.00121175448547
811	0.000799216728875
812	0.00125126772898
813	0.00246965647285
814	0.000413119054063
349	0.00161688385293
817	0.000797269793285
718	0.00977170390343
716	0.00327593183704
715	0.00122783894755
713	0.000404365114841
712	0.00243377392875
711	0.000403229452127
710	0.00122157176339
915	0.0125496980698
299	0.000803880130922
294	0.0049522450224
292	0.000405920174394
293	0.00202345341325
290	0.000826507407618
591	0.00242957085787
590	0.00122047258283
595	0.00532657274857
198	0.000404897698818
597	0.000403380785744
195	0.000409926779716
598	0.000413670188304
196	0.000812029981026
191	0.0012133350442
190	0.00283362931775
193	0.00282439286838
192	0.000404000635838
272	0.00284256973548
273	0.000400891383497
274	0.00121207787283
275	0.00161525236982
277	0.000406739514336
278	0.00162204409498
738	0.00283612266383
526	0.00161711286772
527	0.000818637984389
521	0.00124057174877
522	0.000403800427506
528	0.000403912449257
443	0.00202799439609
109	0.0004128196543
102	0.000401684625652
101	0.000404347083845
106	0.000798153220355
107	0.0145511712201
104	0.00206663329804
105	0.000406289985851
902	0.00121162242726
900	0.00121762484058
38	0.00201727885753
906	0.000401684625652
907	0.000807014249797
904	0.000807690391197
905	0.000405044819349
32	0.00367261872499
31	0.00161708331929
30	0.0020666623155
35	0.000797269793285
641	0.00119517790196
640	0.000405920174394
643	0.0020229061534
644	0.00121346255084
647	0.00121320184126
439	0.00207054990326
649	0.000802375401858
648	0.00329829053444
435	0.00451944553527
433	0.00159477183747
338	0.00240180729799
335	0.0024258973305
334	0.00203033491097
337	0.00120270940443
336	0.000406742040918
333	0.00283886327427
332	0.00167466523325
744	0.00124218374882
745	0.000405044280172
854	0.000410134052154
855	0.0012016208066
857	0.00282982138503
850	0.00162863121876
851	0.00120376010088
6	0.00121662506059
99	0.00040686972823
98	0.00364065203502
90	0.00898782500592
92	0.00121297270166
95	0.00120152335537
740	0.00161233554207
742	0.00325152697184
743	0.0004128196543
559	0.000801469053935
558	0.00136640926809
746	0.00289663084007
748	0.000408257489843
749	0.00243233853976
557	0.000407508496996
556	0.000413498115275
551	0.000802460958296
550	0.000404930641843
553	0.00121406693014
552	0.000399313072149
239	0.00161454829009
235	0.00121722497791
236	0.00121052841416
231	0.00279852892902
232	0.00248322443872
233	0.00202529416027
155	0.000405942165273
147	0.00447408191884
142	0.00121281239828
143	0.000403108258362
141	0.00119666220136
610	0.000403773934372
611	0.000403879907655
617	0.00202439422482
614	0.00160134193125
149	0.00445843297672
1004	0.00202217047399
948	0.00740708491545
949	0.00248448793997
946	0.00413207549289
947	0.000405720114596
942	0.000400129527347
943	0.000402979300269
940	0.00122038278593
517	0.00614868826496
685	0.00121382794784
684	0.00643580216558
687	0.00324234265999
686	0.000405180487836
680	0.00073537603624
682	0.00081039546537
133	0.00288653438296
132	0.000400661864481
137	0.000407060584144
136	0.00202217275089
135	0.000806049701741
134	0.000404365114841
139	0.00160328191253
138	0.00121231226351
491	0.00040512758373
24	0.00282936357926
25	0.00176760023235
21	0.000824039363695
28	0.000399024733332
29	0.00121163213906
407	0.000807014249797
939	0.00160750783683
404	0.000409926779716
402	0.000801026232916
401	0.00202503499002
931	0.000405920174394
936	0.000400661864481
409	0.000405250644776
934	0.000409926779716
379	0.000405720114596
373	0.000807017657866
374	0.000812658313461
377	0.00121683519099
376	0.000805345729907
704	0.000430251830647
706	0.00120592263816
707	0.000806377740034
700	0.00207981375366
702	0.000403879907655
703	0.00161879183173
393	0.000808091723531
392	0.000410762088118
391	0.00201654572943
390	0.000405942165273
397	0.000810551884873
181	0.00161798503318
399	0.000399594692039
84	0.000401684625652
796	0.000797212066822
795	0.00119511713669
791	0.000408148213966
790	0.00542821117507
799	0.00080769191382
586	0.00778958887521
587	0.000798443228085
584	0.00037337148598
582	0.00119326593796
580	0.000810551884873
581	0.00160207874281
245	0.00519809470119
247	0.000401684625652
246	0.00161802932864
241	0.000397956721136
249	0.00202624239819
248	0.00243451224867
924	0.00121296125264
970	0.000405920174394
518	0.00202707628494
511	0.000403800427506
510	0.000401684625652
513	0.000400661864481
512	0.000399313072149
1003	0.00040654999947
514	0.000787836647695
1001	0.00202176309325
1000	0.00318284599175
458	0.00265787196
622	0.00241078053652
951	0.00401238181526
624	0.00240745684451
450	0.00202706959875
451	0.000397956721136
629	0.00243025030106
628	0.00040686972823
454	0.00243936443635
178	0.0105787605373
199	0.00161888368033
175	0.000404000635838
173	0.000813176730109
171	0.000813522096835
170	0.00120109835515
977	0.00243113773707
976	0.000812120373006
975	0.000405180487836
974	0.00247427546853
971	0.00121281239828
657	0.000812789902624
978	0.00959408967099
656	0.000810278250461
599	0.000405250644776
654	0.00202313605957
2	0.00207947420229
652	0.000404000635838
187	0.00243793256488
184	0.00322774294783
185	0.000809323417533
188	0.00239896619295
189	0.00324812271378
658	0.000809048807151
650	0.000401854477954
764	0.00119693726291
868	0.000833255741508
13	0.000813103326502
15	0.00110758463535
14	0.00242450989228
17	0.000808925543696
16	0.000807849840938
863	0.000411444903381
862	0.000812120373006
865	0.000812406195813
866	0.00203848530496
883	0.00403984870017
881	0.00081159541355
880	0.000413670188304
885	0.00371046946517
752	0.00121509988319
888	0.000808028029073
929	0.00040686972823
322	0.00200347575142
323	0.00240587551852
320	0.0024211687412
321	0.00167496942687
327	0.000809209492625
324	0.000810487797265
329	0.00159796891075
759	0.000413119054063
688	0.000808146755742
201	0.000807277253997
200	0.00323256474565
758	0.00177868590612
205	0.000405920174394
207	0.0015954854514
206	0.000804057945139
208	0.00121052841416
779	0.00161560389233
77	0.000413498115275
75	0.00487415536501
74	0.00412428004373
72	0.00121744068329
71	0.000409926779716
70	0.00524169058687
78	0.00081130860375
669	0.00081110066223
668	0.00123922000964
664	0.000816522245203
663	0.00159750892492
662	0.00284243379748
692	0.00080995274575
693	0.00121683185326
696	0.00163218533835
697	0.00321469998732
698	0.000399024733332
699	0.000413498115275
542	0.00203534636597
543	0.00121340083467
540	0.00478810638362
541	0.000404513463664
546	0.000405044280172
547	0.00239927577259
544	0.000813428671389
8	0.000405920174394
995	0.000405274872779
994	0.00238908495766
997	0.000407508496996
996	0.00080907540388
991	0.000404475290977
990	0.000808925543696
120	0.00810013812666
122	0.0024323533166
125	0.00161048419949
126	0.00247360228961
127	0.00203544726724
414	0.000811195047173
415	0.00931754352798
416	0.00207130207635
410	0.00120642984046
411	0.000403276618158
920	0.00201366346057
923	0.00446304385148
418	0.000809436628296
925	0.000802417687337
926	0.00122451511313
499	0.00169364710005
319	0.00223268205269
318	0.00128614970766
313	0.002891015593
311	0.000399024733332
310	0.00160931576242
316	0.0117272689599
832	0.00161052122595
833	0.000797882870272
837	0.000405044280172
834	0.000405920174394
835	0.000404952066471
838	0.000404089394828
369	0.00360908595352
367	0.0142617571373
364	0.000397193220027
365	0.000407748531426
362	0.00329775636406
360	0.000807813745667
361	0.000399024733332
381	0.00121182634183
383	0.00202368196739
384	0.000418227472836
386	0.000892453110112
387	0.000412613831541
388	0.00162180665422
784	0.00365393207879
787	0.000405920174394
780	0.000393137128515
782	0.00250062715913
783	0.00202271653381
788	0.00160482508978
789	0.00240245448029
151	0.0024427705931
573	0.00287786474013
572	0.000404347083845
570	0.000407060584144
577	0.000406742040918
575	0.000417173759906
60	0.000811997247867
61	0.00407301290747
62	0.00244274897534
64	0.000401684625652
65	0.00162462863543
66	0.0012496254594
67	0.000810690451823
68	0.000399024733332
253	0.000813682281678
250	0.000831223456776
251	0.000802482967607
256	0.000825938708363
731	0.00187332374642
730	0.00370987835115
509	0.000399915171496
506	0.00485610350044
507	0.000403108258362
505	0.000400533112188
502	0.00446730919558
503	0.00091378819329
500	0.000818304102614
630	0.00120926938843
631	0.000403773934372
633	0.00160899086182
469	0.00677410592193
468	0.000404000635838
465	0.000418792670263
464	0.000809616209338
927	0.000407508496996
460	0.000801599797148
168	0.0049655123799
169	0.000817258905661
164	0.000800229649791
165	0.00242707055599
166	0.00288303031546
167	0.00119671614274
160	0.000806650977601
161	0.00040568512041
163	0.000811766565101
966	0.00124944129928
962	0.000804571635593
963	0.000812748523906
969	0.00162501747175
935	0.00165100783774
909	0.00040715491465
878	0.00040686972823
879	0.000804535020986
874	0.00239385981647
872	0.000399024733332
873	0.00280094647708
870	0.0004061347746
890	0.00238920804653
891	0.00324283136004
893	0.000401684625652
895	0.00161015287212
898	0.000809920810232
899	0.000807486019161
646	0.00122048322101
356	0.00453125629048
809	0.000399024733332
808	0.00121116366966
353	0.00121983254854
351	0.00161580503018
803	0.000826612168094
802	0.00122509984263
800	0.000407161698474
807	0.00081265968873
806	0.000808114456146
804	0.000405738244667
216	0.00181649545188
214	0.00610124248955
952	0.00202037132992
762	0.00123058316734
763	0.000405920174394
767	0.000810704886192
218	0.000411837226751
765	0.00411783838279
957	0.000797269793285
956	0.000897432203364
289	0.000807699341066
288	0.000403101471198
281	0.00162059197256
280	0.00646321634243
283	0.000405920174394
284	0.00110758463535
679	0.000430251830647
674	0.000410134052154
676	0.00202804523795
670	0.00444765478948
671	0.00081110066223
267	0.00369436404301
266	0.00124275468231
264	0.000802702310718
268	0.000404365114841
56	0.000796669700524
50	0.00040036590736
53	0.00366159859527
52	0.00373036404735
537	0.00121051361164
536	0.0
535	0.000809520268524
534	0.0160793617261
532	0.0016156068438
531	0.000399024733332
530	0.00324848103144
538	0.000405250644776
988	0.000798759421599
983	0.000406739514336
980	0.00161935918386
987	0.0123838679862
984	0.00371241338756
985	0.000404000635838
115	0.0
114	0.000813077453403
117	0.000404365114841
776	0.00162392929986
111	0.000418227472836
113	0.0012193601924
112	0.00041283878917
771	0.00122271117965
119	0.000836084611133
118	0.0012118098079
772	0.0316656160007
429	0.000404888572381
428	0.00444389880455
919	0.00120844872359
918	0.00128947433275
421	0.00120039933469
423	0.00202311216031
422	0.00110874752222
425	0.00413240108676
424	0.00159349361874
427	0.000397628548318
912	0.00867390630415
309	0.00120791473792
300	0.000405942165273
301	0.000797269793285
302	0.000808925543696
306	0.00325644398466
846	0.000403773934372
844	0.00217496372989
843	0.00242165655068
841	0.000814310611365
840	0.00239304284233
955	0.00199082478986
849	0.00120413153324
823	0.00160177928259
822	0.000401684625652
568	0.00324637099154
569	0.00121747062203
751	0.00122894211085
750	0.000807137613086
754	0.00202139074559
561	0.000808704576215
562	0.000401684625652
736	0.000797946810452
565	0.00247512228569
739	0.000806650977601
229	0.00201672808145
228	0.00162282962578
225	0.000807014249797
224	0.0012127259712
223	0.000405000679279
220	0.00365457306563
88	0.000794128245612
724	0.00283789566883
722	0.000407098085376
723	0.00135645311617
720	0.00205597776759
721	0.00371166003272
605	0.00891805776019
150	0.00161348862798
153	0.000405070290117
152	0.000403317382357
601	0.000804663925921
154	0.000401684625652
157	0.00244652864554
602	0.00288441324056
159	0.000406011640446
83	0.0012105678136
634	0.00160222896999
48	0.00450171021026
46	0.000802710699603
950	0.00118852459301
953	0.00121758881014
45	0.00083245169949
42	0.00120314390658
954	0.000797269793285
40	0.00406342037467
41	0.00181602563766
638	0.00160128677345
5	0.00121339740052
489	0.000401684625652
484	0.000801479506552
483	0.000405188323595
482	0.000399024733332
480	0.000399024733332
472	0.002891640974
470	0.00283396651004
471	0.000802292790297
477	0.000401684625652
474	0.000401684625652
478	0.000410762088118
