344	0.0011476203047
0	0.00170292976107
346	0.00177584874688
347	0.00844409894609
343	0.0028705235741
810	0.00159059959097
812	0.0012017258194
813	0.00116472858276
814	0.000596468360867
349	0.00108627346844
817	0.000598110309079
719	0.000553215441954
718	0.00915797798337
716	0.000572231390787
715	0.00167913864232
712	0.00175337010527
710	0.00226837690466
915	0.000586283305828
913	0.00123103923447
294	0.00358202440703
295	0.000564164275954
293	0.00109828191753
290	0.00058308932833
591	0.00402629200744
590	0.000562291886588
592	0.00176137316406
595	0.00349670395422
594	0.000580259735604
599	0.00225629179938
197	0.000594618966088
191	0.00232531107878
190	0.00463437920152
193	0.0029070278642
192	0.00158190760843
272	0.00058509111887
273	0.000581341488067
274	0.000579325614373
275	0.00103505300996
277	0.00169617635852
278	0.00058308932833
526	0.0
527	0.000583031953445
528	0.0
443	0.00235708538167
441	0.000587696885574
447	0.00238217322832
445	0.00114954365475
109	0.000599343293866
103	0.00163586132324
101	0.00157222866493
107	0.0166285836334
104	0.00358296193169
105	0.000582271509456
902	0.00115413784057
900	0.00116860903219
38	0.00236631733635
907	0.0
32	0.0028391391237
31	0.00171102997341
30	0.00118879734698
644	0.00223832681508
439	0.00119987917322
648	0.00834692483365
435	0.00296629703912
433	0.000534867288298
339	0.000564164275954
338	0.00116464228847
335	0.00325989073855
334	0.0058472715125
337	0.00116657233959
336	0.000558800956367
333	0.00224418838853
332	0.0017830019144
854	0.0017772523361
855	0.00292499372791
857	0.00120557598043
850	0.00104296340086
851	0.00116303518019
345	0.0
858	0.00116046515044
6	0.00170114202011
99	0.00112770719795
98	0.00116213831345
90	0.00812539115745
92	0.000569839882184
740	0.000576245225349
742	0.00527427734843
743	0.00414021956551
559	0.00101306861971
558	0.0011235363593
746	0.00698247475254
748	0.00112109284295
556	0.00119987917322
550	0.00175097296938
553	0.000534797547852
552	0.000581341488067
239	0.000583669032743
236	0.00165718763578
231	0.00465321319012
232	0.00298984286203
233	0.00116398073767
147	0.000562291886588
618	0.00168119389571
142	0.0
143	0.0
141	0.00115984120269
617	0.00118454520187
614	0.00231794021408
149	0.0
948	0.0100515646027
949	0.00119987917322
946	0.00237447553928
947	0.0
942	0.000586014449026
943	0.00058822622326
940	0.00116799466296
688	0.000534797547852
685	0.00221291127094
684	0.00168708263983
687	0.00289242382681
1000	0.000599308298697
680	0.00231757471507
682	0.0
819	0.00058185072992
133	0.00358506080744
499	0.00506410351523
135	0.00761445764081
134	0.000596532351675
138	0.000584724872359
491	0.00106138958816
493	0.00172750727076
24	0.00175244210668
25	0.00111431753958
29	0.00106629306705
406	0.000576392769417
405	0.000586014449026
404	0.0
401	0.0028964330008
933	0.00112315213702
931	0.000562291886588
409	0.000564164275954
934	0.0
379	0.000552298575258
371	0.00175455169027
373	0.0022953031811
372	0.0
976	0.00218878059211
377	0.00173427589937
822	0.000590517727645
704	0.00290030538882
706	0.0023338716694
707	0.00407804079466
700	0.00285826378631
144	0.00058404627118
393	0.000534797547852
392	0.00180266342486
391	0.00287420793865
82	0.00117260517836
399	0.000574153484191
86	0.000592950633403
84	0.000571129404986
796	0.000573795786298
795	0.0017032447618
791	0.000552298575258
790	0.00597021239515
798	0.000583900157796
170	0.00117117840754
607	0.0104436010688
586	0.0142485313511
584	0.00115159299289
582	0.00058185072992
581	0.00117117840754
245	0.00407900611028
246	0.00210937342212
249	0.00112409939875
248	0.000580595520692
924	0.00102495866311
511	0.000575149208503
510	0.00162003263817
513	0.00121445073597
1004	0.00105041208923
515	0.00058308932833
1001	0.00218841867486
516	0.00227677182255
458	0.00223808006285
622	0.0030793693637
951	0.00813541129819
624	0.00174415547882
450	0.00175427231473
629	0.00694723964804
628	0.00117260517836
454	0.00696224185099
456	0.000585146725631
457	0.000542769405847
178	0.014681224939
175	0.00366997551071
173	0.00113657204457
171	0.00112315213702
198	0.000580259735604
977	0.00362561585695
517	0.0123016787928
972	0.000562291886588
971	0.000584040812587
978	0.00172411505236
656	0.000579325614373
657	0.00114572643248
180	0.0
181	0.000579325614373
652	0.000534797547852
650	0.0
185	0.00116629167881
188	0.0017309324268
189	0.00230633717546
658	0.00114872994351
659	0.00116727065407
184	0.00113818223641
11	0.000581975283496
868	0.00418020184871
13	0.0011502048359
15	0.00345930429723
862	0.00331957714769
865	0.00058308932833
867	0.0
883	0.000604209148373
881	0.00158405085216
887	0.000584724872359
885	0.00238804182612
929	0.00168189825775
322	0.00288036410164
323	0.000511178397841
320	0.000534797547852
321	0.00112052166714
326	0.000594618966088
327	0.00104141264372
324	0.00176534424448
329	0.00349064926802
201	0.00107679707322
200	0.00116312491571
776	0.00116816567439
771	0.000558332974953
204	0.00059250233814
207	0.004534972157
772	0.0087529924151
208	0.00108624746774
779	0.000534867288298
75	0.00234515810018
74	0.00477697430562
73	0.0033660059436
70	0.00231562618894
78	0.00114550576402
2	0.00179134672811
686	0.001729019077
668	0.00115570266368
664	0.000534797547852
663	0.00111832280067
662	0.000552298575258
692	0.00814167420772
693	0.00169603750406
696	0.00116355434637
697	0.00175288793747
695	0.00058509111887
542	0.00237567579671
543	0.00174633343713
540	0.00641214261224
541	0.00110846126928
546	0.000583154670577
544	0.00116746157785
8	0.000580595520692
994	0.00116469214101
997	0.000580595520692
996	0.0020367247856
991	0.000564164275954
990	0.00227061101628
120	0.00524971306466
122	0.0
125	0.000511178397841
126	0.0077297932504
127	0.00115263106658
129	0.000558899736622
414	0.0017399405766
415	0.00406166735113
416	0.0101184150123
410	0.00482834826616
920	0.0011624149427
921	0.00172236032405
923	0.00403821291844
418	0.0015269946727
925	0.00116936688006
926	0.00391735205449
319	0.000557313752135
318	0.00227630954548
313	0.0017938755135
311	0.000584992213238
310	0.00409929865086
316	0.00289513058243
314	0.0017045707919
832	0.00236815940212
833	0.00232889597335
497	0.000534867288298
836	0.000504878643299
837	0.000519244483524
838	0.00179601978521
369	0.0018286252488
365	0.00108813588172
362	0.00279495470431
360	0.0
381	0.00266628475684
383	0.00408959961846
388	0.00175264082336
780	0.000590517727645
782	0.00477248130642
783	0.00172576647104
788	0.000511178397841
573	0.00119285393849
572	0.0
570	0.000592950633403
577	0.00112109284295
576	0.000572418109952
575	0.000599296414608
61	0.00348841155296
62	0.00300905550272
66	0.0
67	0.00401273460559
68	0.000588076841006
250	0.00176893211381
251	0.00106223107889
256	0.00119576038289
731	0.00345225963605
730	0.00299088470928
732	0.000567276422642
735	0.000594618966088
737	0.00105702968385
736	0.00117194830455
506	0.00334307309126
738	0.00345950196
502	0.00800852383084
503	0.00114454314645
500	0.00297750064543
501	0.000583460660991
630	0.0045901836334
633	0.00348810339539
469	0.00403796087133
468	0.000534797547852
465	0.000602190358366
464	0.000534797547852
462	0.00174514842157
168	0.00779154885077
169	0.00115101428393
164	0.00166026174861
165	0.0028746675088
166	0.00473998711179
167	0.000576751874359
160	0.0
966	0.000600582758613
963	0.00115600803779
935	0.00232933395328
908	0.000598269850525
909	0.00166324889876
879	0.00112892404002
874	0.00349447760542
873	0.00116408672467
870	0.00116981992829
890	0.00171097854676
891	0.00348467883395
896	0.000576586045396
898	0.00108704053693
899	0.00107679707322
646	0.000599308298697
356	0.0160786901712
355	0.000562291886588
808	0.000534797547852
353	0.00173488250191
803	0.00117340369019
800	0.000603157811934
807	0.000581341488067
804	0.00107608569282
216	0.00111599433858
214	0.0209809755922
769	0.000586579772048
762	0.000594618966088
955	0.00292458751744
761	0.000550037849971
767	0.00168809889671
764	0.00291124019295
765	0.00828961438446
956	0.00222955712183
289	0.00106312812127
288	0.00517619716
4	0.0011737113346
281	0.00052884877868
280	0.00575312686451
285	0.000562291886588
284	0.00172848267799
679	0.000562021544867
674	0.00118456454026
676	0.000511178397841
670	0.0016205306015
672	0.00111584975888
260	0.000600582758613
267	0.00769199194966
266	0.00119742983171
264	0.00058185072992
269	0.000582803397273
58	0.000553534905055
56	0.00293834764571
50	0.000504251964839
53	0.000580259735604
52	0.00717676795036
537	0.000534797547852
535	0.000583669032743
534	0.00399830112575
532	0.00330646115433
531	0.00058308932833
530	0.00116207796039
538	0.00171663471478
775	0.00116383115689
988	0.000566222607161
774	0.0
980	0.00110702893864
987	0.00117306905424
984	0.00119285393849
985	0.000534797547852
114	0.000515217789221
111	0.000594618966088
113	0.000597268840894
112	0.00478515529699
118	0.00219144139721
773	0.000574937903686
429	0.00115958230687
428	0.0
918	0.00112168337455
421	0.0022996545396
420	0.000552678814673
423	0.00368565964402
422	0.00288505479165
425	0.00477763827711
424	0.00337877449688
427	0.000584992213238
912	0.0101682663956
304	0.00117498429704
952	0.00233481038313
306	0.00233140588702
846	0.00229521979115
844	0.00392310788418
843	0.0
840	0.00116541026179
849	0.00104680272432
823	0.000617579825275
569	0.00114725360428
751	0.00177084784609
561	0.00286288100013
758	0.00111610110248
565	0.0027963609367
566	0.00117188232027
739	0.000583805479263
229	0.00115778817397
228	0.00112904217377
227	0.0
224	0.000541744442835
220	0.00233550701441
724	0.00108375891556
723	0.00168930041136
720	0.00407900562928
721	0.00297670732578
605	0.00276139457616
153	0.00203046486952
152	0.0017693377038
601	0.00053888619186
600	0.000556439272797
157	0.00229717968847
602	0.00356129238967
159	0.00233796280017
609	0.00117620442417
634	0.00177584874688
958	0.0
48	0.00390767229086
46	0.00117510951769
950	0.00235896377547
45	0.0
42	0.00116751415187
954	0.000566222607161
40	0.00233887725269
41	0.00169463872221
638	0.00471500874282
5	0.00214434954857
488	0.000580259735604
485	0.000603157811934
484	0.00115659907946
482	0.000529277670329
481	0.000558500122276
472	0.0029901779579
470	0.000564164275954
478	0.00117878564397
479	0.0
