344	0.00221838512911
0	0.0022110641491
347	0.00184730839023
343	0.00103431328192
817	0.00101999245807
719	0.00110232061603
718	0.013272275515
716	0.00108767616242
713	0.00132775241614
712	0.00236625537809
710	0.00164696793686
915	0.00307567087283
910	0.00122789933933
299	0.00178517227069
294	0.00203497659833
295	0.000555191189104
292	0.000622734233617
293	0.00110140001171
290	0.00317761109142
291	0.0031653278317
591	0.00111993969162
592	0.0047555362862
595	0.00220708881635
198	0.0011822695217
596	0.00175681750758
599	0.00165338683769
197	0.00114304093608
196	0.000619606443599
191	0.00124547714621
193	0.00433641546744
192	0.00107117573074
270	0.00110232061603
272	0.00399880146851
275	0.00159688978891
278	0.00253481431869
524	0.00100074861239
526	0.00194889132377
522	0.000540704863418
528	0.00248875946237
443	0.00244242359778
441	0.0012442491622
440	0.00159596206827
447	0.00176536059703
444	0.00190629947957
102	0.000503638620244
103	0.000523643426586
101	0.002147513564
106	0.001444036405
107	0.00176102527388
104	0.000980225922803
105	0.00112719625039
900	0.00114619396589
901	0.00129131089228
904	0.00109863424232
32	0.0118945680633
31	0.000561967013944
30	0.00566144913922
35	0.000513308346383
641	0.000578944723831
643	0.0010997579301
644	0.00165494833946
646	0.00240699279826
437	0.00110232061603
434	0.0
435	0.000603371110508
432	0.00114304093608
433	0.00289946182745
431	0.000501435092909
338	0.0017459087717
335	0.00208969865107
334	0.00201965111135
337	0.00140269035702
333	0.00713149523035
332	0.001198791941
745	0.00110232061603
854	0.000922789906263
855	0.00121480102942
857	0.000594218825855
850	0.0143544298397
851	0.00156409278146
6	0.00220643976984
98	0.00317235470505
90	0.00405052367415
92	0.000512224275006
95	0.000578944723831
740	0.000448751367493
742	0.00371938765428
743	0.00196306575907
558	0.0
746	0.000577396927548
747	0.000552995113959
749	0.00234150261403
557	0.00100017517658
551	0.000922789906263
550	0.0015826319441
553	0.00114283154852
552	0.000513308346383
239	0.00115946047328
236	0.000564096212245
230	0.000777793258141
231	0.00885562930317
232	0.00100017517658
233	0.00119772966715
1	0.0
147	0.00463245848081
618	0.0
143	0.000636837386593
141	0.00407667709849
617	0.000623486165977
614	0.00163395530754
149	0.0005287180533
1004	0.00107186438497
947	0.0011621910909
945	0.000552995113959
942	0.000622734233617
940	0.00125571665901
517	0.00183672957745
685	0.0021801601754
684	0.0
687	0.00460237779057
680	0.00317603136784
682	0.0011056228374
459	0.000611632303411
133	0.00207362416932
132	0.000534287953862
131	0.00110232061603
136	0.000575206107553
135	0.00872075954632
134	0.00194605927742
495	0.00114564821492
139	0.00659525851822
497	0.000540885468555
491	0.000552627723436
493	0.00109474334126
24	0.00171762862278
25	0.0
927	0.0146031732907
28	0.00116785699843
29	0.000552627723436
406	0.000636837386593
939	0.00100074861239
404	0.00109205133809
402	0.0
401	0.00305504266162
629	0.00980335541086
409	0.00165338683769
934	0.000539423614656
379	0.00114619396589
828	0.00047656193595
371	0.00248863629011
373	0.000551803696224
372	0.00162792385727
377	0.00329047887508
822	0.000620332739599
704	0.0
706	0.000473522626168
707	0.00180877627718
700	0.00101068844059
702	0.00218923629333
703	0.00124165670945
82	0.00184761874112
83	0.000618922475833
86	0.000609807747632
796	0.00217368708202
795	0.00261461647958
791	0.000564096212245
790	0.00334761731131
607	0.00351829906957
586	0.00659702006233
587	0.00122439252218
582	0.00231369177128
581	0.00207378361224
588	0.000578944723831
245	0.00233733700528
246	0.00213861180152
187	0.00117127960545
249	0.00389047182743
248	0.00183504145138
924	0.00220312368864
511	0.000578944723831
510	0.00100074861239
513	0.00281712729727
512	0.000504246992513
515	0.00188689656908
1001	0.00421733241468
516	0.00234907321639
458	0.0
622	0.000497109992143
627	0.000575749648474
624	0.00116720805793
450	0.00586467302845
452	0.000620332739599
628	0.00124622039959
454	0.00822359039053
456	0.000623486165977
199	0.00165027693326
175	0.003206737523
174	0.00104618138431
173	0.000552995113959
171	0.00171331506278
170	0.000564096212245
977	0.0054397308763
976	0.000555191189104
971	0.0
979	0.00110232061603
978	0.0093033647895
657	0.000552995113959
654	0.00166132594665
2	0.000983381625126
653	0.000552995113959
650	0.00164099785598
185	0.000542109504456
188	0.00101070181483
189	0.00337657638615
658	0.000575206107553
659	0.000595270817097
764	0.00352790384315
10	0.000557583046078
13	0.00288644972697
15	0.00125328386768
14	0.00219527380397
17	0.000487045014005
16	0.00219976857599
19	0.00111250890411
862	0.00221770332296
865	0.000677006379583
866	0.00227237963729
883	0.000550221550457
881	0.00172028433539
880	0.00118115699683
886	0.000956296773732
885	0.00104503717795
752	0.0
322	0.00214934209228
323	0.00109784989959
321	0.0
326	0.000620332739599
327	0.00110232061603
324	0.00147427123855
329	0.000581855617359
688	0.000552627723436
775	0.000577396927548
200	0.0
777	0.0011143177627
202	0.000575206107553
771	0.00123883963057
770	0.000922789906263
207	0.00464318362643
206	0.00104618138431
77	0.00411570674447
75	0.00380626040446
73	0.0
78	0.00165095948915
669	0.000564096212245
664	0.000518548007305
663	0.00201494502543
662	0.00289573053665
660	0.000617750728135
769	0.000619606443599
692	0.00405309677406
693	0.00110077975704
690	0.000552627723436
696	0.0
697	0.00177816757213
698	0.00350857863754
542	0.00261378555112
543	0.00114602252208
540	0.00470224805963
541	0.00333718765643
546	0.00185560280691
547	0.000513308346383
544	0.000620332739599
994	0.000578944723831
996	0.00110232061603
991	0.000555191189104
993	0.000620332739599
868	0.00597906527546
120	0.00431063378015
122	0.000550221550457
125	0.00450893860668
126	0.00341114466064
127	0.00330776066332
414	0.000596040897071
415	0.00301003837193
416	0.00987305565903
410	0.000550221550457
920	0.00257113412834
921	0.00226035568782
923	0.00727550567296
418	0.00221393619597
925	0.00176107517969
499	0.0
319	0.0
313	0.0030575549784
311	0.00174870504008
316	0.00120886312692
833	0.00183442247916
830	0.000617922198603
836	0.0012092450142
837	0.00110232061603
368	0.000509857276877
369	0.000922789906263
364	0.00353223997291
365	0.0011143177627
362	0.00298136593257
360	0.00114614361217
361	0.000578944723831
380	0.00170689278723
381	0.0039211898613
388	0.000542542764071
782	0.000603371110508
783	0.00393012093248
788	0.00136276627228
789	0.00170763979154
151	0.000633564306793
573	0.00185637207079
572	0.00237714795142
577	0.00160535647078
576	0.00110232061603
575	0.00306954640003
61	0.00113508085806
62	0.00232508469137
64	0.000542542764071
65	0.00257576193489
66	0.0
67	0.00215930462874
68	0.00175190518687
253	0.0
250	0.00189047319801
251	0.000578944723831
256	0.0059153426987
731	0.00370806582435
732	0.000550221550457
508	0.000552995113959
506	0.0183257807722
738	0.020558622496
502	0.00273113512575
500	0.00241975116259
501	0.000620332739599
630	0.00109319633485
631	0.0017612534105
633	0.00126940367466
469	0.00203246699932
638	0.000956122655787
464	0.000518548007305
466	0.000577163006511
462	0.000610772964476
168	0.0157729787647
164	0.000534522673233
165	0.00225784725116
166	0.0074866987931
167	0.00204177102774
160	0.000575206107553
161	0.00115662658632
966	0.00193569698121
963	0.000536631090407
969	0.00109110701901
936	0.002459657938
935	0.000628230165612
909	0.00120221764195
879	0.00154042889977
872	0.000578944723831
873	0.00175091532618
870	0.00301121110861
890	0.00288757822119
891	0.00417701035935
894	0.000575206107553
898	0.000499790608687
648	0.00288860750187
356	0.0129742369947
809	0.000578944723831
353	0.000596040897071
216	0.0
214	0.00376913643566
215	0.0
762	0.00367563456002
955	0.00407851328595
761	0.00247277582565
218	0.000620332739599
765	0.00773333747491
957	0.000513308346383
956	0.0
4	0.00124469989557
280	0.00295616578636
678	0.0
679	0.0
674	0.000751602065305
670	0.000552627723436
672	0.0
260	0.00201487147045
267	0.00224004509636
264	0.00063240303995
268	0.00452678241726
58	0.00121544269235
56	0.00116021171427
53	0.00184069574421
52	0.00201146527333
537	0.000528450553059
535	0.00291210564274
534	0.00545143445529
532	0.00220391289004
531	0.000578944723831
530	0.00298232180252
539	0.000597470437828
538	0.00164389969087
988	0.000513308346383
774	0.000579253821967
980	0.000615263452616
987	0.0185853536849
984	0.000892911449714
114	0.000550221550457
117	0.000646911683689
776	0.00133367186463
111	0.00107344899274
113	0.00180255813338
773	0.000580848041652
772	0.019236959587
429	0.00250956625672
428	0.00238194469411
918	0.0
421	0.00266149020669
423	0.00380121180337
424	0.00207426536015
427	0.000580848041652
912	0.00699845515879
308	0.000550697015968
309	0.0
301	0.000513308346383
305	0.000635636208029
306	0.00123661355482
847	0.000512224275006
846	0.00114614361217
844	0.0
843	0.00111112466695
842	0.0010752027099
840	0.00233709558995
849	0.00217626400081
823	0.00187272106747
568	0.00357142368239
569	0.0122728069757
737	0.000540904018976
754	0.00166766520169
561	0.00171762862278
758	0.0
565	0.0
566	0.000633564306793
739	0.00118442895184
229	0.00124047426275
228	0.00219440890736
227	0.0
226	0.00117296046303
223	0.000619460113342
220	0.00681863226301
727	0.0
724	0.00268757927291
722	0.000922789906263
723	0.0
720	0.0081071606919
605	0.00604112344031
153	0.000540885468555
154	0.00100074861239
157	0.000832528303067
602	0.00316886797555
159	0.0108220147122
609	0.00373711030567
634	0.000448751367493
48	0.0
951	0.00291283078561
950	0.000499790608687
953	0.000512224275006
45	0.0
42	0.0
954	0.000513308346383
40	0.00235195085209
41	0.0
5	0.00176823128013
488	0.000589727072568
487	0.000503638620244
485	0.00187272106747
482	0.00233198521396
472	0.0100915284399
470	0.00221391854327
477	0.00100074861239
