344	0.00228714531655
0	0.00233354700225
346	0.002916574196
347	0.001148147528
343	0.0029045061162
810	0.0
812	0.000572779560265
813	0.00212893512008
349	0.00114881866711
817	0.00228034218778
718	0.00692094803005
716	0.000576641252369
713	0.00115824718786
712	0.00114890746596
710	0.000578325742527
915	0.00803385583582
910	0.000574552313813
299	0.00174751597805
294	0.00228698786894
295	0.000578325742527
292	0.000597633443428
293	0.00458766347056
290	0.00116813619613
591	0.00116122729409
590	0.001148147528
592	0.00345335169451
595	0.00172850086952
195	0.000575989233221
197	0.00115306476233
196	0.00115592324916
191	0.00115538974417
190	0.0063061651176
193	0.00459808798717
192	0.00166694739418
271	0.000727669458247
272	0.000567198736366
274	0.00285425264983
275	0.00117307042594
277	0.000574301128335
278	0.00174108833498
526	0.00228620694376
527	0.000719578286946
522	0.0
599	0.000578325742527
528	0.000572779560265
443	0.00395996752448
441	0.0
440	0.00113138469195
447	0.00172252028626
445	0.00228707537227
444	0.000441251509924
102	0.000573109678281
103	0.00234595970713
101	0.0017800484221
107	0.00282504542318
104	0.0017123949939
105	0.000621293117451
900	0.00114718596365
38	0.00290188597235
905	0.00057417083646
32	0.00403693689688
31	0.00172375165943
30	0.000574252681007
35	0.00171096885931
641	0.000582359620729
643	0.00113319325595
644	0.000571476907042
647	0.0017157847951
646	0.00187867002699
648	0.00516671713636
434	0.000573623245827
435	0.00172778994052
432	0.000582359620729
433	0.00116379902658
339	0.000578325742527
338	0.00116693746554
335	0.00167289757851
334	0.0123186405003
337	0.0
333	0.0011556656552
332	0.00288241975081
854	0.00171556783045
818	0.00061490540221
857	0.00286698986631
850	0.00114384238466
851	0.00456614320711
819	0.000582430710372
6	0.00173785547021
98	0.000575388044554
91	0.00172474109907
90	0.00802467490607
92	0.00057230341451
95	0.00115691193454
740	0.00115117545334
742	0.00287341129837
743	0.00337888232894
559	0.0
558	0.00345531139406
746	0.00346232369794
551	0.000428551573478
550	0.000545122751389
553	0.00111918703518
552	0.000568788899042
239	0.0028885704657
235	0.00116125964629
236	0.00175485147479
230	0.000574301128335
231	0.00465636666905
232	0.00459982040698
233	0.00116129889784
147	0.00804297148562
618	0.00115923815344
142	0.00458013449856
141	0.000568788899042
613	0.000572779560265
617	0.0017285383665
614	0.0022867931711
1004	0.00117957599714
948	0.0103406224598
946	0.0074709261451
947	0.0
943	0.000572075596407
940	0.000587607841342
514	0.00119309056564
688	0.0
685	0.00170801816335
684	0.00228845780366
687	0.00290172200574
686	0.000574301128335
680	0.000578295771044
682	0.000571635629268
133	0.000563781247591
132	0.00115496443651
136	0.00057230341451
135	0.000572539595264
134	0.00114892840521
139	0.00057753405743
491	0.00176029684102
493	0.00285885566979
24	0.005155365544
25	0.00114218318026
28	0.000582359620729
29	0.0011037082647
401	0.00229550816937
933	0.001148147528
931	0.000574301128335
409	0.000578325742527
379	0.00113087102076
373	0.00114434903681
976	0.0028834760665
377	0.0047639375737
822	0.000568697483119
704	0.00170477260904
705	0.000583572796703
706	0.00117256512883
700	0.00230202807817
702	0.00114384238466
393	0.00118283179865
392	0.000574252681007
391	0.00228404681027
181	0.00114443034751
399	0.000581038753221
398	0.000573867004348
86	0.00113215339936
795	0.00284692541265
791	0.00115312516551
790	0.00287703748781
798	0.00117046698465
7	0.0
586	0.0115316496292
587	0.000575533618535
584	0.0011542237959
585	0.00170797024687
582	0.00232935200349
581	0.000579458430165
245	0.00407233770908
246	0.00118882243506
241	0.00114114294495
243	0.000572779560265
249	0.00292904499228
248	0.00174669754828
924	0.000581439405848
511	0.00115887277302
510	0.0
513	0.000466687340911
512	0.00113858121075
1002	0.000579634965368
1001	0.00111204593935
516	0.00221591940582
458	0.000575780256728
622	0.0
624	0.00057284347415
450	0.00114852882848
629	0.0143018410225
628	0.0
454	0.00287043491243
456	0.0
457	0.000596627624586
178	0.00578719035319
199	0.00116313827193
175	0.00176378169207
173	0.00110309889977
171	0.001148147528
170	0.00115690136922
977	0.00949418278931
517	0.00973923338184
972	0.000574301128335
971	0.00057230341451
978	0.0113879248994
656	0.00285926528647
657	0.00115498194158
180	0.0
2	0.00289364913142
186	0.00286345582067
187	0.0
184	0.00114742830531
185	0.0
188	0.00457040167528
189	0.00406533720358
658	0.00114303291268
659	0.00114937355144
868	0.00114668549055
13	0.000545122751389
15	0.00172849532015
14	0.00166515212989
17	0.00057230341451
16	0.000573109678281
19	0.000577603051021
862	0.0034556858799
866	0.0023618546382
883	0.00229240909008
881	0.000571476907042
880	0.000575251652432
887	0.000649137883197
886	0.000428551573478
885	0.00172061407673
752	0.000564954662997
809	0.00116406924469
322	0.00173023462909
321	0.000572898731551
327	0.000576295900307
324	0.00173876027908
329	0.00232928568088
775	0.00115223799043
200	0.00231231495882
776	0.000587217292776
771	0.00230627492066
207	0.00742530856235
772	0.0114614616924
209	0.000572363489396
208	0.000594314283982
75	0.00288597875981
74	0.000576454849425
73	0.000571407080826
70	0.00347521602078
78	0.000578325742527
668	0.00286807665322
664	0.00111332433807
663	0.00119526688686
662	0.0022713535994
692	0.00463576848164
693	0.00173785547021
696	0.0011586109488
697	0.00231399559586
695	0.00113461384088
698	0.000582359620729
542	0.00205546205654
543	0.00057230341451
540	0.00582592606711
541	0.00118476547123
546	0.0
547	0.00855512639372
994	0.00639742810117
996	0.00121478969311
991	0.00115219274688
990	0.00171434180957
993	0.000572779560265
120	0.00912205828585
122	0.000572587436354
126	0.00172338958204
127	0.00174765773893
414	0.00172371522186
415	0.00287891910933
416	0.00345107382615
413	0.000577806769913
920	0.00401011721247
921	0.00230549666019
923	0.00977989119647
418	0.00309221139006
925	0.00174270305109
926	0.000574301128335
499	0.00229553708262
319	0.00289813325968
318	0.00229274618619
313	0.000574749683684
311	0.00116492789196
310	0.00234075311356
317	0.0
316	0.0125993172579
315	0.000578608501467
314	0.000578774572185
832	0.00233794948817
833	0.000719578286946
830	0.0
838	0.00114470215214
369	0.000466687340911
364	0.00119309056564
365	0.0
362	0.00124576550778
360	0.00171413669424
361	0.000582359620729
381	0.00221271674056
382	0.000545122751389
383	0.00386528050718
388	0.00288667265372
787	0.000587607841342
780	0.000594314283982
782	0.00575806761669
783	0.00114401559514
789	0.00116113419291
151	0.000575251652432
573	0.00115146493254
572	0.000573109678281
570	0.00057284347415
577	0.00116190896968
153	0.00245035060699
61	0.00289900082893
62	0.00177216941441
65	0.000587217292776
67	0.00513976134938
68	0.000582359620729
253	0.000573794259004
250	0.00172978270172
251	0.000582359620729
256	0.00286372566485
731	0.00578382225066
730	0.00172052201552
732	0.0
735	0.000585578170137
737	0.00114969749985
509	0.00116628096909
506	0.00223498128313
738	0.00437000144758
502	0.00864188690853
500	0.00172770793244
630	0.00399626874386
631	0.00114303291268
633	0.00173291578768
634	0.000583558139233
468	0.00113025167705
638	0.00174506781811
464	0.000554313591828
460	0.0
168	0.00401394113421
164	0.00114531491143
165	0.00286207011138
166	0.000562334350392
167	0.00398893118565
160	0.00344921460357
963	0.000570598042061
935	0.00489204126991
908	0.000574291027798
909	0.000649137883197
879	0.00114861225651
874	0.00349442350059
872	0.000582359620729
873	0.00232977465941
890	0.00412052706932
891	0.00343733367217
356	0.00572718195095
355	0.000574301128335
808	0.000550540824041
353	0.00114353473456
803	0.000574252681007
804	0.000552918689304
216	0.00115923815344
214	0.0105638367795
769	0.00061490540221
762	0.00114963624735
767	0.000578325742527
764	0.00232986827833
765	0.00459601372557
957	0.00113858121075
956	0.00171879185078
289	0.0
288	0.00399626679224
281	0.00172346883154
280	0.0171537042651
285	0.000574301128335
284	0.000578295771044
674	0.000574252681007
676	0.0
670	0.0
672	0.00114902027488
262	0.0
260	0.00172052162987
267	0.00801686567336
266	0.000575158729815
56	0.00173684880495
53	0.00462306141419
52	0.00229526087813
537	0.0016728389101
535	0.00177936307458
534	0.00348993501762
532	0.00109719621938
531	0.00174646288919
530	0.00688648637114
538	0.00173480124371
988	0.00113806496381
774	0.0
980	0.00111134501309
987	0.0174679838779
984	0.00115207349631
111	0.000708132537199
113	0.000571567891608
112	0.00229136217545
773	0.000582522494248
429	0.000573794259004
428	0.00458378357714
918	0.000574486038404
421	0.00284747043935
423	0.00354834880975
422	0.0011472786581
425	0.00401332260038
424	0.00284692541265
427	0.000582050562606
912	0.00286659871915
309	0.000580442099589
855	0.00289394496559
301	0.00227827458451
302	0.00114489085086
304	0.0
306	0.00172582392566
847	0.000570687761812
846	0.00285443359865
844	0.00229889945106
841	0.00114026440503
840	0.0017474207333
849	0.00525811608656
823	0.000439405921521
568	0.00169999328042
569	0.0121476963838
561	0.00285443359865
758	0.00057453423648
565	0.00114831985199
566	0.00113125212906
739	0.000708132537199
229	0.000578730822194
228	0.00115428364144
220	0.00115742702249
724	0.00172819816832
722	0.000953258876044
723	0.0
720	0.00496669414963
721	0.00284310347395
605	0.00231562911847
607	0.013310871382
157	0.000573623245827
602	0.00225828781471
159	0.00291243870625
609	0.00807453269599
469	0.00170946450218
958	0.0
48	0.00171537180696
951	0.00464336997132
950	0.00119309056564
953	0.00171434180957
952	0.00229005077588
955	0.00232802842951
954	0.000568788899042
40	0.00113869591803
41	0.0
5	0.000587218253436
484	0.0011420909726
482	0.00116461085124
480	0.000582359620729
472	0.00344072130858
470	0.000578325742527
474	0.000580442099589
478	0.00114479221681
479	0.000594314283982
