344	0.00228385892717
0	0.00169854178366
343	0.0033862976353
810	0.00170649505738
812	0.00222216957213
349	0.000572410623957
817	0.0108422798254
719	0.000566610255967
718	0.00677992774528
716	0.00453344024622
713	0.000564728849473
712	0.000572754008708
710	0.00169945152665
915	0.0108336298701
294	0.00166920803187
295	0.000565983877513
292	0.00112052097989
290	0.00224907115527
291	0.00225522784012
591	0.00226692851883
592	0.00112813040168
595	0.0
597	0.000565461714608
596	0.00114271370781
599	0.00283209394999
196	0.00109220066799
191	0.00223721361263
190	0.00300129241959
193	0.00225182521778
192	0.000568197802471
272	0.00171814765395
274	0.00117627984831
275	0.00169940111346
524	0.000567858474839
526	0.000569253683773
527	0.00166591951147
522	0.000562230538438
528	0.00167381936338
448	0.000560526658259
443	0.00283878619755
442	0.0
440	0.0017066189535
447	0.000558227225686
444	0.00113781035465
102	0.000567858474839
103	0.00226328473683
101	0.00226944420682
106	0.000565075808755
107	0.0170381481664
104	0.00277498341949
900	0.000571330265265
901	0.000571759605633
32	0.000565117724181
31	0.00228539156251
30	0.0016675656248
35	0.00114167784087
641	0.00112539577172
643	0.000570670479931
644	0.000565461714608
647	0.00171453810701
439	0.00110835898576
648	0.0022192438318
435	0.00167387448258
432	0.000562229900533
433	0.00112856509957
338	0.00168886944967
335	0.00341117655513
334	0.00955832852108
337	0.00224678379948
333	0.00340052196037
332	0.00386545093601
854	0.000571499381143
855	0.00223469991268
857	0.00228539156251
850	0.00225931131613
851	0.00510791285287
858	0.000567805273601
6	0.00283328641992
98	0.00564668130814
91	0.00111595417431
90	0.0181739092967
92	0.00171453810701
95	0.000562229900533
97	0.000561662850865
742	0.00507346293108
743	0.00331932983727
559	0.00227549842483
558	0.00473780403489
746	0.00168382868917
551	0.000571499381143
553	0.0016995300478
552	0.00171391687557
239	0.00113559007095
236	0.00227131594734
237	0.000566876586824
230	0.000562924654448
231	0.00450966989397
232	0.00387879235094
233	0.000560526658259
1	0.00168594423373
142	0.00114212748306
141	0.00284766561554
612	0.00282483458625
614	0.00170633070815
912	0.00332974923428
951	0.00169399361747
1004	0.00170302496455
949	0.00110929120795
947	0.00114868912552
942	0.00168182269817
943	0.00112427947966
688	0.00113764861733
685	0.001710741254
684	0.00526262589109
687	0.00224456820363
686	0.00111892111701
680	0.00102977116833
683	0.00112868605557
682	0.0011331776108
459	0.000559711732015
133	0.00166423035994
132	0.000564250401058
137	0.0011109945563
136	0.00400037406056
135	0.00952150901852
134	0.0033853179263
138	0.00055771556879
491	0.000569323304172
493	0.0011399241637
24	0.000569253683773
25	0.003666364359
28	0.0011232117419
29	0.00170209171629
407	0.00169304450121
406	0.000554995247457
405	0.000552892408111
404	0.0
402	0.00056891991882
401	0.00395060791753
936	0.00331976437364
409	0.000565983877513
408	0.000570563840908
379	0.000572754008708
371	0.00111657088838
373	0.000601628637762
374	0.000567063340198
377	0.00284050205757
708	0.000565117724181
704	0.00108545729136
707	0.000564728849473
700	0.0011082709035
703	0.000560223222472
393	0.00113764861733
82	0.00111657088838
83	0.000564792568452
86	0.00228039718209
795	0.00170496696075
794	0.00055277941645
790	0.00334076018841
798	0.000560526658259
7	0.000569142260256
586	0.00781810660246
587	0.00167558372769
582	0.00168650973386
581	0.00390801563699
588	0.000561071492474
245	0.00281275474221
246	0.00170460582068
243	0.000565117724181
249	0.00226770700202
248	0.00225596630191
519	0.000566222707113
511	0.0011299376018
510	0.00113415219063
513	0.00113952177376
512	0.00114167784087
514	0.00225820569053
1001	0.00283313339166
516	0.00226086125873
458	0.00369437937258
622	0.00170554818094
626	0.0
624	0.000560526658259
450	0.000573366287248
629	0.0102403693826
628	0.00111657088838
454	0.00450127209554
457	0.000568391174221
178	0.0152772958944
175	0.00396683947239
173	0.00113408725595
170	0.00111657088838
977	0.00397396412113
517	0.00279924519541
975	0.000565461714608
971	0.00227638172963
183	0.000569129633083
979	0.000565461714608
978	0.0125448600686
656	0.000601628637762
657	0.000568228683226
654	0.00113065116192
181	0.000601628637762
652	0.000568197802471
187	0.0017084885942
184	0.000566670900695
185	0.000554863817614
188	0.00171332495803
189	0.00849257789389
658	0.000569253683773
659	0.000567063340198
868	0.00166914158061
13	0.000565461714608
12	0.000556580192921
15	0.00156302721151
14	0.00113207197057
17	0.000570563840908
16	0.00113222977784
19	0.0005669548784
863	0.000556469815145
862	0.00113329010175
865	0.000568228683226
867	0.000556065166804
866	0.00226799498819
883	0.000565619521869
881	0.000565301182322
885	0.00556019335077
809	0.00112459183699
322	0.00225026293262
320	0.000568197802471
321	0.00156942039992
327	0.00113400923637
324	0.00226437132748
329	0.00281673818454
201	0.00113453300151
200	0.00399933983331
771	0.00112859607928
207	0.00342552956095
206	0.000567858474839
209	0.00111149285155
208	0.0028387280536
77	0.00388335060733
75	0.00168506370145
74	0.00111233048826
73	0.00105733865157
72	0.000560526658259
78	0.000565983877513
664	0.00113702573748
663	0.000564416847475
662	0.00342488186145
692	0.00897003616243
693	0.00282831792446
696	0.000510364280309
697	0.0022365557509
698	0.00393676312119
699	0.00110805798605
542	0.00285472704495
543	0.000571563642149
540	0.00112454450909
541	0.00226775886291
546	0.000558227225686
547	0.00170917112176
995	0.000561071492474
994	0.00168952883579
996	0.0017016357497
991	0.00169523478692
990	0.000571563642149
120	0.00448261807239
122	0.00114287704484
125	0.00624417852646
126	0.00167449801012
127	0.00282740498654
415	0.00448310751839
416	0.00779103387116
410	0.00509792989476
413	0.00110597045325
921	0.00112886326681
922	0.000557608619158
923	0.00507050428757
418	0.00113539404161
925	0.00168215782098
499	0.0048055320785
319	0.00052205687446
318	0.00160120363971
313	0.00333390098408
311	0.00224424955485
310	0.00280975429339
316	0.0114228268388
315	0.000559809158344
832	0.00112971031551
836	0.000561071492474
838	0.00114348319222
368	0.00112427947966
369	0.00283838999561
364	0.000562229900533
365	0.000569129633083
362	0.00394267260319
360	0.00113909788515
361	0.000562229900533
380	0.000569208514914
381	0.00226867168613
383	0.00334698025107
386	0.00052205687446
388	0.00225666664128
785	0.000554995247457
787	0.000560526658259
780	0.000565628239102
782	0.00499188153085
783	0.00282708642885
788	0.000568942228918
789	0.00112802541613
151	0.00112458298221
573	0.000558227225686
572	0.0011402472896
577	0.00161545309727
576	0.000566939035421
575	0.00221403168375
61	0.00394633710524
62	0.00399682415483
67	0.00284667262407
68	0.00168963659204
253	0.00168689475745
250	0.00111769896116
251	0.00112459183699
256	0.00166560546245
254	0.000572754008708
939	0.00170116296682
731	0.00162143087594
730	0.000557419742933
733	0.00785628663968
737	0.00113506878255
506	0.00510063442613
738	0.0101764583708
502	0.00679265757544
500	0.00222947994964
630	0.00113915462731
631	0.000569253683773
633	0.0016829617467
469	0.00287061645049
468	0.000568197802471
465	0.00111387476829
464	0.00113702573748
168	0.00499598910002
165	0.00342284001516
166	0.00499746160586
167	0.00285578144217
160	0.000569253683773
161	0.0
966	0.000554725277919
963	0.00169267047678
969	0.000566610255967
935	0.000560526658259
908	0.000554073108617
909	0.00166910151075
872	0.000562229900533
873	0.00112454450909
870	0.00111657088838
890	0.00614803039241
891	0.00227791006684
898	0.000568197802471
899	0.0
646	0.00171155489554
356	0.0144991458265
355	0.000559231719988
808	0.000568197802471
353	0.000601628637762
803	0.000562489761712
802	0.00114516463266
804	0.00112896196924
216	0.00104345978999
214	0.00959720821692
769	0.0011248750033
762	0.00277612382484
763	0.000568228683226
761	0.00113076289693
767	0.00169953968547
764	0.00168561600156
765	0.00609897827493
957	0.00114167784087
956	0.00157572368481
288	0.000569253683773
4	0.00225475927071
281	0.00113793161927
280	0.00169686191258
283	0.000568228683226
284	0.000510364280309
676	0.000568642715465
670	0.00113488503242
671	0.00169031520342
672	0.00106181006129
260	0.000554725277919
267	0.00337495680133
266	0.00166267554158
268	0.000564728849473
58	0.000556065166804
56	0.0022510112513
50	0.00056891991882
53	0.000571450370902
52	0.000557419742933
537	0.0022740958006
535	0.00168836344474
534	0.00452901008686
532	0.00225456190489
531	0.00337460153061
530	0.00396998301176
538	0.00283618069664
988	0.0022848138567
774	0.000575111861346
980	0.000568197802471
987	0.0168692576527
984	0.00111390947499
985	0.000568197802471
117	0.000564728849473
111	0.000558227225686
112	0.00333760156811
119	0.00111161297367
118	0.0017012630319
773	0.000560981841364
772	0.00224440471396
429	0.00225559858216
428	0.00743525247026
918	0.000532677874907
421	0.00170503339872
423	0.00340983681062
422	0.0020491805508
425	0.000554624656264
424	0.00114167784087
427	0.000560981841364
426	0.000571866471508
309	0.000561831460813
301	0.00170496696075
302	0.00114397426611
304	0.000556580192921
306	0.0028340398836
846	0.00113893102844
844	0.00319771819573
841	0.000568228683226
840	0.00112454450909
955	0.00336681825503
849	0.00169572764753
823	0.000562851552797
568	0.00114087516733
752	0.000572754008708
754	0.000566876586824
561	0.00113893102844
565	0.00104948855606
566	0.000562308243417
229	0.000567063340198
228	0.00169800210022
223	0.000564416847475
220	0.00225260981186
724	0.00169522010323
723	0.00106258139531
720	0.00946597131523
729	0.000568391174221
605	0.00282831436985
150	0.000560271925002
607	0.00168477705094
152	0.000568084224893
154	0.000567858474839
157	0.000537427896756
602	0.00110713214768
159	0.00671898739126
609	0.00112022929659
976	0.000565983877513
634	0.00113786154764
48	0.00318921124106
46	0.000561821353825
950	0.00282756677635
953	0.00171453810701
952	0.00285822214195
42	0.000565075808755
954	0.00114167784087
40	0.00858219320405
41	0.00106258139531
638	0.000553647101406
5	0.00170140398158
488	0.000572754008708
487	0.000567858474839
485	0.00114294975204
483	0.000569332200504
482	0.00168566332946
472	0.00221918305136
470	0.000565983877513
477	0.000567858474839
