0	0.000710871255302
341	0.000710861289752
343	0.00135061507464
810	0.000654694094443
811	0.000707330586309
812	0.00208827657379
813	0.000705344866133
817	0.000708927228617
718	0.00211262161081
716	0.0
715	0.00070600475106
713	0.000693953492046
710	0.00142448511352
915	0.0134523807623
914	0.000707802829505
295	0.000710871255302
292	0.000710861289752
293	0.000706887453548
290	0.000721347066208
291	0.000704019501642
591	0.00279759003414
595	0.00422209230692
594	0.00141707256784
599	0.000710871255302
196	0.00914587591014
191	0.00492531454222
190	0.003522459215
193	0.0035359733806
192	0.00130807011519
274	0.00283545618515
278	0.0028000153782
527	0.000705344866133
522	0.00210338938234
528	0.00137981944628
443	0.00212817991068
441	0.000710451839535
102	0.000692392567471
103	0.00192911409372
101	0.00118456284534
106	0.000692392567471
107	0.0223060041264
104	0.000704931772556
39	0.000705761997897
38	0.00139378304151
906	0.00138376095589
907	0.000667133069387
32	0.00209661719046
31	0.0021288901087
30	0.000709832277412
35	0.00141624648322
641	0.00070532944899
643	0.000654694094443
644	0.000649940735064
439	0.00211013587212
649	0.00136925234845
648	0.00212249294249
435	0.00703633083019
432	0.00070532944899
433	0.00070532944899
431	0.000708885126226
339	0.000710871255302
338	0.00141057637287
335	0.0117863089509
334	0.00701167463351
337	0.00143925055957
333	0.00142448511352
332	0.0014092794067
854	0.00143044940929
855	0.0021185863616
857	0.000708381614129
850	0.000696280386611
851	0.00494998839133
858	0.000706655366417
6	0.000710871255302
99	0.000710871255302
98	0.00693808932355
91	0.0
90	0.00424926679322
92	0.00212817811131
95	0.00070532944899
96	0.000673794965895
740	0.00136618753337
742	0.000696280386611
559	0.00134126806889
558	0.000952540602299
746	0.00140162525274
749	0.00070600475106
556	0.000703467844311
551	0.00143044940929
553	0.00130807011519
552	0.0
239	0.00282379780798
235	0.00141176674896
236	0.000654694094443
231	0.00351656121792
232	0.00211908639239
147	0.00140162525274
142	0.00212613732294
143	0.000706147168796
141	0.000696280386611
612	0.000696280386611
617	0.00141176674896
614	0.000708927228617
1004	0.00258914910692
1003	0.00141234384973
942	0.00213076716304
943	0.000669100093648
940	0.00987847819611
514	0.00128569720445
768	0.000699657918004
517	0.00212853284394
684	0.000942680354014
687	0.00211579066143
1000	0.00144530261716
680	0.00353128191636
136	0.00141783911193
135	0.0127309278663
134	0.00139978008204
139	0.000692392567471
497	0.0
24	0.00141728717454
28	0.00070532944899
29	0.00198531725933
405	0.000707802829505
404	0.00278905212326
401	0.000693953492046
937	0.00070954905814
936	0.000709269738331
409	0.000710871255302
371	0.00140408321612
374	0.000705152248364
377	0.0
704	0.000709832277412
706	0.00070600475106
707	0.00422494175915
700	0.000694963258957
702	0.00128351406622
393	0.00200411615047
391	0.000712214017841
82	0.000707802829505
181	0.000556060280876
86	0.00141946540331
84	0.000692392567471
796	0.00070532944899
795	0.000708927228617
791	0.000698930604123
790	0.00348421194826
586	0.00634264591017
584	0.00141288650863
585	0.000708207765648
582	0.00141057637287
581	0.00283463644517
588	0.000705959333382
589	0.000702959665302
245	0.00282254932535
247	0.000692392567471
246	0.00174990143631
241	0.000708927228617
243	0.000703593080349
249	0.000710871255302
248	0.00351195076136
924	0.000633573331158
518	0.00285981138951
510	0.000692392567471
513	0.000714805171906
512	0.000708927228617
515	0.000696280386611
1002	0.000490108780279
1001	0.00325714703653
516	0.000665806779963
622	0.000692392567471
624	0.000705246923883
450	0.00212509502899
629	0.00281972790367
628	0.00141794465869
454	0.00280401392673
179	0.000707121151249
178	0.0198799500556
175	0.00256029899491
173	0.000680979462223
170	0.00211940379531
977	0.00253859300067
976	0.000710871255302
974	0.000704100185944
654	0.00140362646681
978	0.00140359964121
656	0.00141341982193
180	0.0
2	0.0201506992916
652	0.000654694094443
184	0.00136706579833
188	0.00283539841559
189	0.000556060280876
868	0.00279689446645
13	0.00070600475106
15	0.00141288650863
14	0.00127131435623
862	0.0014138309206
865	0.00140228513767
867	0.00135558094316
866	0.00070600475106
947	0.0
883	0.00141479607598
880	0.00141046567277
885	0.00141118397182
752	0.00211596021327
929	0.0021377401797
322	0.00208893598199
323	0.00139839731853
320	0.000654694094443
321	0.000490108780279
327	0.00131172872362
324	0.00209749823325
325	0.000707238311157
759	0.00140703267822
688	0.00130807011519
201	0.00130807011519
200	0.0
758	0.00238953113062
771	0.000705344866133
207	0.00283733048275
206	0.00138376095589
208	0.00130029186228
77	0.00139644326425
75	0.00421880690401
73	0.00192674746675
72	0.000707802829505
71	0.000704202073537
70	0.0049084484513
78	0.00141645251454
669	0.0014170184241
664	0.000654694094443
663	0.00338758240121
662	0.00212817991068
692	0.00138867295408
693	0.00141982866589
696	0.00350131039417
697	0.00282560607498
698	0.00070532944899
542	0.00425344230219
543	0.000710062755726
540	0.00423590599036
541	0.000696971100396
546	0.0014049903668
547	0.00212447365057
544	0.00352669786883
8	0.000706147168796
994	0.00211526193844
997	0.00210641400989
996	0.0
991	0.00282409834104
990	0.00637820441494
120	0.00776438343549
126	0.00208827657379
127	0.00280985084069
415	0.00494699514951
416	0.00492107478203
413	0.00140029988825
920	0.00281876738203
923	0.019745075861
418	0.0
925	0.00211746382642
926	0.00070600475106
499	0.00502258942117
319	0.000986342509213
318	0.00140926642552
313	0.000694963258957
311	0.00141057637287
310	0.000674548944589
316	0.00211372762143
314	0.0021377401797
832	0.00060512826462
833	0.00140829389183
830	0.0
838	0.00141883309772
369	0.00284711514667
367	0.000705761997897
365	0.0
362	0.00140813888606
361	0.00070532944899
381	0.00197498146584
383	0.00282606007152
387	0.000707319254604
388	0.000694963258957
780	0.000640983553674
782	0.0013990634449
783	0.000696971100396
788	0.00137215384005
789	0.00140029270795
151	0.00142710906411
900	0.00141667245212
575	0.00139787686223
61	0.0049226732302
62	0.00785550382333
64	0.000692392567471
65	0.0126943708858
68	0.00070532944899
253	0.00216004865747
251	0.00070532944899
939	0.000692392567471
731	0.000708381614129
730	0.00140032945146
737	0.000654694094443
509	0.000676034869361
506	0.00272513666303
738	0.00417994284234
505	0.000720314925194
502	0.00211485707518
503	0.000475845589252
500	0.0028280094213
630	0.00141954460415
633	0.00141196646692
469	0.011342271499
468	0.000654694094443
638	0.00135450022417
464	0.00130807011519
927	0.000696280386611
460	0.000692392567471
168	0.00560142961945
169	0.000697556493603
164	0.00134126806889
165	0.00283899378943
166	0.00140744260726
167	0.00354247992048
160	0.0
966	0.00139421290031
962	0.0021037577836
963	0.000696280386611
935	0.0014131873916
909	0.0035125240266
879	0.00136618753337
874	0.00423223008478
875	0.000705761997897
872	0.00070532944899
873	0.00352501958676
870	0.000707802829505
890	0.0035285123902
891	0.00282809311475
893	0.000692392567471
898	0.00200303337415
899	0.00130807011519
646	0.00142616738981
356	0.0013968848556
809	0.00070532944899
808	0.000654694094443
353	0.000707471544198
800	0.000714805171906
807	0.000707121151249
804	0.00132706700775
216	0.000986342509213
214	0.030621563222
762	0.00141016378386
955	0.00141057637287
761	0.00066242070241
767	0.000710871255302
764	0.00211627269599
765	0.00354535203408
957	0.000708927228617
956	0.00238907248163
289	0.00130807011519
288	0.00426832753989
4	0.00212359953517
281	0.0
280	0.00282687601467
284	0.00141288650863
676	0.000692392567471
670	0.00130807011519
671	0.00282651847169
672	0.000464170972789
260	0.000700548636113
267	0.00566635305042
268	0.000693953492046
56	0.00282295681823
50	0.000669100093648
53	0.00423173427731
52	0.000694963258957
537	0.00130807011519
535	0.00213754934039
534	0.0249326855128
532	0.00333390428039
531	0.0014016098356
530	0.003528631922
538	0.0014206893126
988	0.00141795824579
774	0.0
983	0.000694963258957
980	0.00130807011519
987	0.0218552896136
984	0.00280972965987
985	0.000654694094443
117	0.000693953492046
776	0.000696280386611
111	0.000707206556301
113	0.0014351200971
112	0.00213247161575
119	0.00139201335244
118	0.00130807011519
773	0.000712214017841
772	0.00423427607835
429	0.00209939220328
919	0.000692392567471
918	0.000973931048936
421	0.000708927228617
420	0.00337529765668
423	0.00304079831795
425	0.00281748572095
424	0.0014179928493
913	0.000712447605207
912	0.00560839717883
309	0.000692392567471
301	0.000708927228617
302	0.000709065620688
304	0.00141959092579
306	0.00211441989259
847	0.0
846	0.000712214017841
844	0.00140300726641
843	0.000708078922448
840	0.0148030593791
849	0.00070532944899
823	0.00213062853863
569	0.00140715164191
751	0.0007087890119
562	0.000692392567471
563	0.000706147168796
565	0.000952816417812
566	0.000721347066208
229	0.0021049656722
228	0.00141446433565
225	0.00070600475106
220	0.00140040925883
88	0.000691635412259
724	0.00168202295818
723	0.00287488020646
720	0.00986719446157
605	0.00212730217154
150	0.00141133938128
607	0.00419762448292
601	0.00209557647946
154	0.000692392567471
159	0.00211354662248
609	0.00635319989777
634	0.00136148747687
48	0.00192526553495
951	0.0204570367137
950	0.00324152188431
952	0.0
42	0.000692392567471
954	0.0014179928493
40	0.000696280386611
41	0.00240126621207
5	0.00194620997566
489	0.000692392567471
487	0.000691635412259
485	0.000714805171906
484	0.000712214017841
482	0.00141140456363
480	0.00070532944899
472	0.00140756499233
470	0.000710871255302
471	0.000699554535431
476	0.000705761997897
477	0.000692392567471
474	0.000692392567471
478	0.0007087890119
