344	0.00162390171774
0	0.00216626133737
347	0.00131927311183
343	0.00379763895343
810	0.000538157344765
812	0.00054429968379
349	0.000541384085086
817	0.00216768591962
719	0.00161683339137
718	0.00866606095066
717	0.000544183487682
716	0.00162446891423
713	0.00265125659258
712	0.00380993875918
711	0.00162331755587
710	0.00108177079775
915	0.00378910225041
910	0.000537718923785
299	0.00271258183216
294	0.00770897515412
295	0.000540894014637
292	0.0016314204679
293	0.00216662537878
290	0.00108422066784
291	0.00372354778837
591	0.00162171030642
590	0.000445202166493
592	0.00159594499669
595	0.00108332288739
597	0.000537697717732
599	0.00108169461984
194	0.0010898026601
197	0.00107541664152
196	0.000531824034108
191	0.00109747422402
193	0.00270254116708
192	0.00108182460901
270	0.000537697717732
272	0.000547962142543
273	0.00163709142766
274	0.000541722160596
275	0.00324558820239
277	0.000967645110926
278	0.000531718812369
526	0.0016239948226
528	0.0
448	0.000540091385559
443	0.00109991106771
447	0.00165055940284
103	0.000540876783118
101	0.00162396567131
107	0.0085869337744
105	0.000534835931741
900	0.00217622165661
38	0.00217998474104
907	0.000541412612248
905	0.00107436272116
32	0.00216836442754
31	0.00433260790423
30	0.0049528882089
35	0.00108363163887
644	0.00323069921688
647	0.00270860466565
439	0.000549432568969
437	0.000537697717732
435	0.00164987190035
338	0.00156574506968
335	0.00268772667793
334	0.0114074235247
337	0.000547815273485
333	0.00215933835097
332	0.00329896606938
745	0.00161763278306
854	0.00108865388989
855	0.00102276081534
857	0.0016243729505
850	0.00163675328783
851	0.00325385201888
819	0.000541123560321
858	0.00108597476581
6	0.0010823610696
98	0.00638624679614
90	0.00822239605151
92	0.000541722160596
96	0.000540030422504
740	0.000543176022395
742	0.00216968878257
743	0.00170316090802
559	0.00380327916843
558	0.00059524600654
746	0.00700744739439
557	0.000550962217695
550	0.00216681460166
553	0.00107635585936
552	0.00108631206323
239	0.00105855426128
235	0.000542311327469
236	0.00163106350592
230	0.000445202166493
231	0.00315533284579
232	0.0016515636897
1	0.00108653072831
147	0.00537260683475
142	0.00271318047428
143	0.0
141	0.000542130335074
612	0.000542283517911
617	0.00220157185861
614	0.00216854342839
149	0.000540876783118
947	0.0
945	0.000537697717732
942	0.00164277593505
685	0.00216575313815
684	0.00597334471734
687	0.00109340189416
686	0.000965017000805
680	0.00163340302242
682	0.000537697717732
133	0.00111021861463
132	0.0010824718158
137	0.00109687908297
136	0.002166539713
135	0.00491103084334
134	0.00266420163575
139	0.0
497	0.00107436272116
491	0.00161479584779
493	0.00162443680164
24	0.00162580291277
25	0.0024005272688
28	0.000521101547751
29	0.00107618417828
407	0.000540637046379
402	0.00271534444479
401	0.00321492144734
933	0.00131927311183
936	0.00219461704955
409	0.000540894014637
408	0.000541722160596
828	0.000537697717732
371	0.00054995898419
374	0.00164212856532
377	0.00324838615549
708	0.000541615266072
704	0.00235778265448
706	0.000542441393298
707	0.000531718812369
700	0.00380959043708
702	0.0032505182707
703	0.000545798839334
392	0.00217813661428
82	0.000547816242513
181	0.00108105084366
399	0.00271513687506
86	0.00110287101863
796	0.00107845261664
795	0.00270919421715
790	0.00328849555059
798	0.000541856521501
607	0.00596596253856
586	0.00932662521134
587	0.000548469174229
582	0.00158277847923
580	0.000527027455809
581	0.00218891447904
589	0.000542084108443
245	0.000516064862587
246	0.00270870942855
241	0.00108363163887
243	0.000541123560321
249	0.00107982414346
248	0.000538886120314
924	0.00107653505924
510	0.00705104011376
513	0.0
1004	0.00162696752937
515	0.00220349648671
514	0.00108500832883
1001	0.00433239416589
458	0.00299655261774
622	0.00217255623161
951	0.00217286887019
450	0.00217721277356
629	0.0119023914163
628	0.00219059088615
454	0.00638734682394
979	0.000537697717732
178	0.0129825780781
199	0.00161319308449
175	0.00216001922823
173	0.00215593614727
171	0.00131927311183
170	0.000510146546918
977	0.000534835931741
976	0.000540894014637
975	0.000537697717732
972	0.000445202166493
971	0.00054174031988
253	0.00216873558493
978	0.00542590687167
656	0.00108287572871
657	0.00107525292343
654	0.00215752365492
2	0.00108605758914
187	0.00217309182796
650	0.00107649797688
188	0.00270961239726
189	0.00595901239347
658	0.00108269600127
184	0.00108323712691
868	0.000548338665359
13	0.000537697717732
15	0.00162799317355
14	0.00485148677949
16	0.00432547858032
19	0.00162096257856
863	0.00163718536073
862	0.00487614912552
866	0.00216536774286
883	0.00162309485142
881	0.00107661388855
887	0.000540453212577
885	0.00495599581805
809	0.000514653804561
322	0.00271594779936
323	0.000542441393298
320	0.000536440517709
321	0.00179433513182
327	0.00161327235801
324	0.000547275259193
328	0.00054167273164
329	0.0027026559089
201	0.00161903791077
200	0.00487294473108
776	0.000543259809301
771	0.00328599245544
207	0.00487281261733
206	0.000542283517911
208	0.000539563552737
779	0.00108187455202
77	0.000550962217695
76	0.00163530458365
75	0.00215557409465
74	0.00715456102316
73	0.00061771728481
70	0.00271879557371
78	0.000540894014637
665	0.00053897148003
664	0.000537333467826
663	0.00162891977926
662	0.00219073033606
692	0.0048612939199
693	0.00108169461984
690	0.000538930128825
696	0.00215796773814
697	0.00257492795859
695	0.00054106524342
698	0.00361948629791
699	0.000550765546948
542	0.0
543	0.00054174031988
540	0.00207655429655
541	0.00215091200828
546	0.00054435156009
547	0.00216723927453
549	0.000545798839334
996	0.00322472969148
991	0.00216562482216
990	0.00216617944134
120	0.00160637229577
122	0.000541397808282
125	0.000543237188888
126	0.00164802132911
127	0.00108305276813
415	0.00273605329741
416	0.0098967094649
410	0.000541544030164
413	0.00106141442446
920	0.00162667710589
921	0.00107541664152
923	0.00645450670613
418	0.00214068487482
925	0.00206918954421
926	0.000445202166493
499	0.0065369408083
319	0.00240904949097
318	0.00119411692236
313	0.00330269664129
311	0.000513898366423
310	0.00217723943084
317	0.00054764753763
316	0.0108354873629
832	0.00432069309625
833	0.00224183564677
836	0.000538886120314
837	0.000537697717732
838	0.00108238268565
368	0.00162881641333
369	0.0
364	0.0021613516546
365	0.00108062379213
362	0.00489253460509
360	0.0016239948226
381	0.00430664577679
383	0.00164102886912
388	0.00542643495988
784	0.00109135739007
780	0.00108500832883
782	0.00495447671305
783	0.00215870979385
788	0.000543823280685
789	0.00107979705299
151	0.000542165666419
573	0.00440582029795
572	0.0032563971655
577	0.000445202166493
576	0.0010758550625
575	0.00165112895273
61	0.00270573267556
62	0.0
64	0.000542283517911
67	0.0032449630925
68	0.000540409242864
69	0.00108830832925
250	0.00218982260001
251	0.00162140411114
256	0.00275359687876
254	0.000543317819176
731	0.00271170687859
733	0.00109221014792
732	0.000541544030164
737	0.00054026060716
509	0.000542561074903
506	0.00539026133576
738	0.0204400339946
502	0.00541279840012
500	0.00439858386043
630	0.00433405261476
631	0.00108269600127
633	0.00323063173708
634	0.00108739050883
468	0.000537333467826
638	0.00272023463425
464	0.000536440517709
466	0.00054435156009
168	0.00330364021962
164	0.00162878137641
165	0.00270091792366
166	0.00607940495546
167	0.00271028388988
160	0.00108269600127
963	0.00162013026863
935	0.00209176213079
909	0.000544397684983
879	0.0032584913777
873	0.00207375221264
870	0.00053830143563
890	0.000542093103104
891	0.00325849848276
898	0.000536440517709
646	0.0
648	0.00550484234188
356	0.00164354270895
355	0.000445202166493
808	0.000536440517709
353	0.000543106911493
803	0.000544609484635
801	0.000513847436297
216	0.00299446201627
214	0.00488076850164
769	0.00163136700425
762	0.00109987473087
761	0.000537697717732
767	0.000540894014637
764	0.00205974191802
765	0.00383699695902
957	0.00108358890252
956	0.00180832214568
288	0.000540973840679
4	0.00164869913106
281	0.000536803374051
280	0.0227531046799
285	0.000445202166493
284	0.0010834924023
679	0.00119411692236
674	0.00110057180608
676	0.000543237188888
677	0.000544183487682
670	0.004312508464
671	0.00161824231587
672	0.000600975569091
260	0.00110039478666
267	0.00435295086986
266	0.00165124942852
269	0.00103096166578
268	0.00159500124056
58	0.000521101547751
56	0.00054106524342
50	0.00108659565478
53	0.0016255705896
52	0.00109976208198
537	0.00162150502456
534	0.00433805545989
532	0.00215382105616
531	0.00161890369338
530	0.00379225722049
538	0.000540894014637
988	0.00054429968379
774	0.0
980	0.00161930823684
987	0.00309426507691
984	0.00165268274425
114	0.000540877609941
117	0.00159500124056
111	0.000551015772063
112	0.00273671475886
118	0.00107377398553
773	0.000536803374051
772	0.00320328326613
429	0.00159903044641
428	0.00541280573507
918	0.00179509249145
421	0.00271102302026
420	0.00054343169407
423	0.00595013787912
422	0.0032476616795
424	0.00216765726694
427	0.00106186229049
912	0.00274567947104
308	0.000534835931741
309	0.000543348129146
301	0.00162622960913
302	0.00054174031988
305	0.000550869651327
306	0.00382332211793
847	0.000541384085086
846	0.00216463422252
844	0.00479707192869
843	0.00162189205909
840	0.00154820768501
849	0.00270166575009
848	0.00054995898419
823	0.0
568	0.00108832107993
752	0.00167122625093
754	0.00108288387022
561	0.00270608545892
758	0.00244212556405
565	0.00296710576384
566	0.000542165666419
229	0.00219008951691
228	0.000540894014637
223	0.00162473521261
220	0.00324182962633
724	0.00487379952463
723	0.00184810366793
720	0.00383808797494
605	0.00107982414346
153	0.00162725106807
152	0.000551948925171
602	0.00167702358393
159	0.00703435356878
609	0.00208193222496
83	0.0010938350515
469	0.00921268010673
48	0.00653432423934
46	0.000542441393298
950	0.00217184358455
953	0.00270853436843
952	0.00108313812816
955	0.0020886101691
954	0.00162622960913
40	0.0032674001976
41	0.00122981785486
5	0.000536440517709
489	0.00054343169407
485	0.0
483	0.000547801835856
482	0.00162019094393
481	0.00115199897356
472	0.0032991235625
470	0.000540894014637
477	0.000544432412652
