344	0.00303529213569
0	0.0023945948809
347	0.00235250769873
343	0.00297138663769
810	0.0
812	0.00294708943678
813	0.00297072036369
349	0.00181622833027
817	0.0
719	0.000596837143475
718	0.00827365780008
716	0.00179440454367
715	0.00117496140013
713	0.000591771067208
712	0.000592360648677
710	0.000599743879496
915	0.010785285611
913	0.00118956682224
299	0.0
294	0.0041848420825
295	0.000599743879496
292	0.0
293	0.0
290	0.00297073150312
291	0.00181631108374
591	0.00118559085346
590	0.0017647001137
592	0.00239636452287
595	0.00354886399756
198	0.000595273398868
599	0.00119982250482
196	0.000595273398868
191	0.000604414416055
190	0.000595273398868
193	0.00296979992486
192	0.00115171290615
272	0.00177808198057
273	0.000561709366341
274	0.0
275	0.000597545827654
277	0.00235077857197
278	0.00118724057208
526	0.00121379694797
527	0.00106123793141
522	0.000596536882378
528	0.000591209945973
443	0.00296623963751
441	0.000619111019539
447	0.00118960454778
444	0.000594645120443
102	0.000559943601115
103	0.00118159532043
101	0.00120125702327
106	0.00176970551482
107	0.0150293403017
104	0.00179461839456
105	0.00059089332423
39	0.000591209945973
38	0.00178879415824
32	0.0017656936569
31	0.00181138498907
30	0.000594009259813
641	0.000484035729651
643	0.000574104763929
647	0.00121162106711
439	0.00119462037444
649	0.000573491782522
648	0.00059790198019
435	0.000600163183952
432	0.000574104763929
433	0.000951561858361
339	0.000599743879496
338	0.00096456321866
335	0.00172489879649
334	0.00178925730827
337	0.00179524032617
333	0.00180021509146
332	0.00059781275063
854	0.00119312984814
855	0.00147267105698
857	0.00181138498907
851	0.00477109871004
6	0.000599743879496
99	0.00119982250482
98	0.00180959243982
91	0.0
90	0.00784684205118
92	0.00181736064729
740	0.00235745008492
741	0.000571485083977
742	0.00475864075578
743	0.00115578949604
559	0.0
558	0.00390882980909
746	0.0130736168238
748	0.00176322413827
551	0.000595182534378
550	0.000589298583114
553	0.00116280576024
239	0.00115291931231
235	0.00116401487659
236	0.000577396303705
231	0.000966351201703
232	0.00537252207714
233	0.00178307244249
147	0.00941709485331
142	0.00181138498907
143	0.00172002136653
141	0.00179409601739
617	0.00357406197778
614	0.00120070188683
149	0.000598090406239
912	0.00537581587491
1004	0.00116917035913
948	0.0107535962828
949	0.0029855974832
946	0.00238868982569
947	0.00179678952251
944	0.000596030626103
943	0.00119417746057
940	0.000604414416055
514	0.00415499707285
688	0.000577396303705
685	0.00362317559681
684	0.00346405639315
687	0.00237652343224
686	0.00117598344455
680	0.0011310802643
682	0.00205223747346
133	0.00118508195017
136	0.00242723446561
135	0.00479324392806
134	0.00119672557873
139	0.000600572147942
138	0.000600181066805
491	0.00118682279047
493	0.00243214119166
24	0.0036430707979
25	0.00114546715905
29	0.00233829981971
405	0.000599738143177
402	0.000599665670725
401	0.00362590201326
400	0.000501553696248
933	0.00235250769873
931	0.00117598344455
936	0.000599738143177
409	0.00179244943833
934	0.000591663260767
379	0.000599284714211
378	0.000593613749954
828	0.000958637617208
371	0.00121666166074
377	0.0
704	0.00170382379741
706	0.000599665670725
707	0.00115291931231
700	0.00293173935822
702	0.000600572147942
703	0.00110498852314
392	0.00299352233765
391	0.00122383978097
394	0.000589495074778
82	0.000501553696248
181	0.000574906883837
398	0.000596536882378
86	0.00178217647122
797	0.000566683008103
795	0.00124811833783
791	0.00175967195042
790	0.00473689421255
799	0.00416486485339
7	0.0
586	0.0209014715163
584	0.000566683008103
582	0.000482326544042
580	0.000571485083977
976	0.00120594893951
589	0.000600181066805
245	0.00153955228893
246	0.000596716819904
243	0.00178839903255
249	0.00118389332926
248	0.00354790618869
924	0.000453578426201
926	0.00235046283002
512	0.000601413333933
1003	0.00121073929763
1002	0.000551381659856
1001	0.00420158250017
516	0.00182734879468
622	0.0
951	0.00843389858229
624	0.000956791429553
450	0.00355252990556
629	0.0109242451453
628	0.000599738143177
454	0.00121004231395
457	0.0
178	0.0143892883383
175	0.00116280576024
173	0.000601683204146
171	0.0017647001137
977	0.00651073421769
517	0.0035784662416
972	0.00117598344455
971	0.00181825030516
978	0.00059672599448
654	0.00101631804617
2	0.00177724692608
650	0.00253508102824
185	0.00354790618869
188	0.00239566281684
189	0.0024075305059
658	0.00121379694797
184	0.000591194860436
868	0.00297902922576
13	0.00107811669698
15	0.00169577296829
14	0.00119740929142
17	0.00121162106711
16	0.00112105671447
19	0.000600213676606
860	0.00122828784756
863	0.000501553696248
862	0.00419461110241
865	0.000604414416055
867	0.000600181066805
883	0.00178264658672
881	0.000453578426201
880	0.000591209945973
885	0.0017812610343
752	0.000588262738142
929	0.0012006753829
322	0.00294505002782
323	0.000573491782522
320	0.000577396303705
321	0.00110559735446
326	0.000597490269202
324	0.00119397971232
329	0.000475612321882
201	0.00117165118161
200	0.00363405921145
758	0.0016659356622
771	0.00206950283623
207	0.00303997262245
772	0.00237476262569
208	0.000577396303705
779	0.0
75	0.00177985451438
74	0.00419160393682
73	0.00110792487313
70	0.00120408008678
78	0.000599743879496
669	0.000571485083977
668	0.00298504359742
665	0.000594552170849
664	0.000577396303705
663	0.00411564355772
662	0.00296751807615
692	0.00358145979993
693	0.000599743879496
696	0.00115834626887
697	0.00293752732735
542	0.00237855733959
543	0.00177333043345
540	0.00535263667148
541	0.000589913876014
546	0.001126924106
547	0.0
544	0.004576857797
8	0.00113816809208
994	0.00145478861636
996	0.00177369098587
991	0.000599743879496
990	0.00121162106711
120	0.00595000686954
122	0.000598211122818
125	0.000604414416055
126	0.00536867845772
127	0.0
414	0.000591209945973
415	0.00419132737918
416	0.00655533212701
410	0.00179000796529
920	0.00237216561829
921	0.0017700767157
923	0.0165472337731
418	0.00236446207302
925	0.00142483008404
776	0.000589495074778
499	0.00111051198924
319	0.00110635942913
318	0.000571817080486
313	0.00299340214107
311	0.000957303955326
310	0.00539294209127
317	0.000599738143177
316	0.0127067342369
314	0.00119982250482
832	0.00296977031023
833	0.000599254034984
497	0.000610255175734
837	0.000597490269202
369	0.00118958708189
367	0.000591209945973
362	0.0030044875317
360	0.00121379694797
381	0.0023006599407
383	0.00479715097726
388	0.00236693788967
784	0.000501553696248
787	0.000604860439294
780	0.00118538780538
782	0.00537792029028
783	0.00155423867856
788	0.00118002631138
789	0.000566683008103
151	0.0023764915105
573	0.00059673839699
571	0.00942929704606
577	0.0105845411949
61	0.00894332878448
62	0.00593529589815
65	0.000594285732172
67	0.00364866603966
253	0.00178375747174
250	0.000594873580857
257	0.000597490269202
255	0.000587720706408
157	0.00588933777836
939	0.000586935947434
731	0.00851165228087
730	0.00119350595072
735	0.00119715593993
737	0.000577396303705
509	0.0
506	0.00120263060217
738	0.00157802741252
505	0.00059893280396
502	0.00417310317728
503	0.00114143836005
500	0.00059781275063
630	0.00363527817944
631	0.00121379694797
633	0.00118724057208
634	0.00118166826199
468	0.00172489879649
465	0.000587204811785
464	0.000577396303705
466	0.000593839544815
900	0.00177485704966
462	0.000599254034984
901	0.000501553696248
168	0.0065655526761
165	0.0133036056013
166	0.00538673051161
167	0.00179147399968
160	0.0030063972032
161	0.00118698534398
163	0.00178334079026
963	0.00120524531962
969	0.000602436263522
935	0.00412398402311
908	0.000598451807491
909	0.00241640592528
879	0.001175911038
874	0.00293538737093
875	0.000591209945973
873	0.000486745666534
870	0.0021868830034
890	0.00118724057208
891	0.00302655601675
895	0.000595182534378
898	0.000577396303705
899	0.000577396303705
646	0.00178351237559
356	0.00239543927375
355	0.00117598344455
808	0.00058414944976
353	0.000613235782949
803	0.0017957262339
802	0.000596536882378
216	0.0011078568001
214	0.00589227033621
762	0.0017803277138
955	0.00236576209726
767	0.0011999575561
764	0.00148040794048
765	0.00478126893499
956	0.00345231051701
289	0.000577396303705
288	0.00182293772549
4	0.000599738143177
280	0.00181346582597
285	0.0017647001137
284	0.0011310802643
679	0.000553424979248
674	0.00359036545739
670	0.00235948778329
671	0.000594385296685
262	0.0
260	0.000597073949604
267	0.00359846914628
266	0.00179073297481
264	0.000597490269202
58	0.00180676512455
50	0.0
53	0.00297034675926
52	0.00237670614836
537	0.00115143718896
535	0.00178345728879
534	0.00352143161692
532	0.000453578426201
531	0.000456671989088
530	0.0133110142994
538	0.00119982250482
775	0.000594552170849
988	0.00060084226928
774	0.000599284714211
980	0.00116843498632
987	0.0018784561717
984	0.00299239907236
985	0.000577396303705
114	0.00119542575351
116	0.000604414416055
112	0.00479131565254
119	0.00176232340766
118	0.000577396303705
773	0.00121826187606
429	0.00302052176944
428	0.00302432622327
421	0.00124811833783
423	0.00178969569807
422	0.00169577296829
425	0.00477802502765
424	0.00186113408506
427	0.00047022232425
426	0.000596112600374
301	0.000609077127343
302	0.00121162106711
304	0.00123568449312
306	0.0
307	0.000597490269202
847	0.000609161787181
846	0.0036485146803
844	0.00224621988337
843	0.00118228322272
840	0.000486745666534
849	0.00141157431247
823	0.000595182534378
569	0.000599743879496
751	0.000597689055528
750	0.00121379694797
754	0.0
561	0.00182293772549
759	0.000598808823621
563	0.00113816809208
565	0.00277555755823
566	0.00178404176132
567	0.000597490269202
739	0.00113816809208
229	0.0
228	0.000599743879496
224	0.00121221121587
223	0.00118906396069
724	0.00118536301426
723	0.00166164729077
720	0.00238388229054
721	0.00119635378768
605	0.0030030530488
153	0.00177369098587
152	0.000594414398764
603	0.0
602	0.00176728317184
159	0.00414161033868
609	0.00655184443024
83	0.00453341693591
469	0.00239128684057
48	0.0011126692763
46	0.000599665670725
950	0.00354880120259
953	0.00180303758336
952	0.00242607744218
42	0.0022950680912
957	0.00177270906897
41	0.0027870425994
638	0.00354635591531
5	0.00351431748216
485	0.00178569750227
484	0.000605918910734
482	0.00091989971795
480	0.00059177405543
472	0.0035873298831
470	0.000599743879496
476	0.000591209945973
479	0.000597490269202
