818	0.00195288586839
0	0.00488996007246
347	0.0
343	0.00188731299321
812	0.00162260670439
718	0.00681063652919
716	0.000985333398932
713	0.000961667791942
712	0.00206892833908
710	0.00195037226258
421	0.000951165249285
299	0.000954697583104
295	0.000981125573664
293	0.00179461098887
290	0.00290848446506
291	0.000960341869275
591	0.00294064826718
592	0.00385255436959
595	0.00102404003722
597	0.000975909223898
596	0.00102404003722
599	0.000981125573664
197	0.000972645703835
190	0.000960841597545
270	0.000967625755984
272	0.00102404003722
278	0.00386650813595
526	0.00277315373393
528	0.0017305755859
449	0.000972679655712
443	0.00593670475625
103	0.000980734404169
101	0.00135510116019
107	0.00192929354793
104	0.000980997621929
105	0.00144706954598
900	0.00200937343615
32	0.0106926273021
31	0.00476000502667
30	0.00390107482632
35	0.000951165249285
641	0.00194446183663
643	0.000967625755984
644	0.000975909223898
647	0.00667045278053
439	0.00286473214131
648	0.000972679655712
435	0.00194547303233
432	0.000970997110084
433	0.00194364281392
338	0.001929766402
334	0.00387924474496
337	0.00191379760586
333	0.000981125573664
854	0.0
344	0.00190770514934
857	0.00095210951986
850	0.000968185423761
851	0.00865598711558
6	0.0019599810317
98	0.0096226257121
90	0.00518123467835
92	0.00095210951986
95	0.000970997110084
742	0.00583964200805
743	0.00194806529794
746	0.00404732375353
557	0.00287801931374
551	0.0
550	0.00101481839437
239	0.0
236	0.0
231	0.00679973942772
232	0.00287863703226
233	0.00584783488589
142	0.00286204406106
143	0.000972645703835
141	0.00095561081323
612	0.000954697583104
617	0.0028816445157
614	0.00192218576531
149	0.000800803393511
948	0.000972679655712
949	0.00190654179089
947	0.0030482074981
517	0.0126969285693
685	0.000954672957119
684	0.00302741429022
687	0.00292295666131
680	0.00190995357817
133	0.000980363990597
136	0.00095210951986
135	0.00686999185813
134	0.00290013559575
495	0.00105148780517
139	0.0
497	0.000802948414787
493	0.000954672957119
24	0.00381899804109
28	0.000970997110084
29	0.0
405	0.000982700098132
402	0.000980734404169
401	0.00384260152497
933	0.0
936	0.00195889048728
409	0.000981125573664
379	0.00105148780517
371	0.000958769291914
374	0.000718339547752
377	0.00131305858813
704	0.000700655090133
706	0.000941759582293
707	0.00192043708386
700	0.00156156254007
701	0.00104139931681
392	0.0
398	0.00103949376781
86	0.00102582132202
795	0.000951871154859
790	0.00176278227188
586	0.0233328305702
587	0.000942979928986
584	0.000966973649181
582	0.000970997110084
581	0.00196621319921
245	0.0038763124514
246	0.00138607465432
241	0.00189896600844
249	0.00388955630157
248	0.000687189250032
513	0.0
927	0.000962558579913
514	0.000980734404169
1001	0.00195664362807
458	0.0019986824581
459	0.000977611602253
450	0.0163208314931
629	0.0143259548379
628	0.00292586910345
454	0.00288935378466
178	0.0215645933505
175	0.000686788586145
171	0.0
170	0.0019465434382
977	0.00241849271298
976	0.000981125573664
971	0.00095210951986
979	0.000975909223898
978	0.00287910304956
656	0.00190034999218
654	0.000975909223898
2	0.00171604524579
187	0.00102404003722
185	0.000955977787026
188	0.0038309277502
189	0.00195254125018
658	0.00384189308507
868	0.000965145125991
13	0.000975909223898
12	0.00096337661723
15	0.000966973649181
14	0.00194353497988
17	0.00095210951986
863	0.00192664625182
862	0.00490699923134
865	0.000968185423761
881	0.0
322	0.00379168729679
321	0.000373180429986
329	0.000975094602631
200	0.00287052127944
771	0.00391112506316
773	0.000972639288575
772	0.000974249201541
209	0.000967067676016
208	0.0
779	0.000781386503462
77	0.00475373555624
74	0.00194979811982
78	0.000981125573664
662	0.0040868853985
692	0.00594941488862
693	0.00195037226258
696	0.000968248247407
697	0.00389922912072
695	0.00311692715919
698	0.000973464726545
699	0.000952761287308
542	0.00197631125969
543	0.00095210951986
540	0.00973262709457
541	0.000975909223898
547	0.00286490322635
544	0.000973845705826
994	0.00290360320353
997	0.00104139931681
996	0.0014212392309
991	0.000981125573664
990	0.0028543239056
120	0.00194746120534
126	0.00291579687531
127	0.00241967805101
415	0.00289350719637
416	0.00771780925982
413	0.00101481839437
920	0.00192877685154
921	0.000975909223898
923	0.00492368073404
418	0.00295550893009
925	0.00292119600655
499	0.00135259022215
319	0.000327474660148
318	0.000373180429986
313	0.00290128584886
311	0.0029171011252
310	0.00383907481192
316	0.0142959137817
833	0.0028660788451
830	0.000945933842338
837	0.000972679655712
838	0.00190035415786
369	0.000950897932987
364	0.000970997110084
362	0.00223114213531
360	0.0019058382064
361	0.000970997110084
381	0.0048390260632
383	0.00347273479588
388	0.00477805634079
780	0.000980734404169
782	0.00574570386256
783	0.000968185423761
789	0.000970997110084
572	0.00200667360593
575	0.00563665168766
60	0.00105148780517
61	0.0127900916758
62	0.00197631125969
64	0.0
66	0.0
67	0.00571512282966
68	0.000970997110084
251	0.000970997110084
256	0.000967067676016
939	0.000958769291914
731	0.00773288788104
506	0.00138623287116
738	0.0117075915587
502	0.0116232859613
500	0.0038742812278
630	0.00577174495412
631	0.0019058382064
633	0.00284083843047
469	0.00286868449641
638	0.00387936868246
462	0.00193126998769
168	0.0161922279083
164	0.000970346217368
165	0.00574056819795
166	0.00292492166628
167	0.000961633436864
160	0.00577880644068
161	0.000972679655712
966	0.0
963	0.000951627794295
969	0.0017721951037
935	0.00101481839437
908	0.00685894505353
879	0.00094637104623
872	0.000970997110084
873	0.000970997110084
870	0.000978468769305
890	0.00202746749614
891	0.00482679679025
438	0.000976984924212
646	0.00394698233986
356	0.0115968804642
809	0.000970997110084
353	0.000965499878123
803	0.000971589103529
802	0.00102404003722
804	0.0
214	0.00973484136713
952	0.00095210951986
762	0.000980997621929
763	0.000864295713746
767	0.000981125573664
764	0.00290999478593
765	0.00582672069101
281	0.000972645703835
280	0.0228424754718
284	0.000966973649181
679	0.000705731447232
674	0.0
260	0.00285743972388
267	0.00388904707808
266	0.00381415975899
264	0.00194413110249
268	0.000961667791942
58	0.00194966457992
56	0.000970997110084
53	0.000945933842338
52	0.00191982896332
535	0.0
534	0.0
531	0.00194484281591
530	0.00672813889383
538	0.00195037226258
988	0.001920993209
987	0.0271907286575
984	0.00292066164652
114	0.000972645703835
117	0.000961667791942
111	0.000972679655712
112	0.00291314001839
118	0.00293073571566
207	0.00571672801033
429	0.00384399468539
428	0.00478169976508
918	0.00111492085608
915	0.00481443414074
423	0.00213443443193
422	0.00385317596509
424	0.000951871154859
427	0.000972639288575
912	0.00766269887201
308	0.000734049980866
855	0.00485986233745
302	0.00095210951986
305	0.00481496525525
306	0.00196380216824
307	0.000972679655712
846	0.0028579256617
844	0.00103320610738
843	0.00157557212135
840	0.000970997110084
955	0.00583588623467
849	0.000970997110084
823	0.0
568	0.00731931994657
561	0.0038093749611
759	0.000972679655712
565	0.000373180429986
739	0.000973845705826
229	0.000948677023843
228	0.000981125573664
227	0.0
223	0.00284723065128
724	0.00169553603261
720	0.00659889313207
729	0.000649410114643
605	0.000981125573664
607	0.00871222022729
152	0.000991231915275
602	0.00293808765776
159	0.0106491410711
609	0.000942979928986
48	0.00103320610738
951	0.0076752342667
950	0.00490247051733
45	0.0
42	0.00094637104623
40	0.00102404003722
956	0.000327474660148
5	0.0
488	0.00105148780517
485	0.000987476392171
482	0.00195212268375
472	0.004802412671
470	0.000981125573664
479	0.000972679655712
