216	0.0
214	0.00409915898987
952	0.001345442047
830	0.00130446161491
841	0.00133370724482
127	0.00133842815011
663	0.00249816071878
764	0.00130446161491
765	0.0
91	0.00138340386857
136	0.00661274797117
135	0.0203936858014
134	0.00276285793749
493	0.0013452651873
24	0.00537889333319
693	0.00129550529548
707	0.00138340386857
697	0.00131332105343
695	0.00132814665082
740	0.0
223	0.00135736742007
624	0.00386371693286
29	0.0027838321132
344	0.0040348031574
288	0.0013452651873
405	0.00136159226104
347	0.00278363124001
546	0.0
4	0.00269529950586
401	0.0081811287024
343	0.00627221278785
810	0.0
280	0.0161186679091
812	0.0011101791207
549	0.00133370724482
285	0.00278363124001
349	0.00134344593529
935	0.0040371990204
817	0.00111438480729
994	0.00133370724482
700	0.0022525949154
996	0.00252355589115
990	0.00531431908745
718	0.00272262468814
577	0.0251309596486
715	0.00140022737144
670	0.00274408914133
900	0.00132732266862
120	0.037321879457
122	0.0
260	0.00220035674152
267	0.00868975025565
126	0.00107966404208
264	0.00264695961022
537	0.0
69	0.0
977	0.00229552945981
966	0.0
58	0.00137498597301
926	0.00278363124001
855	0.00394123343701
53	0.00138340386857
379	0.00128783870689
415	0.0338920658617
416	0.00901129452179
427	0.00128104288935
299	0.0040695522071
371	0.00136159226104
294	0.00560140242701
912	0.00220035674152
924	0.00352499925985
374	0.0025395316347
290	0.0
291	0.00136530419149
591	0.0053471697437
586	0.00492163957852
319	0.0
592	0.00413002518697
199	0.00238395861754
147	0.0427870295504
313	0.00216587302628
957	0.00133964698353
311	0.00256977024457
310	0.00133370724482
191	0.00407320814925
190	0.0013452651873
193	0.00276105379549
114	0.00136324265269
272	0.00265516220993
113	0.00135094458491
112	0.00256659213706
278	0.00135736742007
771	0.0
399	0.00114273484726
840	0.0
752	0.00410033528569
414	0.00134685558148
795	0.00132873999166
837	0.00240603068458
791	0.00133901141582
790	0.00446596678594
256	0.00331096790093
838	0.001239216511
581	0.0040683623595
535	0.00133370724482
891	0.00538486616269
429	0.00136530419149
428	0.00529266471524
526	0.00403431223851
171	0.00278363124001
7	0.0
369	0.0
915	0.00530190541987
423	0.00348763871587
422	0.00133643698262
528	0.00409459210715
910	0.00402662070947
360	0.0026887647756
532	0.00218819220204
308	0.00140022737144
692	0.0160992269369
440	0.0
582	0.0
542	0.00539800575573
443	0.00412448727259
413	0.0040371990204
447	0.00111438480729
305	0.0
306	0.0
444	0.00133636359009
245	0.0104426647757
381	0.00108700821546
246	0.00229552945981
445	0.00134685558148
243	0.00133636359009
103	0.00241075932058
589	0.0
106	0.0
248	0.0053608739347
104	0.0
105	0.00256171668399
846	0.00269070119391
373	0.0013434995883
923	0.00135736742007
843	0.00401248784833
851	0.00402047472697
782	0.00358646397765
783	0.00135736742007
32	0.00401839713904
31	0.00267218592695
909	0.00274480393902
788	0.0
772	0.00272803343501
925	0.00256977024457
377	0.0
647	0.00268858907961
649	0.00124725894212
510	0.0
435	0.00689161974415
433	0.00133370724482
517	0.00393029117589
516	0.00334473111758
458	0.0
622	0.0
386	0.0
590	0.00278363124001
450	0.0146109365372
334	0.00950975392733
337	0.00273265603311
570	0.00136018368422
454	0.00274475826041
576	0.00123553510016
575	0.00119192900633
332	0.0023714884437
60	0.00132814665082
61	0.00267097702316
743	0.0
65	0.0013452651873
66	0.0
178	0.00389284567243
595	0.00132814665082
175	0.00114273484726
173	0.00123553510016
629	0.0255503749321
254	0.00132814665082
170	0.00136159226104
854	0.00267097702316
407	0.00133842815011
931	0.00278363124001
850	0.0
746	0.00538033594631
971	0.003987532235
0	0.0
881	0.00230002776703
530	0.0161257754474
858	0.0
540	0.0103247182313
978	0.00134127640942
499	0.0
704	0.0
654	0.00123553510016
2	0.0
187	0.00132814665082
650	0.0
509	0.00272990522357
506	0.00835601887276
738	0.0111418353264
188	0.0013434995883
189	0.00133370724482
502	0.00523083341595
500	0.0011435486844
402	0.00136583567508
568	0.00258086850044
631	0.0026887647756
633	0.00138340386857
469	0.00133370724482
737	0.0
754	0.00266185389564
638	0.0022306353192
317	0.00126591862441
6	0.0
565	0.0
316	0.0105599555204
987	0.00385906966769
933	0.00278363124001
789	0.00257534628202
168	0.00112069269944
702	0.00114754378142
885	0.00234232456659
227	0.0
165	0.00805683792614
166	0.00251422335495
160	0.00538016075154
547	0.0013434995883
220	0.00137833187785
13	0.00123553510016
505	0.00136864403168
15	0.00133727526814
14	0.00461100927446
392	0.00387726723341
634	0.0027247681492
863	0.0012849323331
731	0.00401397708739
865	0.00135736742007
936	0.00140022737144
833	0.00135736742007
823	0.00402874784579
658	0.00268254045544
720	0.00136159226104
721	0.0
729	0.0
605	0.00388669871204
630	0.00401940996586
742	0.00679132113161
152	0.00137764992692
559	0.00409235439677
558	0.0
157	0.00275759479151
602	0.0
159	0.00924211332344
557	0.0011435486844
277	0.00278363124001
609	0.0027365224902
550	0.00136040249636
552	0.0
82	0.00136159226104
90	0.00138340386857
541	0.00479145658108
239	0.00271035527996
976	0.00130626108346
67	0.00537983419269
748	0.00140022737144
235	0.00138340386857
236	0.0
230	0.00278363124001
231	0.00516446839328
70	0.0012527756481
233	0.00397067982802
48	0.0
879	0.0
951	0.0107078779984
950	0.0012527756481
972	0.00278363124001
45	0.0
955	0.00641683708158
873	0.00257802677834
40	0.00132814665082
41	0.0
322	0.0
321	0.0
5	0.00139448580467
327	0.00118984864633
561	0.0040342007822
870	0.00136159226104
329	0.00794159206185
644	0.00236460555563
775	0.00267620524013
200	0.003972433055
142	0.00520812953174
143	0.00401177679627
141	0.00132346042373
713	0.0013712674722
617	0.00271776991643
77	0.00325981647815
803	0.001239216511
75	0.0041263561382
74	0.00382902147139
72	0.00133370724482
648	0.0010758903942
485	0.00402874784579
462	0.00135736742007
482	0.00132873999166
890	0.00270939904643
686	0.00278363124001
98	0.00273860088784
946	0.0
947	0.00389368179351
940	0.00136839503268
472	0.00251259261455
356	0.00112069269944
355	0.00278363124001
688	0.00276864049943
685	0.00268989475374
684	0.0
687	0.00269107466488
479	0.0
572	0.00266185389564
