344	0.000488003384696
0	0.00145034953569
347	0.0014685778959
341	0.000489866049884
343	0.00189289906519
810	0.000478415245106
811	0.000484314086654
812	0.000977956960238
813	0.00193526535891
814	0.000497849028808
349	0.00245126349233
817	0.000488520121575
718	0.0110408845797
716	0.00434198515542
713	0.000979316603507
712	0.000988611101099
710	0.000933128772788
915	0.00832495650288
736	0.000974470293712
299	0.00097835623205
294	0.00249726007436
293	0.00047988379801
290	0.00196585393352
591	0.00243536410672
590	0.000487697850448
199	0.000965224949582
196	0.00097919917328
191	0.0014614384796
190	0.00292549535012
193	0.00245138182907
192	0.000479652840632
273	0.000491121943393
274	0.00244343688174
275	0.000477579958382
277	0.000489831043182
278	0.000977803862559
738	0.00291342678606
526	0.00145754230924
527	0.00094463700543
520	0.000974674990253
521	0.00100758947623
522	0.00138293889725
523	0.000488204735588
528	0.00480959523653
443	0.00342693841441
441	0.000487707948668
440	0.00143309445062
445	0.000487821271754
444	0.00049462295694
109	0.00100632555259
103	0.00092606065872
101	0.000473201584896
106	0.000439731181004
107	0.012926676202
105	0.000488204735588
902	0.000488006566746
39	0.00049211244157
38	0.000461307975832
907	0.000484408400708
32	0.00241224345236
31	0.00195833432925
30	0.00050115723011
35	0.000977113907136
641	0.000485582374153
643	0.00239824550376
644	0.00289406805725
438	0.000488857588146
439	0.00404615205453
649	0.000957856838169
648	0.00151337056088
435	0.00301357081363
433	0.00145876919197
338	0.00292485281218
335	0.00143270147523
334	0.00685383162257
337	0.00176498218363
332	0.00298596101634
744	0.00252450598299
745	0.0
854	0.000505613988364
818	0.00244337423197
857	0.00245023228798
850	0.000969976621802
851	0.00390830695509
819	0.00195400127552
6	0.00145080310572
99	0.000963718435251
98	0.00195812104561
91	0.000484314086654
90	0.0029627023411
92	0.00245277623774
95	0.000971386696668
96	0.000331890182352
815	0.0
740	0.000487697850448
742	0.00145397021337
743	0.000506877359336
559	0.000648497909935
558	0.000769233676865
746	0.0120352253145
554	0.000494206443664
551	0.00100001600203
550	0.00131414908094
553	0.000478415245106
552	0.000488520121575
239	0.00147271681936
235	0.00049211244157
236	0.00143565816351
231	0.00534043963303
232	0.00403215557977
233	0.0038772987629
147	0.00293759549287
618	0.000409453277024
142	0.00393262410303
143	0.000973414047138
141	0.000488520121575
613	0.000488165844736
610	0.000487511634127
611	0.000482495614531
617	0.00193714139568
614	0.00146502523047
149	0.000482322092272
1004	0.0019183120028
948	0.0075700110044
949	0.00101100558886
946	0.00404161146001
947	0.000979629116488
940	0.000488268359969
514	0.00317647431876
768	0.000479007473975
517	0.0010111295157
685	0.000479341659777
684	0.00208130154128
687	0.00341728858884
516	0.000998298571458
680	0.00292502773544
133	0.00100605429577
137	0.000488204735588
136	0.00196250030735
135	0.000485220101137
134	0.00145690903578
139	0.00630871470308
497	0.0
491	0.000480387910777
24	0.00293089848657
25	0.000387719018187
21	0.000486990625776
28	0.000485582374153
29	0.00191610326289
407	0.000480352797455
939	0.000918279257695
404	0.000481039896993
403	0.00144513037064
401	0.00342602156703
400	0.00145861111509
933	0.00147017967663
931	0.000493543220697
935	0.0033851564187
934	0.000481039896993
378	0.000893483046349
828	0.0
371	0.000975131563988
374	0.00146242662473
377	0.000968049642746
376	0.00136187990721
704	0.00155532004743
707	0.0019608463914
700	0.00393294697622
701	0.000491349638681
702	0.000972308190962
703	0.00146316303381
393	0.000955016521496
392	0.000503841186532
391	0.00146329522262
390	0.00048876756481
82	0.00048082740863
83	0.000488129419378
398	0.000494750838682
86	0.000977985927265
797	0.000486220518566
796	0.000485582374153
795	0.00146561139483
790	0.00546871053771
799	0.000500749387689
798	0.000488204735588
586	0.00647806731966
587	0.0
584	0.000973793129702
585	0.00146521016317
582	0.000485582374153
581	0.00244730977735
588	0.000485220101137
589	0.000491764890601
245	0.00291265469643
246	0.000473201584896
241	0.0
243	0.00145429959442
249	0.00144919871166
248	0.000436984222923
924	0.000479299213914
518	0.000493395461851
510	0.000449385354135
512	0.000488520121575
1003	0.000978658024193
1002	0.000488204735588
1001	0.000452703760894
1000	0.00307126052437
458	0.00156793358556
622	0.000449385354135
626	0.000488204735588
624	0.00194689601315
450	0.00146996853386
629	0.00390652531321
454	0.00391109722472
456	0.0
178	0.00531196928434
595	0.0038493012514
175	0.00142919678838
173	0.000483064501385
171	0.000977462974183
170	0.00146564413386
977	0.00528540291075
976	0.000490390954579
971	0.000490886446756
180	0.0
978	0.00977034974051
656	0.00243464450706
657	0.000479341659777
654	0.00146452872443
2	0.00344414851971
652	0.000478415245106
187	0.000980217080417
650	0.0
185	0.00148726612434
188	0.000488520121575
189	0.0014409590867
658	0.000975957068992
659	0.000974782422361
184	0.00286136512454
868	0.00100191584879
13	0.000499834193159
15	0.00146118269578
14	0.00193378455614
16	0.00143922879475
19	0.00047956130719
863	0.0180575187325
862	0.000964501598606
865	0.00096722114626
866	0.00194230624913
883	0.00047988379801
880	0.00196135326426
885	0.00199992869753
752	0.00193148952733
929	0.00192706413772
809	0.000485582374153
322	0.00363469866956
323	0.000902634713755
320	0.000478415245106
321	0.000384055953959
326	0.0
324	0.000979688586996
329	0.00194694649158
201	0.000478415245106
200	0.00343495476748
203	0.000488204735588
758	0.00270330796549
207	0.00293537772917
206	0.000449385354135
208	0.000478415245106
77	0.00303036078068
75	0.00292338233561
73	0.00155362380931
72	0.000981561306587
71	0.000481039896993
70	0.00191659101361
686	0.0
669	0.000487193528573
668	0.00144897312397
665	0.000481357077078
664	0.000960575693303
663	0.000953726906048
662	0.00196148063771
660	0.000488204735588
692	0.00580830426903
693	0.0029019047679
696	0.00194125693481
697	0.00195201063653
698	0.000485582374153
699	0.00353611838244
542	0.00245097213399
540	0.00632061507997
541	0.000968632722479
546	0.000869080886524
547	0.000976814815453
544	0.00194862977909
8	0.000973414047138
995	0.00291709818248
994	0.000971901070863
997	0.00294635821686
996	0.00144827012473
991	0.00147106675927
990	0.00195845094225
993	0.000976370580324
120	0.0193748032945
122	0.000958979804247
125	0.000449385354135
126	0.00250275149628
127	0.00192437809425
414	0.0019510565321
415	0.00146679495745
416	0.00252200726961
410	0.0
920	0.00243711864793
921	0.000965359639478
923	0.015245302105
418	0.00144827012473
925	0.00146137707688
499	0.00246712613244
319	0.000769233676865
313	0.00202155023157
311	0.000972792889314
310	0.00136130914276
317	0.000488204735588
316	0.00685699056353
315	0.000961406320484
314	0.00192958415493
832	0.00323492647293
833	0.000496212614004
837	0.0
835	0.000978833140035
838	0.000993918692783
369	0.000994071150194
367	0.0043932257347
365	0.000482322092272
360	0.000488422691802
361	0.000485582374153
381	0.00143989361341
383	0.0019540796992
388	0.00192210089374
784	0.000977164874707
780	0.000893483046349
782	0.00497459947663
783	0.000976466418649
789	0.000968912577781
573	0.00100203778265
571	0.00048359574296
570	0.000488204735588
577	0.00146729401736
153	0.00776296882592
575	0.00302018859887
61	0.000490589992577
62	0.00147788297176
152	0.000488204735588
64	0.000449385354135
65	0.000978194890469
66	0.000498040460284
67	0.00341569022667
68	0.000485582374153
69	0.000783690106124
251	0.000485582374153
256	0.000506877359336
600	0.000505988336008
157	0.00292519099684
731	0.0072930999642
730	0.000504522888828
732	0.000940254661982
735	0.00128308665081
737	0.000477579958382
509	0.000440779285454
506	0.0053152208516
507	0.000488847599774
505	0.000880510466458
502	0.00385481758504
503	0.00191457446469
500	0.00546978458356
630	0.00146196680693
633	0.00196282243339
634	0.00046889390356
468	0.00145127059743
638	0.0
464	0.000958103653421
901	0.000977164874707
168	0.010067032751
169	0.000963361989265
164	0.0
165	0.00195661536742
166	0.00553280774064
167	0.00195305111356
160	0.00293239976773
161	0.000488204735588
966	0.000504250286614
963	0.000972411785403
969	0.00047988379801
909	0.00048876756481
878	0.000963342947262
879	0.000721338473883
876	0.000492347004393
874	0.00291584475713
875	0.00049211244157
872	0.000485582374153
873	0.00145732228178
870	0.000958041315522
890	0.00488767574428
891	0.00390177500786
895	0.000995703675945
898	0.000478415245106
899	0.0019099112571
646	0.00147242881899
356	0.00956889648881
355	0.000490316272781
808	0.00143408861642
353	0.000487777547153
351	0.000498040460284
800	0.000492998921829
807	0.000977062323734
806	0.00148630402171
216	0.00115916915635
214	0.0103531419533
769	0.000488204735588
213	0.000488204735588
762	0.00100005380054
763	0.000387719018187
761	0.000485568221094
764	0.00194229904861
765	0.0055044813405
957	0.000976991847914
956	0.000771566982689
289	0.000477015580053
288	0.00292498767598
281	0.00145605620949
280	0.00585500803273
284	0.000973793129702
674	0.00100935671387
676	0.000896100135479
670	0.00143935236783
671	0.00140945531459
673	0.000488204735588
260	0.00252532322661
267	0.00199936758045
266	0.0040360533928
264	0.000973854217753
268	0.00538338927214
58	0.000491121943393
56	0.000973748218889
50	0.000320465878726
53	0.00441262119546
52	0.00201315813373
537	0.00143387997135
535	0.00197660648913
534	0.00281649989386
532	0.000480387910777
531	0.00146033491308
530	0.00487768941226
539	0.000498269419684
775	0.00145548047316
988	0.000488520121575
774	0.000978229054597
980	0.00287962482099
777	0.00144041954933
984	0.00250402531927
985	0.000478415245106
114	0.00241608011185
117	0.000489594407355
112	0.0035320635286
118	0.000478415245106
773	0.0
772	0.0122005069646
429	0.00195734531201
428	0.00735901311538
919	0.00134583004578
918	0.000383847964502
421	0.00146554730049
420	0.00100634801407
423	0.00378889985764
422	0.000486220518566
425	0.00451633088874
424	0.000977017609268
913	0.00149630423548
912	0.00804015187752
855	0.00243853786084
301	0.000488520121575
304	0.0
306	0.0029189665238
307	0.000488204735588
846	0.0014640867797
844	0.0016418760102
843	0.00143745951853
840	0.00243533112063
853	0.000488962934609
849	0.00238935475566
823	0.000988956444477
822	0.000440779285454
569	0.000482804006651
750	0.000487511634127
754	0.00144089347511
759	0.00150554327381
563	0.000486220518566
565	0.000414643954738
566	0.00194350591674
987	0.0140811505185
739	0.00195144594176
229	0.00195000397309
228	0.00144690079775
226	0.000484408400708
224	0.000980704962813
223	0.000481357077078
220	0.00244115493558
724	0.000959227288335
723	0.00230122236643
720	0.00242002713622
721	0.0035410937202
605	0.00337240395966
150	0.00101007042554
607	0.00341290046403
606	0.000488204735588
601	0.000896100135479
154	0.000449385354135
603	0.00397992384367
602	0.00151193554965
159	0.00147945817361
609	0.00686433687404
469	0.00244204975554
749	0.00193860590424
958	0.0
48	0.00506956861186
951	0.00245429568243
950	0.000452703760894
953	0.000980704962813
952	0.00147159140957
955	0.00194689158677
954	0.000976991847914
40	0.000493395461851
41	0.00268739299484
5	0.0024032756055
487	0.000449385354135
485	0.000979429897165
484	0.00145716979968
482	0.00145360648194
480	0.000485582374153
472	0.00503733048455
470	0.00193369364416
471	0.000487675167494
476	0.00049211244157
477	0.000449385354135
474	0.00045324935962
478	0.000488857588146
