214	0.00124127829896
769	0.0
668	0.00863014263433
762	0.00867122627023
761	0.0
663	0.0
662	0.000367408275596
135	0.121877285699
804	0.0
692	0.00432777158688
29	0.0
289	0.0
573	0.00408370094161
405	0.00777053989746
541	0.0
4	0.00765354261105
810	0.0
280	0.000367408275596
813	0.00863014263433
814	0.00442709192932
936	0.00765354261105
935	0.00863014263433
997	0.0096898192225
996	0.0
719	0.0
718	0.00847715570627
676	0.0
714	0.0
670	0.0
120	0.00333819648643
125	0.0
126	0.0410488485353
56	0.00060611756775
855	0.00765354261105
537	0.0
535	0.00285114669933
534	0.00863014263433
532	0.0
371	0.00765354261105
921	0.0
923	0.0
418	0.0
419	0.0
823	0.0049730067874
591	0.00863014263433
595	0.00863014263433
891	0.0
196	0.00504748276176
700	0.0
701	0.0
193	0.0
192	0.0
742	0.00531440023399
111	0.00863014263433
113	0.00319441103456
82	0.00765354261105
118	0.0
984	0.00408370094161
796	0.0
414	0.0
837	0.0
790	0.00790909972278
772	0.00101703939736
416	0.00408370094161
522	0.00432777158688
369	0.00140673672924
362	0.0
910	0.00437782255925
607	0.00432777158688
912	0.00753574108299
586	0.021306980246
977	0.0
581	0.00765354261105
306	0.00785980533053
381	0.0
108	0.0
243	0.00432777158688
388	0.000649631121768
103	0.0
249	0.0
107	0.0
104	0.00408370094161
105	0.0
784	0.00124127829896
900	0.000649631121768
782	0.00841147252849
783	0.0
32	0.0
35	0.0
293	0.000367408275596
924	0.0
644	0.0
646	0.0014633869499
510	0.0
1004	0.0
433	0.0
517	0.0333225910548
516	0.0
622	0.0
379	0.000367408275596
624	0.0
335	0.0
334	0.0304420796758
337	0.00765354261105
628	0.0154636522522
576	0.0
332	0.00878822741878
61	0.0434324316623
62	0.0103726357618
66	0.00807491494051
67	0.0
69	0.0
887	0.00060611756775
173	0.0
913	0.00122517841476
170	0.0156600459547
854	0.00963638288457
542	0.00465779798445
850	0.0
851	0.00765354261105
657	0.0
654	0.0
650	0.0
506	0.0
738	0.0
189	0.0
502	0.00863014263433
500	0.0355377136141
547	0.000367408275596
630	0.0
468	0.0
739	0.00863014263433
168	0.00753574108299
702	0.0
227	0.00401461683555
90	0.0154636523964
166	0.00414938411939
703	0.0234568045438
223	0.00863014263433
161	0.00060611756775
220	0.0151556985776
881	0.0
14	0.0
963	0.0
863	0.000649631121768
862	0.00227462835728
867	0.00800650334366
724	0.0
720	0.00863014263433
397	0.00777053999939
659	0.00785980533053
605	0.0
153	0.0
559	0.0
745	0.0
746	0.103053648042
602	0.00414938411939
159	0.00124127829896
551	0.0014633869499
550	0.00432777158688
98	0.0
231	0.0159236880296
879	0.0
47	0.0
870	0.00765354261105
5	0.0
329	0.0
688	0.0
775	0.0
774	0.0
895	0.00122517841476
206	0.0
898	0.0
899	0.0
617	0.00926389859672
614	0.0
75	0.00504748276176
648	0.0154069532582
482	0.0
949	0.00747891595797
947	0.0
942	0.00765354261105
356	0.0120584838422
809	0.0
471	0.0
1001	0.0
950	0.0
685	0.0
687	0.00442709192932
800	0.0014633869499
682	0.0
