344	0.00155022731808
0	0.011479539341
347	0.00105024312205
341	0.00107093853053
343	0.00377401658813
810	0.000553364671528
812	0.00259770019991
813	0.00271735968197
349	0.00107966306347
817	0.00105148835802
719	0.00166975478719
718	0.00817335822515
716	0.00054835494895
714	0.000548154364987
713	0.00106530652301
712	0.0
710	0.00273722737856
915	0.00699567734162
736	0.000539426580799
299	0.00105760651865
294	0.0056883551653
295	0.00109394072625
292	0.000578085206168
293	0.000547918193112
290	0.00160093052956
291	0.00212455560056
591	0.00323723445846
590	0.000527201372189
592	0.00319081189072
595	0.00216912787872
198	0.000536806343377
596	0.000538033641191
599	0.00164180754006
194	0.000550587325214
197	0.00054862504363
196	0.00426761854344
191	0.00108758094579
190	0.00160295285696
192	0.000564355182938
272	0.00162243868995
273	0.000550587325214
274	0.00160250555933
275	0.000559072845577
277	0.0010493589682
278	0.00160302152819
526	0.00160955044735
522	0.00054057746765
528	0.00323034681675
443	0.00264156014908
441	0.000531614006429
440	0.000557251971132
447	0.00413838114402
445	0.00160991394663
103	0.000526894949533
101	0.00111438075731
107	0.00379278230829
104	0.00256781430531
105	0.00111684819479
900	0.00107378972004
38	0.00104719821144
905	0.000539975424051
32	0.00107577946597
31	0.00103700484314
30	0.00156212361448
35	0.000848024732812
641	0.000573510261237
643	0.00109385504285
644	0.00164994141323
647	0.00107061843863
439	0.0015548526967
648	0.00619160916661
435	0.00156847601956
432	0.00113704030798
433	0.00166639723053
339	0.000546903056132
338	0.000573510261237
335	0.0138175507513
334	0.00534652676524
337	0.00317276911913
333	0.00219247245927
332	0.00362650588788
854	0.00315301423505
855	0.00106390268655
857	0.00213668783172
850	0.00326591939079
851	0.00374678140574
819	0.000575131140621
6	0.00109394072625
98	0.00639390718208
91	0.000544661522193
90	0.0142399724827
95	0.000573510261237
96	0.0
742	0.00323231988001
743	0.00208858257549
559	0.0
558	0.000345532290183
746	0.010234215065
556	0.0015548526967
550	0.00107932126874
553	0.0011075612053
239	0.00109381484445
236	0.00111061664266
230	0.000527201372189
231	0.00282591074361
232	0.00516216415822
233	0.00107345670618
147	0.0079132601784
618	0.000445414246588
142	0.00637690129217
143	0.000578085206168
613	0.000545214393735
614	0.0021572992329
149	0.000564890304415
1004	0.00220188193162
948	0.00790035051484
949	0.00103564440881
946	0.00309184320093
947	0.00158109951309
942	0.000532178945352
940	0.000548154364987
514	0.000550455214698
517	0.0026543603187
685	0.00432296840372
684	0.00149761582924
687	0.00159201283447
686	0.000527201372189
680	0.0
683	0.000532565251448
682	0.00281931390655
133	0.000515092640791
132	0.000532575061268
137	0.000532178945352
136	0.00105360442336
135	0.00638752623376
134	0.00158340183698
139	0.00104879807514
493	0.00214892480842
24	0.00160900420653
25	0.00134450000855
26	0.00053498901342
28	0.000573510261237
29	0.00220993721238
407	0.00111307976671
405	0.000532178945352
404	0.000543291609217
402	0.00261933802495
401	0.00315662032853
400	0.00053736400341
933	0.00157071499664
931	0.00106253066523
936	0.00105223255627
409	0.00164229567521
371	0.0010783363926
373	0.000345532290183
372	0.00108606938273
377	0.00440844234115
704	0.000548154364987
706	0.0010764935865
707	0.00108332859677
700	0.0031356599685
703	0.0010662203515
393	0.000542824130047
392	0.00052629009537
391	0.00107240828915
176	0.000522210977545
82	0.000538033641192
181	0.000557251971132
399	0.000523583770769
398	0.0
86	0.0021280263387
796	0.00163221850859
795	0.00101623253991
794	0.000525062002156
791	0.0
790	0.00310571034625
586	0.0182958247885
587	0.000543881512211
585	0.00108617123246
582	0.000573510261237
580	0.0
581	0.000531837239229
589	0.000538480639547
245	0.00399881501191
246	0.00166500635024
249	0.00164185891937
248	0.00160471063635
924	0.00224449702513
513	0.00055867068697
512	0.000335292786368
1002	0.000433737981102
1001	0.00112151020973
516	0.00116148627579
458	0.000964660115032
622	0.0
951	0.00660061232339
624	0.00114128176628
450	0.000536806343377
629	0.0101953190392
628	0.00268973011612
454	0.0079712690806
457	0.000551616716658
178	0.0131163437294
199	0.00334661937768
175	0.00279108483355
173	0.00163980750194
171	0.000527201372189
977	0.00274945342039
976	0.00217928765767
972	0.000527201372189
971	0.00106398178231
180	0.0
253	0.00159755053315
654	0.00169672229202
2	0.00313684855549
187	0.000536806343377
650	0.00282265310948
185	0.00110505873894
188	0.000535185933516
189	0.00109525800508
658	0.001073254932
659	0.00107620275986
869	0.000522210977545
868	0.00414214296879
13	0.00114137288694
14	0.00225310257494
17	0.000502492442629
16	0.00221222654281
19	0.00110018207182
863	0.00053736400341
862	0.00273249175004
865	0.00108906352613
866	0.00108644378379
883	0.00218529102832
881	0.00116514832882
880	0.000550587325214
885	0.000516497804061
752	0.00160228194846
889	0.00051568918826
809	0.000573510261237
322	0.00215967984632
327	0.00112629119497
329	0.00172113634295
688	0.000553364671528
201	0.000553364671528
200	0.00479578985993
776	0.00374497108165
771	0.00213769064801
207	0.00279010314504
772	0.00107029620293
209	0.00155285900689
208	0.000553364671528
77	0.00103651394904
75	0.00482165028668
74	0.00413951920491
70	0.0016218012597
78	0.00164452805147
669	0.00053348644235
668	0.00271735968197
664	0.000553364671528
663	0.00326913898302
692	0.00539293075321
693	0.00214767406418
696	0.00109106690534
697	0.00053437273396
695	0.00107213563642
698	0.00401349789753
542	0.00218505841613
543	0.00106398178231
540	0.00172462498391
541	0.00276628039822
546	0.0010806784925
544	0.000531291518366
994	0.00227470418094
996	0.00223285089351
991	0.00109394072625
990	0.000534512400512
993	0.00053736400341
120	0.00213404268202
122	0.00106348939538
126	0.00568177736613
127	0.00109936177543
128	0.000514855169696
415	0.00105716266488
416	0.0114379379966
410	0.00168073302814
920	0.00267480437356
921	0.0022438806896
922	0.00053498901342
923	0.00328889941762
418	0.00222753712283
925	0.000573510261237
926	0.000527201372189
319	0.00131047399019
318	0.00204765452753
313	0.00311192725303
311	0.000573510261237
310	0.00316302824983
316	0.00106763999039
832	0.00055867068697
833	0.000544646311806
830	0.00223811345092
837	0.00107958509903
834	0.000539426580799
835	0.00053736400341
838	0.00156817317181
369	0.00167403787038
364	0.00115315608435
365	0.00162312896291
362	0.00588527114541
360	0.00214545647934
361	0.000573510261237
381	0.00394286890041
383	0.00373285310268
784	0.00053736400341
782	0.00311622189419
783	0.00168794578785
788	0.0015717108829
789	0.000573510261237
151	0.000532282491131
573	0.00310507384336
572	0.00109556127045
577	0.000527201372189
153	0.000540067204495
575	0.00155250196543
61	0.00162772494083
62	0.0027801294426
67	0.00154935050074
68	0.00114244399024
69	0.000534649128861
250	0.0010310492794
251	0.00170319577967
256	0.0036313315809
257	0.000522210977545
603	0.000523583770769
939	0.000539289677664
731	0.000553526556778
730	0.00206949423089
732	0.000547037670123
735	0.00105686010641
737	0.00110440735811
509	0.00213053113429
506	0.00945775610797
738	0.00452027444651
505	0.000528528662278
502	0.00545025299114
500	0.00155530512308
630	0.00323376706877
631	0.001073254932
633	0.00160880370564
469	0.000677375108416
468	0.00168747898334
465	0.000518890200476
464	0.00109541888055
901	0.00053736400341
168	0.00983130741166
164	0.000523095654752
165	0.00352230722497
166	0.0020803989429
167	0.0016050469276
160	0.00213365955844
161	0.000522210977545
966	0.00155868615868
963	0.000516014774093
935	0.00217017077764
908	0.000512573777127
909	0.000546885078861
879	0.00213875868577
872	0.00115315608435
873	0.00228698741994
870	0.0010635176757
890	0.00326631888161
891	0.00482242638611
898	0.00110671353519
646	0.00111543623886
356	0.00828271355322
355	0.000527201372189
808	0.00166055999313
353	0.00160484648891
803	0.00159567857128
802	0.00107780489596
800	0.000556765551891
807	0.00698498405514
804	0.00116148627579
216	0.00133565834858
214	0.00856589649246
769	0.00163720301134
762	0.00207180831597
955	0.00114983264725
767	0.00164180754006
764	0.00229691326484
765	0.00412594028912
957	0.000550587325214
956	0.00100277636729
288	0.00322032272808
4	0.00106379295178
281	0.00161948111296
280	0.0101983842277
283	0.00053498901342
285	0.000527201372189
284	0.0
674	0.00208681305023
670	0.00218809605387
260	0.00103381716013
267	0.003704594123
266	0.00207233708134
264	0.000522210977545
268	0.00479394787673
58	0.000522210977545
56	0.00169399848026
50	0.0
53	0.00162215807221
52	0.00103223610829
537	0.00222568994589
535	0.00111559348549
534	0.00161746242279
532	0.00230159624904
531	0.00171872122218
530	0.00430084067522
538	0.00109394072625
774	0.000526676828393
980	0.00165557312702
987	0.0177369695546
984	0.00206521320895
985	0.000553364671528
117	0.00106530652301
111	0.00103893476967
110	0.000516636951415
112	0.00419965565555
119	0.000518890200476
118	0.00216390981746
429	0.00212328186748
428	0.00534528516429
918	0.000514401020624
421	0.00101623253991
420	0.0
423	0.00557853215413
422	0.00110579524816
425	0.00256711567681
424	0.00101623253991
912	0.00935482997098
308	0.000557739208888
309	0.000540829228951
302	0.00159957997687
304	0.00106336279993
305	0.00051242738346
306	0.00268189425246
846	0.0016104249723
844	0.00186636768028
843	0.00110772470636
840	0.00172391245119
853	0.000523095654752
849	0.00281917520384
823	0.000546644068018
568	0.00159813091739
569	0.00109211744987
754	0.000553728620702
561	0.00268604910542
759	0.00207539233848
563	0.00110454657099
565	0.000511017151423
566	0.000532282491131
739	0.00106945324701
229	0.00162086428205
228	0.00274057823423
225	0.000557461404604
223	0.00107339292995
221	0.000538743801087
220	0.000535709315163
727	0.0
724	0.0038353916341
723	0.0
720	0.00326145342934
721	0.00257415725896
605	0.00547494524443
607	0.00381049241838
152	0.00105983629994
157	0.0021352114945
602	0.00208696657433
159	0.0016048671444
158	0.000557140736436
609	0.00540281642427
83	0.00107077188446
634	0.00157583565583
48	0.00132153307958
46	0.000526894949533
950	0.00108974061029
953	0.000345532290183
952	0.0021026293196
42	0.000523095654752
40	0.00483093629914
41	0.0
638	0.00314079944262
5	0.00276752519491
488	0.00106938945842
484	0.000536546566621
482	0.00114779459159
480	0.000573510261237
472	0.00465888506597
470	0.00164185891937
477	0.00105100478459
479	0.00105378671946
