214	0.000649336411133
663	0.0
765	0.012237392755
91	0.0
96	0.0
135	0.0314287342549
134	0.00108981977013
692	0.00061944493296
289	0.00650062839633
0	0.000563744905064
405	0.00520867345022
404	0.00103926788831
546	0.000331843690206
810	0.00501566089773
931	0.0
163	0.000513134399416
814	0.000222218758219
935	0.00061944493296
737	0.0
718	0.0
674	0.000287400004556
671	0.0
120	0.000732408783038
260	0.0212593026173
267	0.000331843690206
53	0.0030625639703
414	0.0
416	0.012237392755
534	0.00061944493296
532	0.0126986088806
531	0.0
371	0.00520867345022
912	0.0359572862855
418	0.0
419	0.0
377	0.0
591	0.00114748940733
199	0.00100268695939
891	0.0
980	0.0
67	0.0
317	0.0
987	0.0
702	0.00693916774617
192	0.00285806319818
393	0.0
272	0.000193136319724
111	0.0
275	0.0
112	0.00117881627512
86	0.0
118	0.0
537	0.0
837	0.0
790	0.0247542329838
581	0.0102863638836
535	0.000515553409439
369	0.000437066320366
915	0.000859888164575
365	0.0
362	0.000476086709077
913	0.000212424404714
828	0.0113359930308
977	0.0
542	0.00268229376729
440	0.0
306	0.0
444	0.000664658644333
245	0.0115128824597
381	0.0143152607734
383	0.000446672267302
388	0.00061944493296
107	0.00707191403636
105	0.0
923	0.00453011313708
843	0.0
841	0.0114465602424
783	0.0168674228495
32	0.00588090597851
908	0.0
30	0.0125168402288
924	0.0207563493388
643	0.00706545819459
644	0.00693916774617
439	0.0118430544008
648	0.0854053553143
513	0.000230700412149
435	0.000222218758219
433	0.0176731126045
517	0.00135782343108
516	0.0223633835291
624	0.0
335	0.00941381850813
334	0.0
881	0.0
332	0.000522597909439
62	0.00196375570743
178	0.00714738782102
175	0.00171409106865
256	0.012237392755
823	0.00122764143539
171	0.0
886	0.000196647694843
854	0.0021523123844
541	0.00220115341069
850	0.0115365713295
885	0.0
819	0.0
899	0.00427439526875
540	0.00588090597851
730	0.00030037915122
654	0.00590421382334
2	0.000239178264851
184	0.000182243956845
736	0.00511091527409
506	0.00315247255781
738	0.0237633273937
250	0.000405687865125
189	0.0
500	0.000686119138468
751	0.000587779155776
633	0.0
650	0.0186721945257
638	0.0
700	0.0042358764951
462	0.00520867345022
98	0.00175535535288
168	0.0467685290711
229	0.0
813	0.00061944493296
90	0.0284928779318
166	0.000531877160303
703	0.000450933441983
223	0.00061944493296
220	0.0
11	0.0
868	0.0249640632349
13	0.00560160121215
549	0.000881257359511
14	0.032950556398
963	0.0
840	0.0
865	0.0
724	0.0082645839895
722	0.000239178264851
720	0.00061944493296
721	0.0
605	0.0142407609061
150	0.0
742	0.000397872093569
743	0.000279439014234
745	0.0
746	0.0063086624114
553	0.00175535535288
292	0.00520867345022
996	0.002029632
231	0.0057674850084
232	0.012237392755
951	0.000219274383621
950	0.0
955	0.0
870	0.00061944493296
808	0.0021271326343
5	0.00345546067834
327	0.00285806319818
329	0.0
890	0.0
774	0.0
776	0.00240180479295
205	0.00953013473943
796	0.0082645839895
208	0.000182243956845
646	0.000710870004955
77	0.0120231655107
803	0.000287400004556
75	0.0
485	0.000273956134565
484	0.00706545819459
482	0.0
1004	0.0
948	0.00057286156248
949	0.0236103739316
947	0.0
356	0.0242605582656
471	0.0
1001	0.0340944831583
685	0.0281644450372
687	0.00267857042503
804	0.0
807	0.0
682	0.0236547282609
