344	0.00203291150593
0	0.0105254113131
347	0.00102088909794
341	0.0010232342618
343	0.00263408822473
810	0.0010638269389
812	0.00251329082684
813	0.00207175764331
349	0.00205303427277
817	0.0015141974166
719	0.00159073608321
718	0.00724113768291
716	0.000517214761519
715	0.000509906822204
712	0.0
710	0.00263281208654
915	0.00770184178535
736	0.000512413130235
294	0.00601404597654
295	0.00105232915248
293	0.00104214644341
290	0.0
291	0.000514855113485
591	0.00103983498823
590	0.00153083942547
592	0.00207265299241
595	0.00207144176061
597	0.000535344288013
596	0.000513878119822
599	0.00157934391969
191	0.00155402369794
190	0.00357697333081
192	0.000534322003004
272	0.00208000447469
274	0.00101729712152
275	0.00213666987194
277	0.00152563959571
278	0.000515782205442
526	0.000504873317653
528	0.00103091054745
443	0.00356272592481
441	0.000515211380859
440	0.00106005525108
447	0.00451851248448
445	0.00100829986794
444	0.00104935465874
103	0.00210504653233
101	0.00105589328158
107	0.00368709762239
104	0.00199846799656
105	0.000536144637853
900	0.00155583384675
38	0.000506892192979
907	0.000502886170912
32	0.00261654386686
31	0.00203872676111
30	0.00151187995675
35	0.0015200529304
641	0.000547021367483
643	0.00104293096419
644	0.0015929405489
647	0.00203468658308
439	0.00100362269981
648	0.00701271756955
435	0.00252145415843
432	0.00108007290487
433	0.00216372691238
339	0.000525619468537
338	0.000547021367483
335	0.0137834488692
334	0.00102043487942
337	0.00152200972782
333	0.00210661195461
332	0.00352821635017
854	0.00361848381003
855	0.000510532114476
857	0.00358423850715
850	0.00104729589005
851	0.00102478932031
6	0.00157341558857
98	0.0010330790679
91	0.000502734291941
90	0.0094641539899
92	0.00101853713016
95	0.000547021367483
96	0.0
742	0.00308000828259
743	0.00303857579211
559	0.0
558	0.00100723435202
746	0.00828260773933
748	0.000509906822204
557	0.000521086436096
556	0.00100362269981
551	0.000524080382805
550	0.000517700587484
553	0.00106279336976
239	0.00157473867172
236	0.00105886194602
230	0.00205498616579
231	0.00379223171511
232	0.00350589240702
233	0.00154299847532
147	0.00715770824333
618	0.0005015600416
142	0.00713861688787
143	0.00108279417223
141	0.000505866374878
614	0.00557838895203
149	0.000542349225768
1004	0.00159481274201
948	0.00656868343093
949	0.00100362269981
946	0.00250235383526
947	0.00151322204296
942	0.000509153061809
943	0.000526745613477
940	0.000521086436096
514	0.000532068633916
517	0.00152180992126
685	0.0035867807194
684	0.00306166248948
687	0.00357604125812
686	0.00102088909794
680	0.0
682	0.000531386806934
133	0.000500192115979
132	0.0
137	0.000509153061809
136	0.00254605810671
135	0.00662352780584
134	0.00155645441334
139	0.0
493	0.0015175912487
24	0.00101054919301
25	0.00200917643753
26	0.000507425734617
28	0.000547021367483
29	0.00211834011218
407	0.00052481268401
405	0.000509153061809
404	0.000517999927455
402	0.0
401	0.00308970884831
400	0.000511612809623
933	0.00816378707738
931	0.001537276546
936	0.00101253126046
409	0.00157624500491
828	0.000541313056362
371	0.00101657879643
373	0.000510679758872
372	0.00103592935506
374	0.000512396369438
377	0.00365129465219
704	0.00103216888064
707	0.000522876834105
700	0.00252654014244
702	0.000522134400749
703	0.00154040503804
393	0.000528383021891
392	0.000504755591242
391	0.000503426550283
397	0.000535344288013
176	0.000506699300765
82	0.000513878119822
181	0.00155614201946
399	0.0
398	0.0
86	0.00152875976717
796	0.000515401113755
795	0.00151978912442
794	0.000516946003317
791	0.00104871302515
790	0.00351811190228
607	0.00365350844847
586	0.0192713642681
587	0.000517810302724
582	0.00163919813926
580	0.000524717831722
589	0.000522134400749
245	0.00273741530467
246	0.00157961439407
241	0.000507574558789
249	0.00263933426986
248	0.00101973379929
924	0.00214347451337
513	0.00105296770758
512	0.00101285075142
1002	0.000498496266496
1001	0.0015983013341
516	0.00107915866054
458	0.00201498362066
951	0.00574872615048
624	0.00162044269661
450	0.00156140760131
629	0.00859295516339
628	0.00257005540478
454	0.00154850713586
457	0.000521825999959
979	0.000535344288013
178	0.0120803504059
199	0.00105759626089
175	0.00320091238146
173	0.0015694448497
171	0.00153083942547
170	0.000510532114476
977	0.00371940518949
976	0.00208961478599
972	0.00102088909794
971	0.00968767970085
180	0.0
253	0.0
978	0.000518563846759
656	0.00101729712152
654	0.00107445934745
2	0.00252318788886
187	0.00103557491416
650	0.000536747592128
185	0.000501067844683
188	0.00207404918597
189	0.00206951383635
658	0.000504873317653
659	0.00153716654516
869	0.000506699300765
868	0.00401355426943
13	0.00212434590515
14	0.00213298301858
17	0.00101783880099
16	0.00160175726848
19	0.000527109950284
863	0.00153868650392
862	0.00365916667875
865	0.000526209453954
866	0.00051512834201
883	0.000517214761519
881	0.00216068128749
880	0.00104724014421
885	0.00100294923842
752	0.00154302629883
809	0.00108025006387
322	0.00104933613858
327	0.00161492482983
329	0.000541180549488
688	0.000530775401515
201	0.000530775401515
200	0.00510328430593
777	0.000536747592128
776	0.00257916775255
771	0.00358306301138
770	0.00104802434192
207	0.00253161542561
772	0.000523915852429
209	0.00150625180637
208	0.00106284403543
77	0.00100363944846
76	0.000536747592128
75	0.00151990301342
74	0.00351954989584
70	0.0015702612341
78	0.00209850235141
668	0.00155306548188
664	0.000530775401515
663	0.0015869237546
692	0.00410089569579
693	0.00263606874357
696	0.00103508846761
697	0.00204331590283
695	0.00103658617287
698	0.00383458365187
542	0.00155967447832
543	0.00152900164328
540	0.00219467942741
541	0.00266440057899
546	0.000503831405933
547	0.00101419192143
8	0.000533726744265
994	0.00214686754723
996	0.00106753144479
991	0.00105232915248
990	0.00713219090039
993	0.00102706528338
120	0.00257730605874
122	0.00158871610101
126	0.00401492233294
127	0.0010468302313
414	0.00106591944483
415	0.00103689192369
416	0.00956347919932
410	0.00910985861905
920	0.00101254798256
921	0.00107463883241
922	0.000507425734617
923	0.00471249096816
418	0.00214089441129
925	0.000547021367483
926	0.00102088909794
499	0.00103105371031
319	0.0014981585369
318	0.00152133411186
313	0.00350812430431
311	0.000547021367483
310	0.00206719427934
316	0.0030755712171
315	0.00052888732477
832	0.00052888732477
830	0.0016417281608
837	0.00157430441215
835	0.000511612809623
838	0.00152540836215
369	0.00210553445993
364	0.000547021367483
365	0.0010304243549
362	0.0045707614762
360	0.000504873317653
361	0.000547021367483
381	0.00373470121337
383	0.00253825084192
784	0.00102400917906
782	0.00703110633899
783	0.0021186750503
788	0.0
789	0.000547021367483
151	0.0
573	0.0030147901171
572	0.000506617362644
577	0.00153447350994
576	0.000538151379696
575	0.00150391493128
61	0.00102403121391
62	0.00210718925778
67	0.0015226445878
68	0.000547021367483
69	0.00050155411237
250	0.00733231148924
251	0.00161515576655
256	0.00300980846443
257	0.000506699300765
157	0.00101660612297
731	0.00105790910036
730	0.00200698833526
732	0.00105828180062
735	0.00100825341313
737	0.0015937817737
509	0.0
506	0.0127375755674
738	0.00801817220663
505	0.000506892192979
502	0.00576307423072
500	0.00303005765252
630	0.00254838722876
631	0.000504873317653
633	0.00106506726125
469	0.00863674037386
468	0.00372624502051
465	0.000501985260153
464	0.000530775401515
901	0.000511612809623
168	0.010028610049
165	0.00457886695567
166	0.00151532816714
167	0.00101500029341
160	0.00101157261842
161	0.000506699300765
966	0.00100362269981
963	0.000507055612822
969	0.000536747592128
935	0.00258761754912
909	0.00103629563426
879	0.00100442196511
872	0.00108949441593
873	0.00218101973657
870	0.000507425734617
890	0.00313082767009
891	0.00354351009016
898	0.0010567563385
646	0.00158026018399
356	0.00905355586312
355	0.00102088909794
808	0.00264382105964
353	0.00152208768499
803	0.000504755591242
802	0.0025998923947
800	0.000527292476417
807	0.00665409004144
804	0.00107915866054
216	0.000999968766529
214	0.00774622196157
769	0.00102402593986
762	0.00301047552351
767	0.00157934391969
764	0.00274220633742
765	0.00450771872952
957	0.00103045139289
956	0.00152564204563
288	0.00252049079393
4	0.00412416468066
281	0.000531386806934
280	0.00252952656265
283	0.000507425734617
285	0.00102088909794
284	0.0
674	0.00150888437345
670	0.00159436548644
260	0.00100180437358
267	0.00556391850689
266	0.00150476887645
264	0.000506699300765
58	0.00154031189097
56	0.000547021367483
53	0.00156904377133
52	0.00100280526266
537	0.00211027392056
535	0.00262438351904
534	0.00261343312677
532	0.00214748080252
531	0.00109188192292
530	0.00203705533529
538	0.00105232915248
775	0.000531386806934
774	0.000503846549913
980	0.00158079739355
987	0.0169181857749
984	0.00200522297163
985	0.000530775401515
114	0.000531386806934
111	0.00100851321931
113	0.000524080382805
112	0.00251311264429
119	0.000501985260153
118	0.00159267206794
429	0.0010309898745
428	0.00665752255393
421	0.00101402727244
420	0.0
423	0.00633989436964
422	0.00107196416304
425	0.00199810469493
424	0.00253491052209
912	0.00956624725266
308	0.000536144637853
301	0.000507574558789
302	0.00204274044077
304	0.00103058095466
306	0.00461344897775
846	0.00151434739422
844	0.00201779450649
843	0.00104890771621
840	0.00219250967154
849	0.00378875224793
823	0.000524080382805
568	0.000503846549913
569	0.00104283423006
561	0.00201906981868
759	0.00151288138883
563	0.00052888732477
565	0.00101663003509
566	0.0
739	0.00152857462422
229	0.00154690457647
228	0.00263403931205
223	0.000517700587484
220	0.00103621544432
727	0.0
724	0.00261003560198
722	0.000524080382805
723	0.0
720	0.00258883150682
721	0.0025006636707
729	0.000521825999959
605	0.00578880206513
150	0.00104357978086
153	0.000536747592128
152	0.00101784171053
603	0.0
602	0.00302513034252
159	0.00102964991571
158	0.000531386806934
609	0.0182314682565
83	0.00153454970445
634	0.0
48	0.00301331298238
46	0.000516834074628
950	0.00105936796229
953	0.00203614757095
952	0.0020370187354
955	0.00109708455736
954	0.00101419192143
40	0.00208020280665
41	0.0
5	0.00212525030793
487	0.000534960870117
485	0.00104102638612
484	0.000504873317653
482	0.00163099716992
480	0.000547021367483
472	0.00450905021292
470	0.00157902312213
471	0.000510679758872
477	0.000516834074628
479	0.00157182168511
