341	0.000946119400693
343	0.0
810	0.0
812	0.00271528833434
817	0.00284016279616
719	0.000983554628865
718	0.00227343840653
715	0.0
712	0.00121316078489
710	0.000531058588362
915	0.00378466811467
910	0.000971794192508
294	0.00177670724813
293	0.00437470827811
290	0.0038669863915
291	0.00166005025392
591	0.00480604097363
592	0.000920908807807
199	0.00250615668103
599	0.00102349358805
197	0.00223386938765
191	0.00066614515784
193	0.00343415812005
192	0.000764188034594
270	0.0013652482969
272	0.0039461826758
274	0.00189761476038
275	0.000757279139379
277	0.0
526	0.00287162972299
522	0.000722581379134
443	0.0020152396531
441	0.0
447	0.00188547942388
445	0.000950345496962
103	0.00679211414766
107	0.0
104	0.00528083949699
105	0.000920238624611
900	0.0039831590519
38	0.00374040282648
32	0.000961872519433
31	0.000903395593857
30	0.00606486025458
37	0.000843435015209
35	0.00377246811432
641	0.000775155207511
644	0.000797581020948
647	0.00563351832916
646	0.00104149100864
648	0.00602081882558
435	0.00376486067851
432	0.000775155207511
433	0.00255512148711
338	0.00163079209619
334	0.00969062652077
332	0.0055125633008
854	0.00291539610243
855	0.00332180050336
857	0.00375069000543
851	0.00392339871477
98	0.000836159658552
90	0.0015840489203
92	0.000887213226245
95	0.000775155207511
96	0.0
741	0.000998109138096
742	0.0020155302007
743	0.00168869858182
559	0.0
558	0.00432135623517
746	0.0141942847056
557	0.000976930009583
550	0.00198472128222
553	0.0
239	0.004539865289
235	0.00180367154234
231	0.00475309426922
232	0.000882414802051
233	0.000778068663449
147	0.0
142	0.00187083260612
143	0.00298577479611
141	0.00185669264458
617	0.000971794192508
614	0.00376741794551
149	0.00259728452023
1004	0.00369713331961
949	0.000865062381952
946	0.000899701195397
947	0.00196945069983
942	0.000961015859303
517	0.000843435015209
685	0.000952453216359
684	0.000656679702461
687	0.00391341244609
680	0.000979547547262
133	0.00170197506145
132	0.00171876239293
136	0.000937344550852
134	0.000827003389379
495	0.0019455410801
493	0.00377928739576
24	0.00191432573579
28	0.000775155207511
29	0.000502157131784
407	0.0
405	0.000957329254091
401	0.00419457074446
932	0.00286662183153
936	0.00188344271819
935	0.00204215910604
934	0.000997701854895
378	0.00350226097392
373	0.000909801123751
377	0.00197740684617
704	0.000631342763253
700	0.00280712039005
702	0.00160626217131
703	0.000550574052568
393	0.0
397	0.0
82	0.000966325458945
181	0.00402756840435
795	0.00274871876168
791	0.0
790	0.00351366024679
586	0.0146427657681
587	0.000961015859303
582	0.000775155207511
580	0.000998109138096
581	0.0046107918883
589	0.0
245	0.00311165786241
246	0.00221785964764
241	0.00188913669922
243	0.000784996215205
249	0.000937375993637
924	0.00272489025242
510	0.0
513	0.0
512	0.00185665349036
514	0.0103065574326
1001	0.00356602474734
458	0.0066319472841
622	0.0
624	0.00163404097878
450	0.00089085796267
629	0.015240601343
628	0.0019291686949
454	0.000903395593857
178	0.00131721404314
595	0.00497326514577
175	0.00272489025242
170	0.000922426858888
977	0.0146508333938
975	0.0
979	0.0018280983313
978	0.00378292912648
656	0.000961872519433
657	0.0013952568911
2	0.000896467954392
184	0.00184785734943
188	0.00379072071295
189	0.000889843702575
658	0.000952453216359
650	0.00272489025242
868	0.00255441447581
13	0.0
15	0.00391213115765
14	0.00163871551587
17	0.000937344550852
16	0.00362839307914
19	0.000905348228148
862	0.000650463060372
867	0.0
866	0.000991211367508
883	0.00368603046006
887	0.0
886	0.000808004003252
885	0.00728223126765
322	0.00316850960627
320	0.0
321	0.000697667132064
327	0.00145434558133
324	0.00443601517059
201	0.0
777	0.00272489025242
776	0.000983554628865
773	0.000763932476752
206	0.00322604414987
209	0.00167849933376
208	0.00296148028955
779	0.000919713090824
77	0.000822067695462
76	0.00177996627959
74	0.0045485740494
73	0.000656679702461
71	0.000997701854895
70	0.00311396723377
665	0.0010172815073
663	0.0
692	0.0029464049539
696	0.00423186804197
697	0.0023831653138
695	0.00178819100417
698	0.00543603542211
542	0.00311027884346
540	0.0101820063411
541	0.00362572440393
547	0.005921448073
994	0.00510059340302
996	0.00451367958391
991	0.000784996215205
990	0.00187167364318
120	0.000946015201176
122	0.00272489025242
125	0.0
126	0.00726654857066
415	0.00495040859203
416	0.0088508481875
410	0.015164945885
413	0.00204215910604
920	0.00197915402673
923	0.00294511140357
418	0.0027646148051
925	0.00391541689895
926	0.0
499	0.00205062520946
319	0.00137161994713
313	0.00611219127165
311	0.00155322387096
310	0.0
316	0.0065673706877
832	0.00647129113436
830	0.000778068663449
837	0.00272489025242
838	0.00355993538195
364	0.000775155207511
362	0.00361380209889
360	0.00287162972299
361	0.000775155207511
381	0.00230993159038
383	0.0
388	0.00338621522308
784	0.00223138544267
780	0.00690436743208
782	0.00736469995003
783	0.00181173795029
789	0.00137200363333
573	0.00181446963456
572	0.00378189470693
577	0.0
153	0.0160702096936
574	0.000843435015209
61	0.00315769786486
62	0.000722581379134
66	0.0
68	0.000775155207511
250	0.00324804782594
251	0.00255512148711
256	0.00349950855719
731	0.00389962872878
506	0.00253505824183
738	0.00169253629675
502	0.002047955689
500	0.00570500220589
630	0.00191914077504
631	0.00191432573579
633	0.00191911506649
634	0.0
638	0.00517273274172
901	0.000550574052568
168	0.00347802937645
164	0.00175105874981
165	0.00542713715447
166	0.00464682122928
167	0.0029277993169
160	0.000952453216359
161	0.00188915688745
969	0.0142771436336
908	0.00165268320476
909	0.000900757980775
872	0.000775155207511
873	0.00154629380694
890	0.00271663951934
891	0.00287933965662
356	0.0143998788446
809	0.000775155207511
353	0.000960007277257
216	0.00140675381477
214	0.00398188720559
952	0.000887213226245
762	0.00282670598735
764	0.00317110805715
765	0.00671061522518
288	0.00380209769092
4	0.000550574052568
281	0.000961872519433
280	0.0230753621968
283	0.000900757980775
285	0.0
284	0.00195505824061
678	0.00215048548316
670	0.0
671	0.0
267	0.00182178397346
266	0.00260429119485
264	0.00163370555213
56	0.000775155207511
53	0.00272256089767
52	0.00359425247216
537	0.0
535	0.000808004003252
534	0.000971794192508
532	0.0
531	0.000775155207511
530	0.00579609868001
539	0.000917711979574
538	0.000906246821447
988	0.00279391970362
980	0.0
987	0.0234140828468
984	0.00182585027117
111	0.00193023803296
113	0.00104149100864
112	0.00167047809229
119	0.000904092764405
207	0.0109287257402
429	0.00243651026532
918	0.000697667132064
421	0.00369853315252
420	0.0
423	0.00165104770835
422	0.0038969428508
425	0.000877348348056
424	0.00274871876168
427	0.000763932476752
912	0.00170672017305
304	0.0
306	0.00121671921041
846	0.000952453216359
844	0.00140675381477
843	0.0
840	0.00154629380694
849	0.00152634440688
568	0.00393303410215
754	0.000989527245234
561	0.00286467123275
759	0.00190702768362
758	0.000656679702461
565	0.00255351341245
228	0.00162073638057
225	0.000919713090824
724	0.00111409315324
723	0.000656679702461
720	0.00671670341788
721	0.00252376290037
605	0.0012101278549
150	0.000882414802051
607	0.000971794192508
152	0.00101292708972
602	0.00594281571861
159	0.016684332361
609	0.00276474299152
469	0.0095549566909
48	0.00137161994713
951	0.000983554628865
950	0.00865242393116
953	0.00187167364318
45	0.0
955	0.00384760053014
954	0.00185148122032
40	0.00589024131005
41	0.00196554884241
488	0.000985456955108
487	0.00165104770835
485	0.0
483	0.00187520138974
482	0.00350004545993
481	0.000631342763253
480	0.000775155207511
472	0.0036095936046
471	0.00149982341018
477	0.0
