344	0.00290016861631
0	0.000985853428573
347	0.000686269132771
343	0.00298203906306
810	0.00150125717079
812	0.00818986850472
814	0.0
349	0.000969526385312
817	0.00439162869534
718	0.00560044399523
716	0.00450604447941
712	0.000831059934931
710	0.00187145198442
421	0.00360773617853
299	0.0
294	0.01958847229
295	0.000985853428573
293	0.00668278844562
291	0.00100189032304
591	0.00199698164263
199	0.000814146792138
599	0.0026760032697
197	0.00225299587919
190	0.00779860643205
193	0.00517033961686
192	0.000711761666747
272	0.00186208662672
274	0.0044393495468
275	0.0
526	0.0
527	0.000883229287598
528	0.00299835059329
443	0.00217068147143
447	0.00584918707642
445	0.00103224629608
444	0.00111090029677
102	0.00175245815406
103	0.000518978674636
107	0.0194536240036
105	0.00103538488194
38	0.0
32	0.00483145835525
31	0.000917912084233
909	0.00065690066898
37	0.00403649729842
35	0.00361159474175
643	0.0
647	0.00541100840982
439	0.00651898301555
648	0.00528968165976
432	0.00221170413056
339	0.000985853428573
338	0.0
335	0.00150125717079
337	0.0
333	0.000985853428573
857	0.00320295479568
851	0.0102047828331
6	0.000985853428573
90	0.00439831334521
742	0.00385789261024
558	0.000846895212116
746	0.0345302135659
550	0.00104388287625
553	0.00150125717079
552	0.00233404752546
239	0.00196354205202
235	0.0020763642577
236	0.000711761666747
231	0.000725099663143
232	0.0120865165896
147	0.00556293996905
142	0.00135001955485
141	0.00349933628617
617	0.0
614	0.00353982063622
149	0.00319738371154
512	0.00120134218092
949	0.00195486260591
946	0.00195486260591
947	0.0
942	0.00228232408511
517	0.00101791694114
685	0.0
684	0.0136527666538
687	0.0038630539805
680	0.0017986553355
133	0.00195486260591
136	0.0052485371832
135	0.00553218420673
134	0.000883229287598
139	0.000892145424815
493	0.00103224629608
24	0.00435553585798
25	0.000846895212116
29	0.00384159839578
407	0.0
405	0.00121305345808
401	0.000917912084233
931	0.00187625292218
936	0.00353095387015
409	0.000985853428573
934	0.000677499587297
373	0.00230415870855
372	0.000677499587297
823	0.00111086165365
704	0.000846895212116
707	0.00195486260591
700	0.00903108468684
702	0.0
393	0.000711761666747
392	0.00295946674397
82	0.0011631164858
83	0.00130894028016
86	0.000713679892566
85	0.000797422358037
795	0.00600193827046
790	0.00915966534748
586	0.00282692185651
585	0.0
581	0.00484673550768
245	0.000725099663143
246	0.00173328537188
241	0.00120577311076
249	0.00204924611871
248	0.00104388287625
519	0.000985853428573
510	0.000892145424815
1004	0.00193422196695
515	0.0
514	0.000518978674636
1001	0.000877606613563
516	0.0
458	0.00311724590609
450	0.00288295926492
629	0.00847472601009
178	0.027737003699
595	0.00274839870368
175	0.000711761666747
977	0.00317704943926
976	0.00194979662431
654	0.00101306816126
978	0.0228182721447
656	0.00111234856334
180	0.0
2	0.00533303098758
652	0.000711761666747
187	0.000831059934931
184	0.00150727452165
188	0.00339296872025
189	0.000985853428573
659	0.00130477508891
868	0.00380814851626
15	0.0017986553355
14	0.0
16	0.0
19	0.0
862	0.00309688797922
883	0.00167345372364
885	0.00629920020993
355	0.000686269132771
322	0.00809375353677
323	0.000868386325331
320	0.00213653633576
321	0.00165488085848
324	0.00287541702597
688	0.000711761666747
775	0.00104388287625
774	0.0
777	0.0
776	0.00201382396389
207	0.00595897512983
772	0.00216420352345
209	0.00217863196443
208	0.000711761666747
779	0.0
77	0.00220530475521
74	0.00961999852235
71	0.000677499587297
70	0.00195878463514
78	0.000985853428573
664	0.000711761666747
663	0.00199414011939
662	0.0015447398275
692	0.00104388287625
693	0.00196141884134
696	0.0009439621485
695	0.000956360106528
698	0.00440149616274
542	0.00216426422807
540	0.00165190851886
541	0.00101306816126
547	0.00240711529168
544	0.00112038135182
994	0.00186308842671
997	0.00223305211377
996	0.00246857626017
991	0.000985853428573
990	0.0
120	0.019057032844
125	0.000892145424815
126	0.00792391022953
127	0.00195928196775
414	0.00116499029683
415	0.00297972009631
416	0.0347418290698
413	0.00104388287625
920	0.00316717942914
923	0.0136092061316
418	0.00159028468845
926	0.00210922489932
499	0.004785579716
319	0.00163695441175
318	0.000846895212116
313	0.0164225377244
310	0.000868386325331
316	0.00671873806492
315	0.00117721466686
832	0.0
834	0.00104388287625
838	0.00246796453493
369	0.00222418145132
364	0.000785753831428
362	0.00232740520466
360	0.0
381	0.00150125717079
383	0.00338548756726
388	0.00206179981739
784	0.0026149841603
780	0.000518978674636
782	0.00203614169389
783	0.00101306816126
572	0.000831059934931
577	0.00278210116875
575	0.0020816346925
61	0.00817326332599
65	0.000985853428573
66	0.0
256	0.00198451340366
939	0.000892145424815
731	0.00552996754115
732	0.000901860843098
734	0.00112038135182
737	0.000711761666747
506	0.00265432774894
738	0.00406952670687
505	0.0
502	0.00398787175566
500	0.0
630	0.00317487608239
633	0.00112038135182
469	0.0192842604436
468	0.00125403582768
638	0.0
464	0.000711761666747
168	0.00220530475521
164	0.0
165	0.00277855385324
166	0.00390325513198
167	0.00353982063622
161	0.00120420053444
935	0.00104388287625
873	0.000725099663143
890	0.00389916181817
891	0.00815672894449
898	0.000711761666747
356	0.00101791694114
809	0.000542274160931
808	0.000711761666747
353	0.00338546295808
802	0.000831059934931
216	0.00326074211688
214	0.00294949675373
952	0.00188841043852
762	0.00198451340366
761	0.0
767	0.000985853428573
764	0.000725099663143
765	0.00429331810664
957	0.00351273288892
288	0.00518309863208
281	0.00104718320316
280	0.00315035498779
284	0.000915426047898
679	0.000846895212116
677	0.000713679892566
670	0.00150125717079
260	0.0
267	0.00806806582686
266	0.0
268	0.000915426047898
58	0.00133327367136
56	0.000542274160931
52	0.00602653098793
537	0.00150125717079
535	0.00223124300547
534	0.00295394524221
531	0.000542274160931
530	0.00416189659677
538	0.000985853428573
201	0.00147195322665
988	0.00120134218092
200	0.00093652407735
983	0.00112038135182
980	0.0095630624592
984	0.00393937600957
985	0.000711761666747
112	0.00478781308912
119	0.00165328314302
118	0.0036298494545
206	0.000892145424815
428	0.00111794498008
918	0.000846895212116
915	0.00417180237227
423	0.000518978674636
422	0.00445197889579
424	0.00479954632374
301	0.00240711529168
302	0.00116590613156
306	0.00521128550886
181	0.00213289573992
846	0.00101671334822
844	0.00402413475748
840	0.000725099663143
954	0.00240711529168
568	0.00178742004146
569	0.00210623478039
561	0.0020436169665
759	0.00195486260591
565	0.000846895212116
739	0.00104388287625
229	0.000989457198936
228	0.000985853428573
227	0.0
223	0.00302597578995
727	0.0
724	0.00343497881572
720	0.00110510941825
721	0.0
605	0.00196141884134
150	0.00130477508891
607	0.0009439621485
157	0.00104388287625
602	0.0
159	0.00474586798355
609	0.00301833889523
48	0.00324236241615
951	0.00289978427074
950	0.000518978674636
953	0.00221605717951
45	0.0
42	0.0
43	0.00204170604273
40	0.00587002186401
956	0.0032058720181
5	0.00147195322665
487	0.0
483	0.00222639303114
482	0.0
472	0.00373790158618
470	0.000985853428573
477	0.00175245815406
