344	0.00185268031034
0	0.0123505599947
347	0.000610370927912
341	0.00122625117142
810	0.00120458862248
812	0.00061191553797
817	0.00186081262518
719	0.00183397605446
718	0.0097219871096
716	0.00240120450205
714	0.000607355849778
713	0.00243334866289
712	0.0
710	0.00184207690398
915	0.00614162104307
299	0.0
295	0.00061798719978
292	0.00122046764352
293	0.00184457072466
290	0.00425950486701
291	0.00303325714786
591	0.00121482316561
590	0.000610906438309
592	0.00425671718147
199	0.00184325615968
599	0.00185343773983
197	0.00183220764231
191	0.0024219928814
190	0.00371754498799
193	0.00364417067747
192	0.000601743984313
272	0.00365440582156
273	0.000612934984169
274	0.00186008623772
275	0.00241321765652
277	0.0
278	0.00359330727213
526	0.00308351060392
522	0.000609972558504
523	0.000613606991924
528	0.000610420066019
443	0.00488372375794
440	0.000601924737514
447	0.00183047436946
446	0.000604593808205
445	0.00123458377147
444	0.000610623384496
103	0.00121047162179
101	0.000605836195541
107	0.00241650349821
104	0.00184026046441
105	0.0012225657389
900	0.00121939563731
904	0.000607585861905
32	0.00243972947537
31	0.00185350955776
30	0.00366725490898
35	0.00186081262518
641	0.00124227055107
643	0.00241992688775
647	0.003707890268
646	0.00122078812946
648	0.00183037570952
435	0.00305101535937
432	0.000620546978269
433	0.00123330922002
338	0.00186271599393
335	0.0138702124964
334	0.00487554851079
333	0.00123624070844
332	0.000610256254333
854	0.000610623384496
855	0.00431026042534
857	0.00246766669779
851	0.00246457106061
819	0.000621531624978
6	0.00185107839906
98	0.00727256351566
90	0.00430828394843
92	0.0012373287663
95	0.00124203519393
740	0.000607238395755
742	0.00305133253391
743	0.00182681253605
559	0.0
558	0.000666882496635
746	0.00305098341246
557	0.000610188330981
551	0.000610623384496
550	0.00122236745
553	0.00181254358801
552	0.00248261022082
239	0.0
236	0.000602663884966
237	0.00122905561726
230	0.0
231	0.00310345178821
232	0.00366468845655
233	0.00184177300369
147	0.00122162395567
618	0.000667571255174
142	0.00431674518728
143	0.00122575183612
141	0.00185656295556
612	0.00425029853627
617	0.00237331627039
614	0.00124213632106
149	0.000607585861905
948	0.00060812083042
947	0.0012157684491
942	0.00122324482122
943	0.00100256215981
517	0.00121991523939
685	0.00305719979737
684	0.00129215663766
687	0.00365057482108
680	0.00121656346069
682	0.00183950620786
133	0.00244107622946
137	0.000610585644578
136	0.00370326416808
135	0.00975569283733
134	0.00242833844485
495	0.000608454426084
139	0.0
497	0.000608237234283
491	0.00121184142068
493	0.00370247588959
24	0.00370586737894
25	0.000308594871679
927	0.0158737214363
28	0.000620546978269
29	0.00180754287362
407	0.00122046586328
939	0.0
402	0.000474965694057
401	0.00363617935951
933	0.000610370927912
936	0.00184073979496
409	0.00123624070844
408	0.000618955521639
379	0.00121747342904
828	0.00061180867995
371	0.00121452992166
373	0.000620008799888
374	0.000611365605569
377	0.00477252610751
704	0.000624456491257
707	0.000606009541794
700	0.00122632023707
703	0.00183460985056
392	0.0
82	0.00182198851914
181	0.000620008799888
398	0.0
795	0.00248248048794
790	0.00305870584699
586	0.009758107082
587	0.000604647922722
582	0.00124111315943
581	0.00427271017089
589	0.00305143164279
245	0.00557187079413
246	0.00180511849464
241	0.00124010488901
921	0.00121372467442
249	0.00123624070844
248	0.000604850607104
924	0.00061351144062
511	0.000620546978269
513	0.00122143561061
1004	0.00242285485225
1003	0.000607568127333
1001	0.00121973771312
516	0.00242685544062
459	0.000609818283953
624	0.00248241514108
450	0.00793384125446
629	0.0104811296963
628	0.00182198851914
454	0.00789824183112
456	0.000604647922722
457	0.000596248260564
178	0.0123556025908
595	0.000607585861905
175	0.00362895834571
171	0.00122390768695
170	0.0024349338502
977	0.00486632988776
976	0.00123624070844
975	0.000611167353526
180	0.0
978	0.0111698446825
656	0.00123896432153
654	0.00122216737451
2	0.00491314240227
187	0.0
184	0.000605836195541
188	0.00310201975537
189	0.00182741526454
658	0.00123580229746
659	0.00122217790551
868	0.00122072225889
13	0.00184349710829
12	0.000604647922722
15	0.00105924993974
14	0.000605744667662
17	0.00246957007769
861	0.0
863	0.000610657216139
862	0.00185343773983
865	0.0018331012387
867	0.000610420066019
866	0.00179355315888
883	0.000607585861905
881	0.00121199526501
885	0.00183047436946
809	0.000620546978269
321	0.001320681808
327	0.00120477802285
329	0.00248377236487
688	0.000602663884966
201	0.000602663884966
200	0.00308002352489
776	0.00120830972316
771	0.00367348270083
770	0.000610623384496
207	0.0037205369209
772	0.00550590654467
208	0.000602663884966
779	0.00121470989047
77	0.00122101889365
75	0.000607238395755
74	0.00731933589538
73	0.000319029911591
72	0.000609881998942
78	0.00123624070844
664	0.00481895010045
663	0.0
662	0.00426927700283
692	0.00366708559146
693	0.00616783446258
697	0.00308581519829
699	0.000610824263879
542	0.00426646697298
543	0.000615064632291
540	0.0074401710793
541	0.00061351144062
546	0.00612717587978
547	0.00309681076945
544	0.000592584881146
994	0.00186294410214
997	0.000592584881146
996	0.00245324674244
991	0.00061798719978
990	0.00247793966235
120	0.0018341419152
122	0.000607585861905
126	0.000609938961417
127	0.000597551229967
415	0.00355638535136
416	0.00974210696109
413	0.00243651974134
920	0.00185186745917
498	0.000474965694057
922	0.000611190617172
923	0.0079216539251
418	0.00183311428047
925	0.00185397420449
499	0.00481667208488
319	0.000340811338344
313	0.0030534782573
311	0.00370627798109
310	0.0012095800711
316	0.000616820480938
833	0.00333494001132
830	0.000607355849778
837	0.00122337514798
835	0.000609881998942
838	0.00185033843391
368	0.000604635426249
369	0.00122143561061
364	0.000620546978269
362	0.000611190617172
360	0.00123580229746
361	0.000620546978269
380	0.0
381	0.00361309881934
383	0.00366596420335
784	0.00122470139823
780	0.0
782	0.00366182288192
783	0.00304678616838
789	0.000620546978269
151	0.00122299062139
578	0.000610893573987
573	0.00121887816191
575	0.00305289540054
61	0.00243952038452
62	0.00488106494374
65	0.000608490805428
66	0.000610603136391
67	0.00371222011332
68	0.000620546978269
250	0.000610623384496
251	0.000620546978269
256	0.00122028268217
257	0.00060893920049
731	0.000614432679265
735	0.000607238395755
737	0.00180918243069
506	0.00123317039875
738	0.00428802340453
502	0.00247327126957
500	0.00305259960134
630	0.00491823720057
631	0.00123580229746
633	0.0024170961254
469	0.00930573014019
468	0.000602663884966
464	0.0012057988893
466	0.0
462	0.0120966674938
168	0.00610350150738
164	0.00191318516353
165	0.00431541108949
166	0.00243900765082
167	0.00247729131352
160	0.00431715363049
161	0.000610376634352
966	0.00183091500087
963	0.000619100911321
935	0.00182989297511
934	0.0
909	0.000610420066019
879	0.0
872	0.000620546978269
873	0.00186228953807
870	0.00121452992166
890	0.00183623428382
891	0.00369769039111
893	0.000607238395755
896	0.00183432707861
898	0.000603135004336
356	0.00732436439056
355	0.000612105795392
808	0.0012057988893
353	0.00123659124223
352	0.0
802	0.00122028356746
804	0.000601183515495
216	0.000667571255174
214	0.00671855813211
952	0.00307393642199
762	0.00243456423598
763	0.000610893573987
761	0.00120343440696
767	0.00123624070844
764	0.00186170922841
765	0.00488508127062
957	0.00124185710354
956	0.00131796096515
4	0.00182696487728
281	0.00182620171809
280	0.0173197772139
679	0.000659841249934
674	0.0
670	0.00181064949641
671	0.000611167353526
260	0.00122101889365
267	0.00304882694675
264	0.000619598108748
268	0.00121357766913
58	0.0006144046991
56	0.00124227055107
53	0.00242867255321
52	0.00305367352366
537	0.00180741267191
535	0.00122094277911
532	0.00180973233929
531	0.00124091155555
530	0.00554354853681
538	0.00184917569261
775	0.000611364579891
988	0.00124187872708
774	0.000607617888791
980	0.00181338475121
987	0.0186002655421
984	0.00549047815554
985	0.00120458862248
114	0.00121061990044
117	0.00121357766913
111	0.00060893920049
113	0.000610623384496
118	0.00242764149366
773	0.000620212319626
429	0.00242626695784
428	0.00123218745589
918	0.000981504967251
421	0.00248248048794
420	0.0
423	0.00605920751689
422	0.00112384472632
911	0.000605487440134
424	0.00434406586289
427	0.0012417439446
912	0.0048811156245
301	0.00186081262518
302	0.000619573989674
306	0.00489328918388
847	0.00928725995726
846	0.0018547502488
844	0.000988036056357
843	0.00121766539718
840	0.00124111315943
853	0.000474965694057
849	0.00183097698202
823	0.00183072880272
568	0.00365168671359
752	0.00122782644873
754	0.000607585861905
561	0.00371051497506
562	0.000607238395755
758	0.00129853317196
565	0.00193521412177
566	0.000608585922287
228	0.00247225767178
223	0.000604850607104
724	0.00121908634074
722	0.000610623384496
723	0.00130510444505
720	0.00846357556384
729	0.000596248260564
605	0.00370797787356
607	0.000610623384496
152	0.000610536919258
157	0.00121473260605
602	0.00244041014655
159	0.00489198375334
609	0.0030518667896
83	0.00122122754602
958	0.0
48	0.000340811338344
951	0.00245083892627
953	0.000618955521639
45	0.000610603136391
955	0.00495734552894
954	0.00124185710354
40	0.0024188081707
41	0.000982658256402
5	0.00724187474163
488	0.000608454426084
485	0.00122017254643
482	0.0024793823986
472	0.00488366743789
470	0.00185471938777
471	0.000600065449132
