344	0.00213222325537
0	0.00213309362745
347	0.00159907275552
343	0.00368623051735
810	0.000532872803157
812	0.00213391387279
814	0.000533792160506
349	0.00106630341915
817	0.000533182758728
718	0.00426136932624
716	0.000532677220093
713	0.000532811532858
712	0.000533028500461
711	0.00103348887714
710	0.00213383879342
915	0.00745994460771
910	0.000533381173896
299	0.0010532183332
294	0.00800406611615
295	0.000533376933336
292	0.000531715859891
293	0.00213269667356
290	0.00106372884592
291	0.00266436991354
591	0.0021294086224
592	0.00213196192474
595	0.00266420254197
198	0.000533028500461
596	0.00159903041253
599	0.00160007297087
194	0.000532293983284
196	0.00106644006666
191	0.00159921908645
190	0.00426320360699
193	0.0031999728089
192	0.000532872803157
272	0.00266395595292
274	0.00319825322083
275	0.00106597753989
278	0.00159673037115
526	0.00213308629559
528	0.00105880280327
443	0.000533211789466
440	0.000532789031984
447	0.00106691219111
445	0.000533182758728
444	0.000533334228774
103	0.00156861260018
101	0.00106624902285
106	0.000533832175636
107	0.0026648716725
104	0.00213374001878
900	0.00106653156033
907	0.000502618121177
32	0.00532906745148
31	0.00159900533595
30	0.00266514114423
35	0.00160010368536
641	0.00584374867063
643	0.000532872803157
644	0.00213076992563
647	0.00533111099731
439	0.00106730285595
648	0.00480046463288
435	0.00160100889446
432	0.00212641033065
433	0.00212632303853
431	0.00106584615825
339	0.000533376933336
338	0.0021268971376
335	0.0122558603258
334	0.00317964311166
337	0.00370095359644
333	0.00320175597611
332	0.00267407293733
745	0.000532238276976
854	0.00106671540267
855	0.00104173324904
857	0.00319714205292
850	0.00213278718963
851	0.00213135303811
819	0.000531832275578
858	0.000532855908624
6	0.00106707174761
98	0.00639367560036
90	0.0138695123648
92	0.00159915656403
95	0.00159496776963
742	0.00425955481656
743	0.00480627186096
559	0.0
558	0.00107251705951
746	0.00319637725479
748	0.000532583460552
550	0.00266449645626
553	0.00213146248529
552	0.000533072378149
239	0.000532541162407
236	0.00266385234378
231	0.00212773674108
232	0.00159994574331
233	0.00319307017407
147	0.00266537083466
142	0.00426344025642
143	0.00159824990117
141	0.00053316463951
612	0.00158139212386
617	0.00212796588156
614	0.000532856976614
1004	0.00159816160014
947	0.00159929357016
942	0.00106017567347
940	0.000532541162407
688	0.000532872803157
685	0.0010663259737
684	0.00434098103877
687	0.00159575483115
686	0.000533334228774
680	0.00106379223674
133	0.00160002187771
132	0.00159054017747
137	0.000531618874304
136	0.00319748659717
135	0.00957176609236
134	0.00213160663949
495	0.000533052967002
139	0.00106749869419
138	0.00106083350018
493	0.00373155063208
24	0.00372826642414
26	0.000533028500461
28	0.00106218218314
29	0.00106578422929
407	0.000502618121177
404	0.00106601251262
401	0.00319715113986
933	0.00106666245803
936	0.00319006586773
409	0.000533376933336
408	0.000533182758728
379	0.00106608146746
378	0.000522218841544
829	0.0
828	0.00053299924775
371	0.00106476066724
373	0.00053292203374
372	0.00159928954839
374	0.00159562025503
377	0.00106637090044
704	0.00161093616491
707	0.00266281792515
700	0.00319869230159
702	0.000532685056717
703	0.00265985910972
393	0.000502618121177
392	0.00106731557001
397	0.00106316854533
82	0.000532990861835
181	0.00319611783949
87	0.000533189632807
796	0.00106513777741
795	0.00160069930662
791	0.000531878469237
790	0.00213338906924
798	0.000533503059872
607	0.00479096795771
586	0.00746470199057
587	0.000532536025111
584	0.000531843861597
585	0.000532338039288
582	0.000531015287901
580	0.000532763454657
581	0.00212744199716
245	0.0010633612998
246	0.00159944183608
241	0.000533182758728
249	0.0010668392816
248	0.000532128765588
513	0.00160053533507
512	0.00053316463951
514	0.00209137157156
1001	0.00213146400389
516	0.00106663853612
458	0.00107673561726
459	0.00160040168837
951	0.00372615789016
450	0.00532689457607
629	0.0101290474732
628	0.0037307652022
454	0.00426317941659
178	0.0127998738542
199	0.00212995208386
175	0.00319792010353
173	0.000532233902286
171	0.000533105837884
170	0.00104173324904
977	0.00426024441984
517	0.00426663051257
975	0.000531519284926
971	0.00213111819611
180	0.0
979	0.000532528573666
978	0.00213182258992
656	0.00106610479247
654	0.00159761221379
2	0.00106653470836
186	0.00213382637884
187	0.00213216373247
650	0.00159895918756
185	0.00213108783632
188	0.00106634739824
189	0.00319615806314
658	0.0010663259737
659	0.00266151925892
184	0.000502618121177
868	0.00106761754016
12	0.000533075443567
15	0.00159598738674
14	0.00106517577016
17	0.0010659738053
16	0.000532233902286
862	0.00213283287218
867	0.000530274316285
866	0.000531531611759
883	0.000502618121177
881	0.000533233454002
886	0.000533519221078
322	0.00210230495522
321	0.00163602103675
327	0.000532744514506
329	0.00265937616189
201	0.00106564706949
200	0.00959351062603
771	0.00372673804924
770	0.000533334228774
207	0.0053368217838
772	0.00159944014114
209	0.000533306137721
208	0.000532872803157
77	0.00213457467522
75	0.00159864210773
74	0.00320225680342
72	0.00106521891976
71	0.00106516227815
70	0.000529773142704
78	0.00106707174761
669	0.000532930927589
664	0.00106637586303
663	0.00210331554774
662	0.00106630530748
660	0.00106370942605
692	0.00692106286714
693	0.00106630786093
696	0.000533724297576
697	0.00208885095708
695	0.0015986606726
698	0.00318956241428
699	0.00053367076511
542	0.00319749858408
543	0.00319372788722
540	0.00478346835441
541	0.00212908702872
546	0.00106530674588
547	0.0021332989925
544	0.000532973573027
549	0.00106318346758
994	0.00212532655247
997	0.000532973573027
996	0.00213000120419
991	0.00213135806665
990	0.00159915656403
120	0.00530926607718
122	0.00159954690854
126	0.00320132191421
127	0.000532973573027
414	0.000533062662988
415	0.00213056084249
416	0.00533127854138
410	0.000532695006809
413	0.00106634350569
920	0.00159950188878
921	0.000532238276976
923	0.00372325154434
418	0.00159746559832
925	0.000521580557926
926	0.00159775544289
499	0.00107373082874
318	0.00054330497986
313	0.00053367076511
311	0.00158376274106
310	0.00104847083662
317	0.00053184542775
316	0.0207849734308
832	0.0010545860393
833	0.00106491644682
835	0.000532023406638
838	0.00106612021679
369	0.000533334228774
364	0.000531719281385
362	0.00159905188906
360	0.00159964433599
361	0.000532023406638
381	0.0021309761689
383	0.00106577745111
388	0.00211344764016
780	0.00105067865512
782	0.0058671028142
783	0.00212330407327
789	0.000533462348267
573	0.00159754773433
572	0.00213209224482
577	0.00106420233486
576	0.00159528764562
575	0.00160177226982
60	0.000533028500461
61	0.0165097874531
62	0.00159880299728
64	0.000530822524946
66	0.00053369500423
67	0.00373211769191
253	0.000532905528916
250	0.00106691772961
251	0.000532541162407
256	0.00533437494125
254	0.000533028500461
731	0.00372327535088
737	0.00106587677002
506	0.00479308833179
738	0.0037258627706
505	0.000528459813577
502	0.00533143388454
500	0.00426972139317
630	0.00426529074578
631	0.0010663259737
633	0.000531857032037
469	0.00586439731792
468	0.00106542580355
638	0.00158481731627
464	0.000532872803157
927	0.0133321280365
462	0.01383598771
168	0.00640254490508
169	0.000533144217756
164	0.000523434812255
165	0.0031980255501
166	0.00533611718996
167	0.00159903894606
160	0.00266575787413
161	0.00265992548552
966	0.0016006569563
963	0.00106573955542
969	0.00106498233722
935	0.00106595798285
934	0.00106601251262
908	0.0037315460289
909	0.0
872	0.000532023406638
873	0.00106295753366
870	0.0015991408835
890	0.000534128125181
891	0.00426446063628
898	0.000532773789335
646	0.00159923893192
356	0.00213463331709
809	0.00159540358086
808	0.000532872803157
353	0.00053292203374
803	0.00320222332192
802	0.00159911113434
216	0.000546207164273
214	0.00638201869608
769	0.00106353720788
213	0.00053184542775
762	0.00213283335937
955	0.00477995701719
761	0.00159877298534
767	0.00160058867178
764	0.0010632483056
765	0.00533261486975
4	0.00159704148653
281	0.000533182758728
280	0.0234583887157
284	0.000531843861597
679	0.00054330497986
674	0.00213489858053
670	0.00372958808566
671	0.00265884984806
260	0.00426903258834
267	0.00746850299245
264	0.000532905528916
268	0.000532811532858
58	0.0
56	0.00106370805764
50	0.0
53	0.00159572430027
537	0.00213113288544
535	0.000533368930661
534	0.00159277902617
532	0.000533361279351
531	0.00159629766839
530	0.00159941607676
538	0.00106687999321
988	0.00053375628712
774	0.000533152244112
980	0.00213067552341
987	0.00744880395152
984	0.00106691219111
985	0.000532872803157
117	0.000532811532858
116	0.000533180449636
113	0.000533334228774
112	0.00320222332192
119	0.000533531675313
118	0.000532872803157
429	0.00213146678342
428	0.00319657564402
918	0.00107827493084
421	0.00266670960423
420	0.00104797382864
423	0.00479749293989
422	0.00159697499547
424	0.00213396283548
912	0.00373476385044
309	0.000526952608883
301	0.00106632940249
302	0.0010659738053
304	0.000532338039288
952	0.00159906211446
306	0.00532010095961
846	0.00213273101676
844	0.00054330497986
843	0.00302291809439
841	0.000533205806523
840	0.00106341918802
853	0.000526222118049
849	0.0015992239829
823	0.0015999466803
568	0.00319804244954
752	0.000532787681232
754	0.0021310339388
561	0.00319900555838
759	0.00106691979611
565	0.00108951214413
566	0.00106394996492
739	0.0031974980076
229	0.00106428283772
228	0.0010668392816
227	0.000533611303867
226	0.000533503059872
223	0.00158374774674
220	0.000533503059872
727	0.0
724	0.00319574411296
722	0.000533334228774
720	0.00213014091459
605	0.00586749215577
153	0.00106405132028
157	0.00106517991975
602	0.00160009764655
159	0.00905320816912
976	0.00106656693224
83	0.000532541162407
634	0.000528459813577
48	0.00161922320266
46	0.000530029364032
950	0.00156986442323
953	0.00106615633175
45	0.00053369500423
42	0.00105358658209
954	0.00106637986879
40	0.0117256879267
5	0.00426318948394
488	0.00106608146746
485	0.00106627698906
482	0.00159746940705
472	0.00213477258343
470	0.0010668392816
478	0.00213382637884
