344	0.000791795900532
0	0.00385425538308
347	0.000791810662966
343	0.00074179500429
812	0.00154758198393
813	0.000787017902976
349	0.001569819389
817	0.00236238997728
718	0.00386467077761
716	0.00307697831597
712	0.00236664913936
710	0.000775030829059
915	0.00157871849326
299	0.00230590458127
294	0.00705992056591
295	0.000775030829059
293	0.000754340457759
591	0.00158010471295
590	0.000791810662966
592	0.0030825617794
595	0.00361941285954
599	0.000775030829059
197	0.000787017902976
191	0.00157420548238
190	0.00709791201792
193	0.00078908667948
192	0.000769984550019
270	0.000676138891869
274	0.00315631570729
277	0.000791810662966
278	0.000789443190164
526	0.00236557750198
522	0.000780444782085
443	0.00235240621002
442	0.000751768678201
440	0.000751768678201
447	0.00627677943088
445	0.00157632537131
444	0.00076240488791
103	0.00223033503447
101	0.000715114690829
106	0.000781566509664
107	0.00230436887909
104	0.00156461197031
900	0.000787017902976
38	0.00295386592574
907	0.000714610236829
31	0.00158032945246
30	0.000781963362698
35	0.000790562074838
644	0.00149747115956
647	0.000791139253962
439	0.000784861301279
648	0.000780427306578
435	0.00314266296827
339	0.000775030829059
338	0.00237731247617
334	0.00866696565691
337	0.000785421641103
333	0.000775030829059
332	0.00157256021517
818	0.00076240488791
857	0.00236985774723
850	0.00234196886057
851	0.014182475892
858	0.000777607810118
6	0.00307328473409
98	0.000769822287413
91	0.000772033848756
90	0.0149519522942
92	0.000791139253962
96	0.00230067878481
740	0.00156294518472
742	0.00315456864442
743	0.00391652758552
559	0.00461438168923
558	0.00157578877034
746	0.0267467495331
550	0.000788280396573
239	0.00156910104082
236	0.00456814145023
230	0.000791810662966
232	0.00156955044532
233	0.000785138648417
147	0.0126606553738
618	0.0015605450086
142	0.00315982196119
143	0.0
141	0.00078835092462
563	0.0
617	0.00236167791039
951	0.00552102654553
1004	0.0022595528336
948	0.00156970744635
946	0.00629637075498
947	0.00241936506813
942	0.000785421641103
940	0.000784428531357
517	0.000785062413572
685	0.000787359562554
684	0.00471075066025
687	0.00315028902305
686	0.00158525324378
683	0.000721696546694
682	0.00385143775477
133	0.00313247173259
137	0.000783888748477
136	0.00394810083082
135	0.0133480537444
134	0.000769822287413
497	0.000802488168237
491	0.00149574705271
493	0.00236839224772
24	0.0055214148443
404	0.000713238813238
402	0.001539516646
933	0.00158525324378
931	0.000791810662966
936	0.00235137143895
409	0.000775030829059
378	0.000742858780622
828	0.000754615561689
371	0.000785421641103
373	0.0015796289088
372	0.00214730720358
377	0.0
700	0.00468767670666
702	0.000676138891869
703	0.000787254134647
392	0.00470932970401
391	0.000790146120809
397	0.00157506784322
82	0.000785421641103
181	0.00157825703246
86	0.00157085979632
796	0.0
795	0.00473758098015
790	0.0054295186372
586	0.0109744565085
587	0.00157394204614
584	0.000788280396573
582	0.000790013515162
580	0.00154460650272
581	0.000785421641103
246	0.00143490760565
241	0.00235801770186
249	0.00757940976444
248	0.00231905757687
924	0.00203929164074
519	0.000775030829059
510	0.0
513	0.000734210925932
512	0.00234813564756
514	0.00520799686643
1001	0.00225886471319
516	0.0030440786228
458	0.00234773883977
622	0.00307798226439
626	0.000791496566626
450	0.00319866921793
629	0.00944432386336
628	0.000785421641103
454	0.0023136545324
178	0.0209299699433
199	0.000750758307767
173	0.00224428682797
171	0.00158125385313
170	0.000785421641103
977	0.00669919742402
976	0.00156009483701
975	0.000787824257947
972	0.000791810662966
971	0.00157549169706
180	0.0
253	0.000784428531357
978	0.00315530767105
656	0.00157856106285
654	0.00231030544121
2	0.00309065242756
187	0.000800865318096
184	0.0028681090264
188	0.00078835092462
189	0.00978537365896
650	0.00154023630867
868	0.00468303811013
13	0.00151438952008
14	0.00139501120498
863	0.0
862	0.00309167777151
865	0.000787348897288
866	0.0
883	0.000780444782085
886	0.00076240488791
885	0.000784530486166
569	0.000775030829059
889	0.000780383546925
322	0.0
321	0.00155984584346
327	0.000718872313114
324	0.000737354519834
329	0.0
775	0.00235925156987
774	0.000808100560033
776	0.0039412859907
771	0.00395448734789
773	0.00240429118627
772	0.00314921257876
208	0.0015199478608
75	0.000774225508512
74	0.00627667005348
73	0.000781007082744
70	0.00157177742864
78	0.00154930854347
668	0.00236167047576
664	0.00154074369238
662	0.00157265265286
692	0.00627976445345
693	0.00154866975106
690	0.000751768678201
696	0.0
697	0.00158434321039
695	0.00160896587813
542	0.00394073448332
540	0.0015956718529
541	0.00149770359704
546	0.000788257049308
547	0.00788746841917
8	0.0
995	0.00157363508865
994	0.00315800686427
996	0.00224094135654
991	0.00233301490626
990	0.00790765418313
993	0.0
992	0.000787017902976
120	0.00236105517993
122	0.000775030829059
125	0.000769721136874
126	0.00468319862521
127	0.000784428531357
414	0.000786179250502
415	0.00157878228159
416	0.013340528965
410	0.0015105184484
920	0.00394527665267
923	0.00157586150108
418	0.00148895165066
925	0.000798950833922
926	0.00157225544505
499	0.00937506477861
318	0.000781007082744
313	0.00313604429418
311	0.00160143900216
310	0.00298115729576
316	0.0063092640855
832	0.00298462947618
830	0.000780444782085
834	0.00157573406632
838	0.000785956009587
369	0.00148427088405
366	0.000781007082744
364	0.000751768678201
362	0.00231447128508
360	0.000788981584419
381	0.0021629720081
383	0.00386542622995
388	0.000775030829059
784	0.00157653540604
780	0.00148600869387
782	0.00157050164882
783	0.00152196011013
578	0.000789714094515
573	0.00156866681495
577	0.00317142216874
61	0.0101452216363
62	0.00316060489345
65	0.00236376930588
67	0.00474771023153
69	0.0
250	0.00534237147682
256	0.00156939178745
731	0.00157573406632
730	0.00156087208866
732	0.000770562727785
736	0.000785421641103
506	0.00526237477712
738	0.00154023630867
502	0.00618264961073
500	0.00550553525591
630	0.00394545309659
633	0.00315482507179
469	0.00157891299946
638	0.00225845699438
466	0.00079747707292
901	0.0
168	0.00157018743808
169	0.00143493535993
164	0.000752169611918
165	0.00158293515449
166	0.00392138760628
167	0.00078835092462
160	0.00236505654631
966	0.000785211233935
963	0.00157622443189
935	0.00393936564048
908	0.000781963362698
909	0.00154385076241
879	0.0
870	0.00235371996543
891	0.00550116503894
646	0.000790648350238
356	0.00313266906666
355	0.00158525324378
353	0.00157524608446
803	0.000784782115803
802	0.00238941069135
800	0.000790648350238
216	0.0015605450086
214	0.0102571491269
762	0.000783977670913
955	0.00478835760007
761	0.000759773958388
767	0.000775030829059
764	0.00158948645111
765	0.00782007192447
957	0.00157757291977
956	0.000785226695499
288	0.0039484438612
4	0.00157412691864
285	0.000791810662966
674	0.0031389531187
676	0.000769721136874
670	0.000751768678201
671	0.00236005792484
267	0.00550063789895
264	0.00159181763814
56	0.00236974511455
50	0.000769258457766
53	0.00236554218247
52	0.000780383546925
537	0.000760673275163
535	0.00150278449171
534	0.00236262384957
532	0.00226847091177
531	0.000793256617086
530	0.00709484588228
538	0.00155982703825
201	0.000751768678201
988	0.000790562074838
200	0.00473525457572
980	0.000787017902976
987	0.00396317773859
114	0.000757135847778
111	0.000783135274233
110	0.00313883481922
113	0.000788549100774
112	0.00549088490703
118	0.00154529161842
207	0.00869057640648
429	0.000770439006089
428	0.00710516174286
421	0.00315784681022
420	0.000769258457766
423	0.0021728748409
422	0.000774471211161
425	0.00313642414692
424	0.00394822217895
427	0.00158337936528
309	0.000737354519834
301	0.00315607337405
302	0.00236985774723
305	0.00157217720409
306	0.00314870084436
846	0.00158378075509
844	0.00156139725272
843	0.000714610236829
841	0.00157900279539
823	0.00076240488791
568	0.00240644295105
752	0.0015730884087
561	0.00237437478115
758	0.00156139725272
565	0.000778645944913
739	0.000787017902976
228	0.00232128035723
226	0.000795468554275
223	0.000787017902976
220	0.000784428531357
727	0.0
724	0.00388303239614
722	0.00076240488791
723	0.00233730276872
720	0.00314443584805
721	0.000781963362698
729	0.0
605	0.0030953513632
607	0.00157557295212
157	0.00312478982989
602	0.00391670612375
159	0.00710341685618
609	0.00309905023155
83	0.00158434321039
48	0.00156344648824
46	0.000744326340602
950	0.00297181530903
953	0.000791139253962
952	0.000789535687475
42	0.000770000269792
954	0.00236931479756
40	0.00157387172152
41	0.000778645944913
5	0.00149848153
485	0.00147247264356
483	0.000789066833959
482	0.00157648849747
509	0.00305165079351
472	0.000787315902809
470	0.000775030829059
471	0.0188218243748
477	0.000744326340602
474	0.000737354519834
