344	0.00149201204708
347	0.00147544594297
810	0.00074407619807
811	0.001283307471
812	0.00156613374827
814	0.00143351960372
349	0.00600302309398
817	0.00136214624387
718	0.00138460612892
716	0.00138460612892
715	0.00147544594297
712	0.00141571058326
294	0.00146839479201
293	0.0
591	0.00410306394819
590	0.00147544594297
595	0.00141571058326
197	0.00145985255119
196	0.00260289411672
193	0.00417927745764
192	0.00074407619807
272	0.0
274	0.00136214624387
277	0.00294144244354
278	0.00726722082346
528	0.0
443	0.0
109	0.0
103	0.00101300781474
101	0.0
107	0.0240635682786
105	0.00107136406515
902	0.00280666990043
38	0.00898542170591
32	0.00582849795715
31	0.00298558718619
30	0.00313732051
35	0.00136697122538
641	0.00117986400252
643	0.00074407619807
644	0.00333252505192
647	0.00295710797904
439	0.00300837409821
649	0.0
648	0.00462841302366
435	0.00857085720187
338	0.0
335	0.00147190327666
334	0.01801664274
337	0.00366620448766
332	0.00592028759264
855	0.00114661875762
857	0.00295710797904
851	0.0122454117918
99	0.00126569868937
91	0.0
90	0.0089048535813
92	0.00450055697544
740	0.00146599650057
742	0.00454791388196
559	0.0
558	0.0
746	0.00253410420176
748	0.00147544594297
553	0.00074407619807
236	0.00074407619807
231	0.00219385878866
232	0.00752122683786
147	0.0236233986374
142	0.00295710797904
141	0.00146509593196
611	0.000620695971439
948	0.00451924944323
949	0.00300837409821
943	0.00194264234267
688	0.00074407619807
684	0.0
687	0.00426500840944
686	0.00294144244354
681	0.0
680	0.00128133806221
682	0.0
136	0.00445122186168
135	0.0154196886658
134	0.00145985255119
139	0.0
497	0.00120431989583
493	0.0
24	0.00274025941015
25	0.0
28	0.00118990880143
29	0.00146708511645
939	0.00255990599882
402	0.000965287436861
401	0.00257496770883
933	0.00147544594297
931	0.00147544594297
936	0.00255978515505
378	0.00101300781474
371	0.00384805189262
377	0.0
704	0.0
700	0.00315266591987
702	0.000620695971439
703	0.00540903916733
393	0.00074407619807
392	0.00146312126717
390	0.0019079513698
82	0.00256624608106
84	0.00127666524962
929	0.0
799	0.00143885057583
586	0.0158518683706
587	0.0
582	0.00156613374827
581	0.00493122454319
588	0.00114661875762
245	0.00225696641841
249	0.0
248	0.00138748544414
924	0.000620695971439
518	0.00574528709359
1004	0.00175708401281
514	0.00101300781474
1001	0.00155022462632
458	0.0
622	0.0
625	0.00148783706125
624	0.00357830902005
450	0.00280031671218
629	0.00797587660619
628	0.00384805189262
454	0.00261682594046
457	0.0
199	0.00152903335291
175	0.00147190327666
171	0.00147544594297
170	0.00217813347244
977	0.0111975334208
517	0.00138460612892
972	0.00147544594297
971	0.00149201204708
978	0.00262784493324
657	0.00146808878032
654	0.0015865321716
2	0.00288754023121
652	0.00074407619807
650	0.0
188	0.00136214624387
658	0.00280666990043
659	0.00181418742504
868	0.00313732051
13	0.0
14	0.00378040328733
17	0.00149201204708
863	0.0
867	0.0
866	0.0
881	0.000620695971439
885	0.00143108374993
888	0.00149201204708
323	0.0
320	0.00074407619807
321	0.0
326	0.0
327	0.00074407619807
324	0.00128324074919
329	0.0048544837151
201	0.00074407619807
200	0.00297981348636
776	0.00141571058326
772	0.00795412171461
208	0.00074407619807
77	0.0104715073511
75	0.00132516570263
74	0.00439462412334
70	0.00273369097231
664	0.00074407619807
662	0.0
692	0.0052030542243
693	0.0
696	0.00182935859111
698	0.00117986400252
542	0.00280031671218
543	0.00149201204708
540	0.0082815649802
541	0.00324863016764
995	0.00326629585359
994	0.0
996	0.00379033595017
991	0.00316795789913
990	0.00149201204708
120	0.00262486827418
122	0.00138460612892
125	0.0
126	0.00596328128979
127	0.0
414	0.00242436896137
415	0.00385741634723
416	0.00606443393153
920	0.00425533113277
921	0.00293068857911
923	0.00716304668903
418	0.00322668741833
925	0.00219685966024
926	0.00147544594297
499	0.0
319	0.0
318	0.0
313	0.0030116716639
311	0.00108651199946
316	0.0401724083963
314	0.0
832	0.00343579375683
833	0.0
836	0.00114661875762
369	0.00255317426767
365	0.0
381	0.00219371569473
382	0.000620695971439
383	0.00512464398618
388	0.0040359484523
784	0.00757874467218
780	0.00101300781474
782	0.00290909929355
783	0.000825950325609
573	0.00149492952028
577	0.00147544594297
575	0.0015241028293
61	0.0207422949545
62	0.0
65	0.00577446294501
67	0.0
255	0.00147544594297
731	0.00140117284182
732	0.0
506	0.00439531333681
505	0.00121986478294
502	0.00885960252117
503	0.0
500	0.0143089915943
630	0.00268368565847
633	0.00389976334379
468	0.00074407619807
638	0.00128324074919
464	0.00074407619807
168	0.0135495853271
165	0.00149201204708
166	0.0029123981536
167	0.00273073796505
163	0.0
966	0.00303876848341
962	0.00149201204708
963	0.0
969	0.00101300781474
909	0.0
874	0.00780558694726
873	0.00111034766079
870	0.00512861697237
891	0.006691575411
895	0.00288825061593
898	0.00074407619807
899	0.00074407619807
646	0.0
356	0.00884825020044
355	0.00147544594297
808	0.00074407619807
351	0.00149201204708
214	0.0155483785685
42	0.00114244360294
764	0.00225696641841
765	0.00154839775592
289	0.00074407619807
288	0.00132964588646
4	0.00256624608106
281	0.00241336851776
280	0.0125915714432
285	0.00147544594297
676	0.0
670	0.00074407619807
263	0.00127544126143
260	0.0044976920008
267	0.00711485704889
266	0.00149857394574
264	0.00116903321528
56	0.00262720470014
52	0.00606144800907
537	0.00074407619807
534	0.00128324074919
532	0.00146708511645
530	0.00541236612158
538	0.00126569868937
980	0.00074407619807
984	0.00286952675574
985	0.00074407619807
111	0.00156613374827
113	0.0
112	0.00583891287274
118	0.00200977488744
206	0.0
429	0.0051750968879
428	0.00595748890368
915	0.0160772007155
425	0.0105644700411
913	0.0
912	0.0164400507311
300	0.0019079513698
302	0.00149201204708
306	0.00333478224686
846	0.00140117284182
844	0.0
840	0.00436790386994
849	0.0
823	0.00144674761044
561	0.00132964588646
758	0.0
565	0.0
228	0.00126569868937
224	0.00299725039509
724	0.0
722	0.00143885057583
723	0.0
720	0.00128039710902
721	0.00154839775592
151	0.00145663350935
153	0.0172448403089
155	0.0019079513698
157	0.00440286949403
602	0.00150961447283
609	0.00132516570263
951	0.0
950	0.0019782952516
953	0.00599547921287
952	0.00149201204708
955	0.00234520667194
40	0.00141571058326
956	0.0
5	0.00219371569473
484	0.0
482	0.00232648276014
790	0.0109454871915
472	0.0120425327719
474	0.00255503382471
479	0.00121986478294
