344	0.0024634782752
0	0.00147108181137
347	0.0014749856509
343	0.00542671271831
810	0.0
811	0.000982958485033
812	0.00244681448035
813	0.0029509833561
814	0.00049222805913
349	0.000985572762117
817	0.00049302540535
719	0.00145408345697
718	0.00787285256264
716	0.00147559740225
715	0.000981366150121
713	0.000492851339409
712	0.000984117092552
711	0.000492094992879
710	0.00245206334922
915	0.00492588356321
910	0.00147565185795
299	0.000491301604002
294	0.00393776488432
295	0.000490646259615
292	0.000989221416602
293	0.00196789215622
290	0.000492503671533
591	0.00147597140596
590	0.000491043644333
595	0.00245747386435
599	0.00147216922844
598	0.00147671500759
196	0.000977544146131
190	0.0019679181496
193	0.000492689986122
272	0.00196798895905
273	0.000492853865317
274	0.000492033736781
275	0.000492232180614
277	0.00147393940127
278	0.00294781509079
526	0.00147828055743
527	0.00244697719728
523	0.000485868879356
528	0.00195963714256
443	0.00344404811348
441	0.000498305459005
445	0.000492769902673
103	0.000498206839234
101	0.000982226070965
107	0.00392425986436
104	0.00295308339917
105	0.000481948879863
902	0.00147807442509
39	0.000492689986122
38	0.00147899320932
906	0.000985542770691
32	0.0029607833009
31	0.00197057267386
30	0.000492009717801
35	0.00147863771397
641	0.000976518452064
643	0.000980887884553
644	0.00193868634815
647	0.000985298567763
439	0.00196923195831
648	0.00344566721981
435	0.00393817348569
433	0.0014606245908
339	0.000490646259615
338	0.00244281322136
334	0.00442871475574
336	0.000980975676786
333	0.00196159715727
332	0.00393777594923
744	0.00147654661596
745	0.000484106138735
854	0.000986657711566
855	0.00148341662986
857	0.00344930243898
850	0.00242684762343
851	0.00197058333481
819	0.000491787601291
858	0.000984660772725
6	0.000980822806186
99	0.000981539461194
98	0.000984465379555
91	0.000490646259615
90	0.00787601316119
92	0.000492629510628
95	0.000488229292896
96	0.000985347292393
742	0.00393832237805
743	0.00244982749706
559	0.000493126655291
558	0.0019487147661
746	0.00295157377191
748	0.000491043644333
749	0.00245696771392
551	0.000492987405179
550	0.0029486456387
553	0.000490484850226
552	0.000985427164789
239	0.00246377321965
235	0.000492689986122
236	0.000491045105369
231	0.00439333335927
232	0.00196915731531
233	0.00295102041522
147	0.00982160891703
144	0.000492851339409
142	0.00147830268676
143	0.000479139827884
141	0.00197160826753
613	0.000492529319055
610	0.00147874819883
617	0.00343938473083
614	0.00196970906389
149	0.000983769278084
1004	0.00196428827987
948	0.00590649142132
949	0.00196929494597
946	0.000492195609546
947	0.00197044888994
942	0.000496894762299
943	0.00149319899498
940	0.000492529319055
517	0.00491634636658
685	0.00245215258045
684	0.00733547343688
687	0.000984657030566
686	0.000491043644333
680	0.00195633647277
683	0.000492808725114
682	0.00096848065987
133	0.000491698678881
132	0.0
130	0.000490774426061
136	0.000985474900293
135	0.00446876082545
139	0.000954863482004
493	0.000985491974428
24	0.00394162324677
25	0.00146172956426
28	0.000976518452064
407	0.000984212958856
939	0.000985472813958
402	0.000498206839234
401	0.00246115805241
400	0.0
933	0.000491043644333
931	0.000491043644333
937	0.000498305459005
409	0.000980822806186
934	0.000491423433319
379	0.000983731316973
828	0.000959763935621
371	0.000995692240622
373	0.0014788714601
372	0.000491889188402
374	0.0
377	0.00196950847762
376	0.00239911698719
704	0.00438731149365
707	0.000492689986122
700	0.00244730575475
702	0.000484374521135
703	0.000496916936331
392	0.00196570105935
391	0.00147908729828
390	0.00049448096559
397	0.0
394	0.000492293435067
82	0.000496894762299
181	0.000985612408565
399	0.00049348603098
86	0.000492025299867
796	0.000488229292896
795	0.000985968656839
791	0.000493615357719
790	0.00342957931902
799	0.000987402899808
798	0.000492800933364
586	0.0068891176493
587	0.00049266940303
584	0.00048726978908
585	0.000983230291788
582	0.00146424014351
580	0.000493615357719
581	0.00198620435813
245	0.00146417457715
246	0.00147263853533
241	0.000492669057135
243	0.000492094992879
249	0.00196118808869
248	0.00147597925903
924	0.00581626372014
518	0.00394169469887
510	0.000985057922393
513	0.000493011728966
512	0.00049302540535
514	0.000988832189735
1001	0.0024333065597
1000	0.000973787393841
458	0.00438426811962
951	0.00394203433927
624	0.000491787601291
450	0.00393788022189
629	0.0123130509835
628	0.000995692240622
454	0.00147678812618
178	0.015701418487
199	0.00193683311753
175	0.00147066841481
173	0.00145247511496
171	0.00147511064893
170	0.000492018727942
977	0.000491340415496
976	0.000980822806186
975	0.0
974	0.00246153172253
972	0.000491043644333
971	0.000492629510628
180	0.0
978	0.0108440769261
656	0.00246292077682
654	0.000491848988395
2	0.000489275934196
187	0.000491898051227
650	0.000484106138735
185	0.00295402735313
188	0.00542182361183
189	0.000479139827884
658	0.00147222385267
516	0.00341408010683
184	0.00147586795706
868	0.00491968017107
13	0.000973486158504
15	0.00146517135174
14	0.00194451612002
17	0.000985474900293
16	0.000485982863145
19	0.00049180644029
863	0.000972347265675
862	0.0019636038151
867	0.000492364254767
866	0.000983795350431
883	0.00147437723951
881	0.000972635050888
880	0.000492689986122
887	0.000492529319055
885	0.0024614755796
752	0.000485084472431
889	0.000492351641666
888	0.000492629510628
929	0.00147178480311
809	0.000488229292896
321	0.00146611238697
326	0.000493116350865
327	0.00047330792546
324	0.00147836104365
329	0.00295043024274
775	0.000492232180614
200	0.00246235207857
776	0.00147694273535
770	0.00049161322097
207	0.00542124812759
772	0.00294936879144
779	0.00246058384842
77	0.00196929782649
75	0.000983562899201
74	0.00344571202742
71	0.00049148755772
70	0.00541781285163
78	0.0019631712445
669	0.000493615357719
668	0.00147518451946
664	0.0
663	0.00197258682698
662	0.00245957625941
692	0.00196711966452
693	0.00196277155031
696	0.000986006651535
697	0.00196782452469
695	0.000984175163933
698	0.000488229292896
542	0.00541140139832
543	0.000492629510628
540	0.00634971981913
541	0.00193755958739
546	0.000491432913926
547	0.00246479458686
8	0.000493000926798
994	0.000974098172252
997	0.000496916936331
996	0.00193442399482
991	0.00344269022515
990	0.00295355125427
120	0.00393812807249
122	0.0014783682283
126	0.00246124907208
127	0.000982886573324
414	0.00147868254039
415	0.00245795133495
416	0.00196945638253
410	0.00194490422583
920	0.000492669057135
923	0.0133002344684
418	0.000964745640908
925	0.00244562947193
926	0.00245206683296
499	0.00195077517812
319	0.000486805978043
318	0.000976243173987
313	0.00393718219788
311	0.000976478954866
310	0.00049348603098
316	0.0147765867857
314	0.00343440989267
832	0.0019662988954
833	0.00295048443941
837	0.000976432793039
838	0.00295526766714
369	0.00049159363939
367	0.00640187795186
364	0.00048790634538
362	0.00245808497174
360	0.0019710504601
361	0.000488229292896
381	0.000948160438884
383	0.00196213760316
387	0.00049302540535
388	0.000984932714388
784	0.00197714331533
780	0.000988832189735
782	0.00492392098386
783	0.000484106138735
789	0.00195693384079
151	0.00147512560979
573	0.00147665041966
572	0.000984033675489
571	0.00836808821695
577	0.000977849622375
576	0.000968100593821
575	0.000492383943716
61	0.0044260909995
62	0.00197036347511
65	0.00245161646361
67	0.0
68	0.000488229292896
253	0.000491746801035
250	0.00196903882037
251	0.000488229292896
256	0.000984201760829
731	0.00389990497276
730	0.00246069644432
732	0.000493862813873
737	0.000490484850226
509	0.00147392970257
506	0.00581189947087
738	0.00775089634253
502	0.00638732943918
503	0.000487173606873
500	0.00344521955295
630	0.00344705829731
631	0.00147828055743
633	0.00196978871252
469	0.0019717819832
468	0.000490484850226
465	0.000489275934196
464	0.000490484850226
466	0.000984633055578
900	0.00246080989424
901	0.00049448096559
168	0.0103380126159
164	0.00148638678131
165	0.00246337090096
166	0.00393131960768
167	0.000985352059654
160	0.00295368121866
161	0.000984318734934
163	0.00246840974497
962	0.00147200983071
963	0.0
935	0.00344299981185
908	0.000492111799415
878	0.000490566403619
879	0.000988928948334
874	0.00341686300874
875	0.000492689986122
872	0.000488229292896
873	0.00195232235588
870	0.000989188197366
890	0.000492689986122
891	0.00640481461265
895	0.00197354219966
646	0.00147886588746
356	0.014758128567
355	0.000491043644333
808	0.000490484850226
353	0.000985677114068
351	0.000985088942722
802	0.000984318782287
359	0.000490646259615
216	0.00146031246998
214	0.00689402698588
762	0.00147686871749
761	0.000487550578457
767	0.00245344003658
764	0.0009761853382
765	0.00393736512809
957	0.00049302540535
289	0.000483994455085
288	0.00345020077921
4	0.000995692240622
280	0.0142848078687
285	0.000981443832404
284	0.000976205466608
679	0.000488841398447
674	0.000983071498102
671	0.0
260	0.000984556948369
267	0.00443170959663
266	0.00147694172784
264	0.000980130249359
56	0.00293414405767
53	0.00246351837625
52	0.00295319250576
535	0.00295253449189
534	0.00295678886527
532	0.000952667096301
531	0.00146783626952
530	0.00246193972358
538	0.0014709290835
988	0.000985484837445
774	0.00049266940303
983	0.000492503671533
980	0.000489822868738
987	0.0151399102646
984	0.0039366567231
114	0.000984373682557
113	0.000987340626777
112	0.000491971718926
119	0.000489275934196
773	0.000492995199455
429	0.00196850906324
428	0.00394214389244
919	0.000479139827884
918	0.00146261272258
421	0.000985694462486
420	0.000986020664943
423	0.00294786378397
422	0.00293434742
425	0.00639906210032
424	0.00049302540535
912	0.00885891333902
301	0.00147876889022
302	0.000985487601769
304	0.000498305459005
306	0.00147891843086
846	0.000985602580749
844	0.00243731602305
843	0.000492191044244
841	0.000492529319055
840	0.0019520836903
853	0.000986367653068
849	0.00293563359691
823	0.00147862791128
568	0.000983731316973
569	0.00245150559681
751	0.000492481042629
750	0.000985377283966
561	0.00147828055743
759	0.0014769078222
758	0.000973894364055
565	0.00195377023205
566	0.00049130699781
739	0.000493615357719
229	0.00147675196799
228	0.00147216922844
225	0.000985044909561
224	0.000492629510628
223	0.00147911555828
220	0.000493023911695
88	0.00049348603098
724	0.00245100924437
725	0.000985298913658
723	0.000488203833818
720	0.00294854093892
721	0.00246034882091
605	0.0117653206228
150	0.00147501532644
607	0.000492119981224
152	0.000492025299867
601	0.000476602879644
157	0.00344115372926
602	0.00295008913237
159	0.000492689986122
609	0.000985829905008
958	0.0
48	0.00243651529843
46	0.0
950	0.00197602841224
953	0.00147824181925
952	0.00147783651784
955	0.0019536120367
954	0.0014774213597
40	0.00295092668476
956	0.00292203458074
638	0.00246076231191
5	0.000490187882631
485	0.000985805430891
484	0.00246391139755
483	0.000984373682557
482	0.00244927817833
480	0.000488229292896
472	0.00492179566162
470	0.00343109706209
471	0.000982721268856
476	0.00098520924099
478	0.000492481042629
