344	0.000899016366117
819	0.000878584117458
346	0.000437672955964
347	0.000451700598082
341	0.000448776886895
343	0.00132774791606
810	0.000882309610845
811	0.000890511887609
812	0.00223542959529
813	0.00178616157049
814	0.000447199444717
349	0.00134858527346
817	0.000449148039911
719	0.000878176438952
718	0.00353393145153
716	0.0013289712117
713	0.000892641149127
711	0.000883274923808
710	0.00265341917741
915	0.00807491581485
914	0.000447240188695
910	0.000446679849785
913	0.000896586635521
299	0.000865633520416
294	0.00224318913655
292	0.000442927492754
293	0.00356217117637
290	0.000447785124021
591	0.00044360629091
590	0.000448604333419
595	0.00223168922473
599	0.000883146960201
197	0.00044526819212
196	0.000887285839244
190	0.00537823169492
193	0.00044645024786
192	0.00131565231395
270	0.000438214356789
272	0.00044748869465
273	0.00044567720761
274	0.00179105286638
275	0.000439818644657
277	0.000446679849785
278	0.000445207137062
526	0.00134618109114
527	0.00133279005467
521	0.000450865661648
522	0.000887794485107
528	0.00133494277632
443	0.00223572537626
441	0.0
440	0.000897795672905
445	0.00134689377234
109	0.000897795752517
101	0.000883699261056
106	0.000885001114023
107	0.00221923928978
104	0.00269916524915
105	0.000881906172384
902	0.000448744818589
900	0.00178550225021
38	0.000448354869454
905	0.000449348829454
32	0.00356237424128
31	0.00269409105282
30	0.00224841661964
35	0.00134723396231
641	0.000438770090324
643	0.000449095311906
644	0.00262996602884
647	0.000898202744684
439	0.000897801359467
437	0.000438214356789
434	0.000452710942419
435	0.00313786417253
433	0.00219417215486
338	0.00176517189106
335	0.00176786530165
334	0.0066917686286
337	0.00088480600407
333	0.00132693895742
332	0.00268405657976
744	0.00224327460193
745	0.000438214356789
854	0.00134668131281
818	0.0026583039067
857	0.00269137640124
850	0.00218898179263
851	0.0026889466436
858	0.000893518375379
6	0.000875762063798
99	0.00177355251423
98	0.00445208038994
90	0.0107557329231
92	0.00134796044506
95	0.000878611914318
96	0.00086625118003
740	0.0013271814585
742	0.00624261971782
743	0.00225911527437
559	0.00130198240164
558	0.00136365263051
746	0.0058000207556
749	0.00177287663641
556	0.000448671081608
550	0.00269136054217
552	0.00223861859127
239	0.000891588651804
235	0.000893532041885
236	0.00044888623173
230	0.000447850531482
231	0.00572187732723
232	0.00403883988886
233	0.00177949307535
155	0.000446925908919
147	0.0018058921167
618	0.000457230169675
142	0.00359138702314
143	0.00089056027006
141	0.0008978928585
610	0.000449320871282
611	0.00131400018625
617	0.00178516855114
614	0.00313456913227
149	0.000446749612895
1004	0.000882737021424
948	0.00718526491512
949	0.00179482731053
946	0.00224389538556
945	0.000438214356789
940	0.000447879044221
517	0.0026905092409
685	0.00134672811467
684	0.00358832827843
687	0.00223360212109
516	0.000438214356789
680	0.00134016664501
682	0.000438214356789
133	0.000901216437168
130	0.000443338240386
136	0.00134752738691
134	0.00132698037964
139	0.00963874711631
493	0.000897436272546
24	0.00224392764443
28	0.000878521392911
29	0.00262969862295
407	0.0
939	0.000880090723826
404	0.00134070320751
402	0.000433277982888
401	0.00223076541912
400	0.000447240188695
933	0.000903877033271
937	0.0004453691863
935	0.00311373468523
408	0.000448776886895
378	0.00043920005902
828	0.00131488909396
371	0.0
373	0.00179589974487
372	0.00223339062946
374	0.000886637761792
377	0.000896741038356
376	0.000876790805287
704	0.00183189144028
706	0.00044567720761
707	0.00222866591585
700	0.00357131649688
702	0.00175378506841
703	0.00178864938549
393	0.000448525480818
392	0.000898240786475
391	0.00314394882624
390	0.000446925908919
394	0.000446679849785
82	0.00178150542745
181	0.0013457462705
399	0.000442392501747
86	0.00134222722316
895	0.0
796	0.00131848240354
795	0.00179687074705
792	0.000440973290542
791	0.00089060866827
790	0.00493311711114
799	0.0
798	0.00044567720761
607	0.000446740060097
586	0.0120897694217
587	0.00044535008888
584	0.000447031645956
585	0.00134142828936
582	0.000878521392911
580	0.000890511549424
581	0.0008901408294
245	0.0030719079695
246	0.0017696292412
241	0.000448744818589
243	0.000891782840602
249	0.000890126770334
924	0.000876155781848
518	0.00268201045089
510	0.000437672955964
512	0.000449148039911
1003	0.000445854107191
514	0.00307680423175
1001	0.00219131456844
1000	0.00365635343938
458	0.00180770684139
622	0.00174334840528
624	0.00308858386043
450	0.00134508107621
629	0.00942141999975
454	0.00267497126878
178	0.00622855827868
199	0.0017512424227
175	0.00087835859166
173	0.000876063368003
170	0.00133139937277
977	0.00131559235103
976	0.000443338240386
974	0.000447879044221
971	0.000449457926094
979	0.000438214356789
978	0.0089792225105
656	0.00179347365742
657	0.000438214356789
654	0.00131770823576
2	0.00446470652397
187	0.00134822284443
650	0.00175027808728
185	0.000439841823994
188	0.0008978928585
189	0.00177665660518
658	0.00178488425452
659	0.000445920218556
868	0.00314084547314
13	0.00132451556164
15	0.00134187184803
14	0.00219156866004
17	0.000449457926094
16	0.00176272184309
19	0.000882568197001
863	0.00133945874453
862	0.00177376467563
865	0.000448626696363
866	0.00132574166096
883	0.000448304557249
881	0.00131656667306
880	0.000445748692859
887	0.000446216914283
886	0.000446388629721
885	0.00134345881971
752	0.0022250619177
888	0.000898750500013
929	0.000889631056109
809	0.000878521392911
322	0.00221082612311
323	0.000437672955964
321	0.000912426493854
326	0.00089252954714
327	0.00132178228569
324	0.000897997687033
329	0.00132066161675
688	0.000441852142894
775	0.000894489808121
200	0.00224457150231
777	0.000440424601703
758	0.00185651742186
771	0.000447240188695
207	0.00449142793735
206	0.000437672955964
779	0.000882650983121
77	0.00224101986593
76	0.00088370371694
75	0.00268006941915
74	0.0017965363052
73	0.00229087842154
72	0.00044666599553
71	0.000446383914691
70	0.00132603812343
78	0.000883300322549
686	0.000437163148633
669	0.00089060866827
668	0.000446185250872
663	0.00221863462411
662	0.00223688986472
660	0.00044567720761
692	0.00266060188877
693	0.000441344028807
696	0.0017868090662
697	0.001774318971
695	0.000449624339526
698	0.00307315578887
699	0.000448354869454
542	0.00492735059447
543	0.000449457926094
540	0.0048338983436
541	0.00219905273669
546	0.000448727641613
547	0.00268641085728
544	0.00222685497961
8	0.000891525727022
995	0.00401356124141
994	0.00263216823516
997	0.00178048722369
996	0.00350442251903
991	0.000882992636195
990	0.00403219849098
120	0.0022382006634
122	0.000891115475523
125	0.000876790805287
126	0.00313859866937
127	0.000883274923808
69	0.000870356783342
414	0.000894602704751
415	0.00489894835885
416	0.00224713432832
410	0.00264147515151
920	0.00179362527159
921	0.0021911013843
923	0.00534291524452
418	0.00131710983525
925	0.0017592383316
499	0.00136402322125
318	0.00134240878551
313	0.00224371008338
311	0.00131679811446
317	0.0
316	0.00359100404626
314	0.000889631056109
832	0.00439486623225
833	0.00133555802551
830	0.000439091943215
837	0.000877127555073
835	0.00044725795815
838	0.00134781186683
369	0.000448465611452
367	0.00402602275263
364	0.000438570058988
362	0.000893142823202
360	0.00179533480638
361	0.000878521392911
381	0.00308038782075
383	0.0040156483569
387	0.000447569679929
388	0.00177863235269
784	0.0049152645771
780	0.00043920005902
782	0.00493224781035
783	0.00176344770884
788	0.00173594819168
789	0.00088352148104
151	0.000893076222916
573	0.000896278172751
572	0.000893673945521
571	0.00893257404577
576	0.000438214356789
575	0.000448671081608
60	0.000449624339526
61	0.00355324779874
62	0.0026838884767
64	0.000437672955964
66	0.0
67	0.00269607731728
68	0.000438770090324
253	0.000895306307475
250	0.00178544128376
251	0.000878521392911
731	0.00402260578607
730	0.00134663395035
732	0.000443808269346
735	0.000434521554895
506	0.00482049337647
738	0.015788563254
505	0.000442197235439
502	0.00354768075325
503	0.0013815566361
500	0.00357698132955
630	0.00134653546829
631	0.00134618109114
633	0.00178555912915
634	0.00131006878817
465	0.000893599075483
464	0.000892729118804
466	0.00044748869465
901	0.000446925908919
168	0.00717642965929
169	0.00223722922009
164	0.00131357977723
165	0.00224258224336
166	0.00134602690523
167	0.000449148039911
160	0.00224007484918
161	0.00178665223582
962	0.00133779790301
963	0.000449558440023
934	0.00223143109703
908	0.0013497580314
909	0.000885957070028
879	0.0017482879139
876	0.000444424561555
874	0.00263438569855
872	0.000877215626644
873	0.00307335237838
870	0.00178297666816
890	0.00267407353625
891	0.0130055141909
438	0.000442927492754
899	0.000441852142894
646	0.00178399294959
648	0.000448695667144
356	0.0107693097473
355	0.000903877033271
353	0.00134627957965
351	0.000897829182169
800	0.000447400473577
807	0.000442927492754
806	0.0107819975598
216	0.00136978948339
214	0.00805927932031
769	0.00268279493221
762	0.00134550458917
955	0.0021946890295
761	0.000438214356789
767	0.000887002173512
764	0.0030726638487
765	0.00539176790429
956	0.00180935607573
288	0.00314385599706
4	0.0
281	0.000898302352311
280	0.0148031127207
285	0.0004464447317
284	0.000892708853566
674	0.000898701783312
676	0.000874325173459
670	0.00088226673304
671	0.000445976008388
260	0.0013461673347
267	0.00493393304873
266	0.00224383026217
264	0.00132306075229
268	0.000891657384922
58	0.000442817967339
55	0.000446330453469
56	0.00175678211706
50	0.000433279617109
53	0.00044645024786
52	0.00044885511196
537	0.00134652215273
535	0.00448329479316
534	0.00221302819255
532	0.00087799463214
531	0.000438770090324
530	0.00268534359202
988	0.00179635204451
980	0.00222212921879
987	0.0122959503882
984	0.00314076646146
114	0.000893183971487
117	0.000445207137062
776	0.000446679849785
111	0.00044879053812
113	0.000896465716479
112	0.000898424032018
119	0.0013401069084
118	0.000880392089898
772	0.00446606300476
429	0.00178260809021
428	0.00718549146713
919	0.00135147827513
918	0.000932753544367
421	0.00224564896519
420	0.00173954172408
423	0.00353353485299
422	0.00179168825156
425	0.00448994103835
424	0.00269323531001
427	0.000438552707807
912	0.00627520303608
309	0.000437672955964
855	0.00177718685795
300	0.000446925908919
301	0.00134574700178
302	0.000449457926094
304	0.0
952	0.00224284861087
306	0.00267930667339
846	0.00224506040244
844	0.000932753544367
843	0.0
841	0.000448304557249
840	0.00836133684562
849	0.00220062111883
848	0.0
823	0.00179201410122
568	0.000445253857525
569	0.00088830448793
751	0.000897760910047
750	0.00269434366139
754	0.000882650983121
561	0.00134618109114
563	0.00044534047615
565	0.0018193772919
566	0.00134182339219
739	0.00134455335144
229	0.00134091458043
226	0.000448909740165
224	0.000899211118181
220	0.000887237533439
724	0.0026489496528
89	0.00133439859736
723	0.00137660647144
720	0.0022251232532
721	0.00269966130746
605	0.0013279121705
150	0.000887453964366
153	0.00219532152871
152	0.00089476589572
601	0.000874325173459
154	0.000875543574625
157	0.00358768334589
602	0.00090166842916
609	0.00222579031046
83	0.000894166097614
469	0.0008978928585
48	0.00183063097194
951	0.00980482663925
950	0.000882806349931
953	0.00179632073539
45	0.0
42	0.000437672955964
954	0.000449148039911
957	0.000449148039911
41	0.00275544465351
638	0.00575894281812
5	0.00219440419983
487	0.000437672955964
486	0.00089747783846
485	0.000447400473577
484	0.00359128217128
483	0.000447045792213
482	0.00133099692823
480	0.000438770090324
472	0.0062756692759
470	0.00177919324162
471	0.00132687950091
477	0.000437672955964
474	0.000437672955964
478	0.00133813099281
