344	0.00118494398602
0	0.0119655380403
347	0.0
343	0.00421366607452
810	0.00180600433128
812	0.00180753987913
814	0.000596633566578
349	0.000594276043927
817	0.00118578331978
718	0.0155403770495
716	0.00418971785387
713	0.0
710	0.0011970212925
915	0.011317999045
294	0.00359215340355
295	0.000598358886673
292	0.000599186099876
293	0.00119160710718
290	0.00297623851893
291	0.00239285270717
591	0.00420972326901
595	0.00239430969556
597	0.000601511780547
599	0.00239415050253
196	0.00119295660106
191	0.00299275021234
190	0.00475714012342
193	0.00657239572102
192	0.000602393974112
272	0.00119799956766
273	0.00060234989522
274	0.00118704816822
275	0.00182179428833
278	0.00178603378402
526	0.00118703325284
527	0.0
522	0.00119679599067
523	0.00240865142732
528	0.00179033658778
443	0.00240304093219
442	0.0
440	0.0018046380792
447	0.00179600277199
444	0.00103137756271
102	0.000600877867574
103	0.00119614613524
101	0.00298531991832
107	0.0162267073188
104	0.00119939031369
105	0.000602213035509
900	0.000600432237094
904	0.00059774788011
32	0.00119160710718
31	0.00118848783064
30	0.00059947513556
35	0.00118614934157
641	0.000600355469801
643	0.000591116513371
644	0.00120350926896
647	0.00178372242952
439	0.0011985497543
648	0.00119755643422
435	0.00179313004781
433	0.000598934811597
338	0.00119495256631
335	0.00300976757958
334	0.00838595247149
337	0.00540769625027
333	0.00419271891438
332	0.00418672216994
745	0.0
854	0.000553498910398
855	0.00120203332604
857	0.00178664845799
850	0.00239895251775
851	0.00771791305276
853	0.00180776324252
858	0.00178557525595
6	0.00239499095985
98	0.00239285270717
91	0.0011954104479
90	0.0162578351609
92	0.000594276043927
97	0.000601063959876
96	0.00126126936767
742	0.0072031877188
743	0.00299159871472
559	0.00324948798393
558	0.00500976432125
746	0.00179427565016
551	0.000553498910398
550	0.00119662157093
553	0.00179928867398
552	0.00118560270456
239	0.0
235	0.00119321999357
236	0.00120136175538
231	0.00359599411603
232	0.00419010428729
1	0.0
147	0.00119563811932
142	0.00178428314569
143	0.0
141	0.0029636126247
612	0.00183205552022
617	0.0
614	0.00178263283254
149	0.000597414094603
912	0.0053926349008
1004	0.00180990729311
949	0.00119942594728
947	0.0
942	0.00120025005975
517	0.0041816593808
685	0.00177430161644
684	0.00444656568314
687	0.00299432164377
680	0.00119041622171
683	0.000599156914495
682	0.00300783498356
459	0.000597388677526
133	0.000598538894798
132	0.000601051381932
137	0.00180260228641
136	0.00236996657809
135	0.00838713036829
134	0.00299538880824
139	0.000600877867574
138	0.000596764473321
491	0.000604328979603
493	0.00236276191247
24	0.00118703325284
25	0.00220812385494
28	0.000597401755402
29	0.00240250387257
407	0.00059237311966
939	0.00185451170245
404	0.00119762715224
402	0.00193473082515
401	0.0035849965245
936	0.00239813749584
409	0.000598358886673
408	0.000595587158522
373	0.000594494835899
372	0.000598892722359
374	0.000601359856225
377	0.00537611417585
822	0.000601063959876
704	0.000598370463934
707	0.000597309662515
700	0.00302925012006
393	0.00120358070741
82	0.00119281004692
181	0.000594494835899
399	0.000603125650837
86	0.00240351731344
84	0.00120194182745
928	0.000605678474806
795	0.00236721259088
790	0.0030184718402
798	0.000598484761276
7	0.00120450113084
586	0.0125685954077
587	0.00119542049651
582	0.000600355469801
580	0.0
581	0.00360258497015
245	0.00239629365959
246	0.00179035930376
241	0.000593859227067
249	0.00119698641852
248	0.00180095740595
519	0.000598514862983
511	0.000608873197136
510	0.00127085563404
513	0.000553498910398
512	0.000592290114504
1003	0.000597309662515
1001	0.00240573855979
516	0.00362337882424
458	0.00331723996173
622	0.00259762907983
626	0.00120897264177
624	0.000597469937758
450	0.00119630554044
629	0.0136479530452
628	0.00120158986382
454	0.00478511353229
457	0.000597414094603
178	0.00538297020567
175	0.00303398610899
173	0.00120355276
170	0.0
977	0.00480871547235
976	0.000598358886673
975	0.000601511780547
971	0.00119015722678
979	0.000601511780547
978	0.0136285022811
656	0.00178261811451
657	0.000602403763946
654	0.0018015446613
2	0.00181325850669
652	0.000601217279214
187	0.000599785730636
650	0.000601810057149
185	0.00119858860611
188	0.00237339466528
189	0.00658713844493
658	0.00118666723105
659	0.000603546946086
868	0.00239413896106
13	0.000601511780547
15	0.00178511868867
14	0.00120286133598
16	0.00119566317727
19	0.000599069729729
863	0.00542869364954
862	0.00119814930328
865	0.00179562375752
867	0.0
866	0.0017922847261
883	0.00059774788011
881	0.00121044081159
886	0.00060234989522
885	0.00359214064072
322	0.00241120428525
320	0.000601217279214
321	0.000554917249373
327	0.00121023488025
324	0.0018486914451
329	0.00239216493152
201	0.00120362104316
200	0.00297362875994
777	0.00059774788011
771	0.000600432237094
207	0.0046934655966
772	0.00298994803614
209	0.00119801403036
208	0.00180479150094
77	0.00419254269728
75	0.0083740468252
74	0.00119764831341
73	0.000554073761212
70	0.00119628051844
78	0.000598358886673
669	0.000596818202102
664	0.00120344907128
663	0.00180695343989
662	0.00300106875763
692	0.00418903523065
693	0.00119565512646
696	0.000597589528448
697	0.000601219110592
698	0.00359297799662
699	0.00119762987833
542	0.00172456241399
540	0.00179428364957
541	0.00180577244471
546	0.00119690422673
547	0.00178299380463
544	0.000597204086568
549	0.000599186099876
994	0.0036010862262
997	0.00119539841167
996	0.00300862344418
991	0.00239265469762
990	0.00118621648023
993	0.000603546946086
120	0.0334426205468
121	0.000598805743734
122	0.00178988837273
125	0.0006517197731
126	0.00239360229074
127	0.00358722600624
414	0.000591100045521
415	0.00418649026584
416	0.0107710818937
410	0.00239904066493
411	0.000602213035509
413	0.00119492331383
920	0.00178423733941
921	0.000601511780547
923	0.00179280250773
418	0.00541732408136
925	0.000597401755402
499	0.00174729375478
319	0.000547377692933
318	0.000554917249373
313	0.00359203163651
311	0.000597401755402
310	0.00060223382774
317	0.00060234989522
316	0.00535474917922
833	0.0
837	0.0
834	0.000597204086568
838	0.00118886467487
368	0.00120014179536
369	0.00158627719478
365	0.000602068200969
362	0.00357852776413
360	0.00177813329837
380	0.000601809836427
381	0.002408423533
383	0.00179050372903
386	0.000550121556306
388	0.00120169833508
784	0.000603546946086
785	0.0
780	0.000601907022582
782	0.0029916965764
783	0.00300468324284
789	0.00118977472995
151	0.00118986205071
573	0.000598554521208
577	0.000551000078134
153	0.00300642961491
575	0.00299313673264
61	0.00359374729184
62	0.00388343754362
67	0.00295524354973
253	0.00178453330002
250	0.000598124706675
251	0.00059237311966
256	0.0023946087147
731	0.00595568232223
730	0.000598538894798
732	0.00059774788011
735	0.000601063959876
737	0.00060734758423
509	0.000601063959876
506	0.00420781205198
738	0.0108230395706
505	0.000601063959876
502	0.00658286603054
500	0.00298335762266
630	0.0017789654752
631	0.00118703325284
633	0.00179413091762
634	0.000652223933154
468	0.000601217279214
465	0.00180710132365
464	0.000601217279214
927	0.000597309662515
168	0.00360017538305
165	0.00356628386332
166	0.00359312563782
167	0.00236778362945
160	0.00118648698504
161	0.000604939390246
966	0.0
963	0.00177912122598
969	0.00179988629579
934	0.000598655064896
908	0.00119939031369
909	0.0
873	0.0005988761454
870	0.00059549033579
890	0.00774870330724
891	0.00354845403748
898	0.000601217279214
899	0.0
646	0.00172351955087
356	0.0125681856136
809	0.0
808	0.000601217279214
353	0.00118559488142
803	0.000598030225323
804	0.000604277602276
216	0.000547377692933
214	0.0101467924396
769	0.00120397918318
762	0.00239632825886
763	0.000602403763946
761	0.000604277602276
767	0.0011974286164
764	0.0005988761454
765	0.00719255589745
957	0.000592290114504
956	0.00274697691405
288	0.000593174025777
281	0.00181190952381
280	0.0148510413712
283	0.000504724101478
284	0.000594522313342
674	0.000597204086568
676	0.0006517197731
670	0.00180197240083
671	0.00120066446238
672	0.000547432996997
267	0.00179400268181
266	0.00179762193155
58	0.0
56	0.00059237311966
50	0.0012992400171
53	0.000597491622949
52	0.00179567803795
537	0.00239976023459
535	0.00104386948454
534	0.00360406708555
532	0.00181567233095
531	0.000598352130062
530	0.0035611085525
538	0.00238742888639
775	0.000597204086568
988	0.00118395051514
774	0.0
980	0.00119842136578
987	0.00239195023314
984	0.000598726431169
985	0.000601217279214
114	0.00119668269171
112	0.000598538894798
118	0.00179892750006
773	0.000597401755402
429	0.00239212660856
428	0.00535004391705
421	0.00296970398475
420	0.00128435298475
423	0.00536198767112
422	0.00237864839465
425	0.00119960606021
424	0.00237044350204
427	0.0011954685823
426	0.000596593534232
308	0.000602213035509
309	0.0
301	0.000592290114504
306	0.00360679171641
846	0.00118390622509
844	0.00225236420838
843	0.00059774788011
841	0.000602403763946
840	0.00119688189417
955	0.00358496025972
849	0.00182472743915
823	0.000519612308507
568	0.0
752	0.000598601765748
754	0.00119637541196
561	0.00177776545216
565	0.000554917249373
566	0.000594715943548
739	0.000597204086568
229	0.000601359856225
228	0.00179416998944
223	0.00060223382774
221	0.000597204086568
220	0.00179780217562
724	0.00178803629693
723	0.0
720	0.00477846717254
729	0.000597414094603
605	0.00238911798929
150	0.00119653481813
607	0.00179270384037
152	0.000600953057743
157	0.000597204086568
602	0.000598370463934
159	0.00829610300505
609	0.00418117257903
83	0.000603546946086
469	0.00236261026412
48	0.00219778742107
951	0.0
950	0.00180479513784
953	0.00178372242952
952	0.00237667255113
42	0.00125831403285
954	0.000592290114504
40	0.00419757712551
41	0.0
638	0.00184252389989
5	0.000601217279214
485	0.000553498910398
483	0.00101501675188
482	0.0011965797197
472	0.00239574686611
470	0.00119652173757
477	0.000600877867574
