344	0.00352636911381
0	0.000695776601764
347	0.00273060192296
343	0.0
810	0.00209190686361
812	0.00141167495266
817	0.00140673558481
719	0.000693592545154
718	0.00634120202918
716	0.00211426598102
713	0.000702956622897
712	0.00209972043065
710	0.00139127577899
915	0.0147884858486
299	0.0
294	0.00140503558047
295	0.000695776601764
293	0.00136367646861
290	0.0021169292404
291	0.00140870211277
591	0.00427036056348
592	0.000702956622897
595	0.00352563693665
594	0.000716870068881
597	0.000693592545154
596	0.000697328827712
599	0.000695776601764
197	0.000725769952681
193	0.00207415019677
270	0.000672293922004
272	0.00140228013203
273	0.000699382349638
275	0.00224448231094
278	0.00140558933755
526	0.00140980828324
522	0.002103494989
443	0.00424918817598
442	0.000689540943402
447	0.0021099442993
444	0.000672400008341
103	0.000646501323693
106	0.0
107	0.00280116102083
104	0.000703681593833
105	0.000667430190858
900	0.00140228013203
38	0.000712321511005
904	0.000704856223229
32	0.00208034745676
31	0.00211505924044
30	0.00351650591997
35	0.000704120000732
641	0.00361831667616
643	0.00065667773021
644	0.00536642596896
647	0.00211583990775
646	0.0033470594569
648	0.00491045217549
435	0.00350117415734
432	0.000725769952681
433	0.00214034700534
339	0.000695776601764
338	0.0028876833911
335	0.00141221482008
334	0.00849208975871
337	0.00122110260154
333	0.00138978424334
745	0.000693592545154
854	0.00204693392962
855	0.0021555991896
857	0.0042228201675
851	0.00351501695883
819	0.000723523106081
6	0.000695776601764
98	0.00843508565599
91	0.000704856223229
90	0.00499971322354
92	0.00282324136318
95	0.000725769952681
96	0.000727639060043
740	0.0
741	0.000700362863097
742	0.00783319054128
743	0.00273838868597
558	0.00269159636512
746	0.00639680057321
557	0.000702901189348
551	0.00134979936206
553	0.00140072803087
239	0.000699382349638
231	0.00716117617305
232	0.00281093772565
233	0.000715145728102
1	0.0
147	0.000702211184213
142	0.00211431466499
612	0.0
149	0.00140947813929
912	0.00702450720874
1003	0.00140711905627
944	0.000702211184213
945	0.000720457740082
942	0.00143417048529
943	0.00069890016311
517	0.00141069209945
685	0.00276677184928
684	0.00204510239397
687	0.00211729496726
686	0.00137892535193
680	0.00140116299615
682	0.000685041365033
133	0.00281141810424
132	0.00135231841941
136	0.00210528400305
135	0.0128879458342
134	0.00139654916805
491	0.000703563539287
493	0.00211297704183
24	0.00353608390226
25	0.00134661799181
28	0.000725769952681
29	0.00138008542999
407	0.00140438669421
405	0.00143283813156
404	0.00141020892566
402	0.0
401	0.00352773537444
933	0.00204962973473
936	0.00143610407456
409	0.000695776601764
408	0.000705176201142
379	0.000704856223229
378	0.000535408289537
828	0.00270716841854
371	0.00352692760347
372	0.000705280773982
377	0.00139556771981
708	0.000704663428088
704	0.00540076592692
707	0.00491640932644
700	0.00281112509021
702	0.00134306320771
395	0.00269555470309
176	0.0108177173731
82	0.000716870068881
181	0.000683482074864
399	0.000705783210352
398	0.000700040023678
86	0.00141347841368
796	0.0013570224504
795	0.0014075454798
790	0.00493654879421
586	0.0126408736733
587	0.00071730041641
582	0.000725769952681
581	0.00430959390801
588	0.00144270692501
245	0.00432236209352
246	0.000683482074864
243	0.000704856223229
249	0.00138895973811
248	0.0151091271848
924	0.00201189646739
511	0.000725769952681
510	0.0
513	0.00202217487782
1004	0.00482970852474
515	0.00140479938264
514	0.000535408289537
1001	0.00406508716855
516	0.000675775948374
458	0.00336069189106
622	0.0
450	0.00634141666978
629	0.0098557476997
628	0.000716870068881
454	0.0126845266808
178	0.0153141573829
199	0.0026805573262
175	0.00149401573855
173	0.00333797255933
171	0.000682327494349
170	0.00429088475373
977	0.00471226088495
976	0.000695776601764
971	0.000704421728699
654	0.000693592545154
978	0.00563137592045
656	0.0
657	0.000666156833827
180	0.0
2	0.00283184690249
187	0.00130591181583
650	0.00274263128231
185	0.00284468216433
189	0.00140322342692
658	0.00211661173703
659	0.0014153963196
184	0.00069446789741
868	0.00280590445154
13	0.000693592545154
12	0.000720145047842
15	0.00279840941467
14	0.00742119017799
17	0.00280659831484
16	0.00065667773021
19	0.000681034798181
863	0.000712763604948
862	0.00139594554016
865	0.00140706740744
866	0.000704663428088
947	0.00139524512328
881	0.0
880	0.000702262833044
885	0.00140003575691
569	0.000695776601764
322	0.00174861053911
321	0.000667214711532
326	0.00069713456756
327	0.0
329	0.00361196015624
201	0.00071178958198
200	0.000704421728699
770	0.000672400008341
207	0.00211875969669
772	0.000725769952681
779	0.00140438669421
77	0.00140542139945
75	0.00285610985426
74	0.00210828395626
73	0.00067083756756
78	0.0013951589514
669	0.0
662	0.00281804804564
692	0.00501546181586
693	0.00208760457795
697	0.00358294660456
695	0.00139954001193
698	0.00433089323946
542	0.00543144685543
543	0.00140996570951
540	0.00716828326196
541	0.00197561618074
546	0.0111259435412
547	0.0014081119846
544	0.0
995	0.000722249184925
994	0.00145109702045
996	0.00267785591516
991	0.00139840931641
990	0.00140927795193
993	0.000712763604948
120	0.000702520210099
122	0.00140985840794
125	0.0
126	0.00281380854078
127	0.00211533679796
415	0.00213086606173
416	0.0139458100677
410	0.0
920	0.000695165427086
921	0.00207276176555
922	0.000722998386745
923	0.00706550907715
418	0.00200626707614
925	0.00215360289169
499	0.000673845491552
319	0.00202276930365
313	0.00140630299394
311	0.00287937284437
310	0.0
316	0.00140996570951
832	0.00122521235117
833	0.0028522564392
830	0.000726137017549
836	0.00144270692501
837	0.000693592545154
835	0.00142873212868
838	0.00140852492267
369	0.00202098143732
364	0.00145109702045
360	0.00140905889792
361	0.000725769952681
381	0.0
388	0.0
784	0.000712763604948
787	0.000702211184213
780	0.000535408289537
782	0.00561827417606
783	0.00137863391019
788	0.0
789	0.00144622769276
573	0.00069713456756
572	0.00210014158342
571	0.000720457740082
577	0.00135956863775
153	0.000672069632452
575	0.002810604357
61	0.00562043939671
62	0.00610546178292
67	0.00423555972328
68	0.00216847687769
250	0.000672400008341
251	0.000725769952681
256	0.00140720882671
254	0.000697328827712
157	0.00137887238965
731	0.0028040873332
735	0.000535408289537
737	0.000744131692827
506	0.00269876098494
738	0.00901993913739
505	0.00114399127766
502	0.00351442337047
500	0.00351574968002
630	0.0042144196413
631	0.000704202674689
633	0.000690851542127
469	0.00140666462942
465	0.000706196079211
464	0.000700040671175
927	0.00943048707312
460	0.00142037951084
462	0.00213518099717
901	0.000712763604948
168	0.0140561237807
169	0.00070508757821
164	0.00113874309635
165	0.00141066407893
166	0.00210100751284
167	0.00281518652158
160	0.00139936810177
161	0.000708627760686
966	0.00274867567597
963	0.000706242350234
969	0.0
935	0.00139779397601
934	0.000705280773982
909	0.000704856223229
879	0.000578711027473
872	0.000725769952681
873	0.00144864488844
870	0.00143815246349
890	0.00141174591287
891	0.00353780265437
897	0.0
356	0.00422200506721
809	0.00145057486147
802	0.00140228013203
801	0.000672450844986
804	0.0
216	0.00200653148526
214	0.00212413407918
769	0.00144972938107
762	0.0021129521478
761	0.0
767	0.000695776601764
764	0.00434490201356
765	0.00140717487642
956	0.0040309310825
4	0.000716870068881
280	0.00281650185105
283	0.000715020880788
679	0.000695165427086
674	0.00140143806878
676	0.0
670	0.00210375894646
672	0.00134807865184
260	0.00210887420681
267	0.00704108385369
264	0.00145258404015
268	0.000702956622897
56	0.00287292602804
53	0.00281681425839
52	0.00210677413463
535	0.0013447755241
534	0.000708057999833
532	0.0020203877619
531	0.00217071484383
530	0.0035298957657
538	0.00209065812863
988	0.000703163390378
774	0.000697764409513
980	0.000700154735995
987	0.0217383193592
984	0.00210879179139
114	0.00140947813929
117	0.000702956622897
111	0.00139948184535
113	0.00136756543543
112	0.00282441763513
119	0.00352944785255
773	0.000718587636165
429	0.002113558336
428	0.00492017346733
421	0.000703950704596
423	0.0025940024511
422	0.00280188208727
424	0.00140649533329
427	0.00282419487186
426	0.000704856223229
301	0.0
302	0.000704421728699
305	0.000710801667932
306	0.000712763604948
847	0.00211825005444
846	0.00211605063347
844	0.00203154945233
843	0.00210688345148
841	0.000695165427086
840	0.00216910262852
849	0.00297013355225
823	0.00269435494917
568	0.00139996154236
752	0.000702211184213
754	0.00140982570357
561	0.00282126109139
758	0.00134118595801
565	0.00271135450149
566	0.000705942803745
228	0.00137925867663
227	0.000686492390213
226	0.000720457740082
223	0.0
220	0.000714695396303
726	0.000706413299771
727	0.0
724	0.00615760017453
722	0.000672400008341
723	0.00268899497611
720	0.00358196301692
729	0.000696835850711
605	0.000695776601764
150	0.000714695396303
607	0.00425150041516
152	0.000708627760686
603	0.0
602	0.00138097732291
159	0.0126375356816
609	0.00140658288913
634	0.0
48	0.00136119993258
951	0.00419743517541
950	0.0
953	0.00211505924044
952	0.00140996570951
955	0.00502489852523
954	0.0014081119846
40	0.0097610253522
41	0.000673845491552
638	0.00056477582129
5	0.00211083238811
639	0.0
485	0.00269585596133
483	0.00141219129997
482	0.00359614181415
472	0.0021080841469
470	0.000695776601764
479	0.000749884045727
