344	0.001626073332
0	0.000533603993813
346	0.000527708074794
347	0.00213492030086
343	0.000518584055204
810	0.00113526362365
811	0.000537202905505
812	0.00107038115235
813	0.00106547935855
814	0.000538364889467
349	0.00161904642055
817	0.000537385635604
719	0.00144374691006
718	0.00425140433166
715	0.000533986924649
713	0.00108687227081
712	0.00107330911941
711	0.000528659789332
710	0.00159717093632
915	0.00647236726448
910	0.000528745392149
299	0.00159174226993
294	0.00429522011839
295	0.000533603993813
293	0.00268043769518
290	0.00213249836278
591	0.00213353684825
590	0.000533986924649
595	0.00426700118851
198	0.000535291509179
195	0.0
197	0.000472092011482
190	0.00590264097561
193	0.00534365326338
192	0.00170331158904
270	0.000472092011482
272	0.000535291509179
273	0.000536251914372
274	0.000536762332736
275	0.0016024054915
277	0.00212976627929
278	0.000552172386139
526	0.000543746356095
521	0.0015953049783
522	0.00106063007927
523	0.00106925496903
599	0.00267059955535
528	0.00104700189546
443	0.00427633843957
441	0.000537271590156
447	0.0005308929597
445	0.00217076654496
103	0.00105704644841
101	0.00156573562572
106	0.000527956403129
107	0.015207501244
104	0.002664662518
902	0.000541927001069
900	0.00106995121398
906	0.000527956403129
907	0.00158870939887
905	0.000532414246217
32	0.003227918551
31	0.00108352981566
30	0.00213095836884
35	0.00107828822762
641	0.000529846563879
643	0.00222290927134
644	0.00233965144854
647	0.000541154365717
439	0.0016009007162
437	0.000472092011482
435	0.0032250681456
432	0.001059427487
433	0.00102054310852
339	0.000533603993813
338	0.000529846563879
335	0.00168789500887
334	0.00535066698813
337	0.000517367107809
333	0.000533603993813
332	0.000533649251883
745	0.000472092011482
854	0.00053913435027
855	0.00160173663788
857	0.00216437595223
850	0.0161212439549
851	0.00537227532759
853	0.000527708074794
858	0.000536311233413
6	0.000533603993813
99	0.0016004527621
98	0.00551069247147
90	0.0060538728843
92	0.000541154365717
95	0.00105942917994
96	0.000527708074794
740	0.00106224728704
741	0.000534460630852
742	0.00427712872352
743	0.0016021840107
559	0.0
558	0.00212693200762
746	0.00746280890557
748	0.000533986924649
749	0.00107326223466
557	0.000533857266334
556	0.000533649251883
551	0.00106687270783
550	0.00266986424555
553	0.00169465174546
552	0.00107239936236
239	0.0010695783125
236	0.00168290659461
230	0.000528310175929
231	0.00265217101812
232	0.00319741884452
233	0.00107054238188
147	0.00961222507175
142	0.000541154365717
143	0.0010689603873
610	0.000544458814287
611	0.000938641636603
617	0.000529145790911
149	0.00105989861777
1004	0.000565284105996
948	0.000551468639371
949	0.00106746073256
946	0.00426380127602
947	0.000535291509179
944	0.000551468639371
943	0.000535995387504
940	0.00107297826462
688	0.0016553262607
685	0.00164398337473
684	0.00266580014232
687	0.00260262970453
1000	0.00213142018691
680	0.000542318123711
682	0.000939761874196
133	0.00160320004599
132	0.000527708074794
131	0.000472092011482
136	0.00270620882276
135	0.000539343869462
134	0.000552172386139
491	0.00159717451425
493	0.000543746356095
24	0.0032513995241
22	0.000517367107809
28	0.000529846563879
29	0.00167960063171
407	0.00158978774572
404	0.00159539653152
402	0.000527956403129
401	0.00273325973456
933	0.00160148110462
931	0.000532311191163
409	0.00159607128265
934	0.00159595245964
378	0.000498285187216
828	0.000472092011482
371	0.00214856359993
373	0.00216318635755
372	0.00265684758028
374	0.000534659704803
376	0.000527708074794
704	0.000531520854199
706	0.000526982188826
707	0.00270921756564
700	0.00264869923698
702	0.00146931811755
703	0.000534630697802
391	0.00271283860225
89	0.00106488762816
394	0.000528659789332
181	0.00160006360469
86	0.000534537339196
84	0.00053453240061
796	0.000529846563879
795	0.0010806969433
790	0.00584229413145
799	0.00213381373988
7	0.00048344291035
586	0.00698589890913
584	0.00106454734167
585	0.00161792865608
582	0.00105850635321
580	0.000528659789332
581	0.0048076463224
589	0.000534011633425
245	0.00318306578812
246	0.00209248531214
241	0.000539794351278
249	0.00163018278272
248	0.00215638522971
924	0.00187331983441
518	0.00373623116028
510	0.000528659789332
513	0.00159878169643
512	0.000539794351278
1003	0.000535145553498
514	0.00299782438656
1001	0.00143692682382
516	0.000938158203387
951	0.00482499948111
624	0.0015900407043
450	0.00430262723997
451	0.000544002005009
629	0.0130358150451
454	0.00164764148016
178	0.0154719958152
199	0.00187237327812
175	0.00223669431871
173	0.000938641636603
171	0.000533986924649
170	0.00106797311483
977	0.00101127544925
517	0.00268696526257
974	0.000537007471696
972	0.000533986924649
971	0.000541154365717
180	0.0
979	0.000472092011482
978	0.00214346581943
656	0.00161390830874
657	0.000472092011482
654	0.00246785385585
2	0.00212100456024
187	0.000535291509179
650	0.000939761874196
185	0.000537202905505
188	0.000535911684079
189	0.00213438429481
658	0.00166059097889
184	0.0163905073997
11	0.000466549625121
868	0.00159766243803
13	0.000472092011482
15	0.00106454734167
14	0.00282446519383
17	0.000541154365717
16	0.000514232456954
863	0.000534659704803
862	0.00212795815494
865	0.000533857266334
883	0.00105780381387
881	0.000939761874196
880	0.00108689919797
885	0.00107454421249
752	0.00104881968625
888	0.00054090259202
929	0.000533603993813
809	0.00160629104571
323	0.000528659789332
327	0.00057012895994
324	0.00213785763251
329	0.00105814990705
201	0.000565284105996
200	0.00487454691029
758	0.00265180764355
207	0.0070276141508
208	0.000565284105996
779	0.000528659789332
77	0.00160106567314
75	0.00160851287763
74	0.00214483460246
73	0.0010600927259
71	0.000533326398133
70	0.00375109042918
78	0.00162161264157
686	0.000533986924649
669	0.0010689603873
668	0.00106547935855
667	0.000539794351278
665	0.000529434107716
664	0.000565284105996
663	0.00259051845372
662	0.00213883287108
693	0.0021400635876
697	0.00213506220093
695	0.000535291509179
698	0.00370883815811
699	0.000533811480673
542	0.0026694052476
543	0.000541154365717
540	0.00265142873697
541	0.000950314547567
547	0.0064749444737
544	0.00374103288832
8	0.000534460630852
994	0.00105913486615
997	0.00106764513143
996	0.00146976737879
991	0.00156091092845
990	0.00161499762501
120	0.00535803615082
126	0.00214031207415
127	0.00267499449789
414	0.00108868192881
415	0.00538836751612
416	0.00106349262118
920	0.00214086647637
921	0.00144025405245
923	0.0014890131334
418	0.000970181756116
925	0.00318690684674
926	0.000533986924649
499	0.00267040703433
319	0.000530628121888
318	0.00212628362167
313	0.00213399793508
311	0.00267004039035
310	0.000528455260131
316	0.0135202670838
315	0.000528659789332
314	0.00374314366672
832	0.00102599326201
833	0.00214820601816
837	0.00144374691006
369	0.00159622477682
367	0.0197506725827
365	0.000530068216379
362	0.00377317010139
360	0.00163825554155
361	0.000529846563879
381	0.00281662885447
383	0.00373791442859
387	0.00107717998688
388	0.00106280615139
786	0.000514232456954
780	0.000498285187216
781	0.000528659789332
782	0.00107134822147
783	0.000937740769475
788	0.00369834882591
789	0.00159263665603
151	0.00158046589038
573	0.00268351388436
572	0.000535291509179
577	0.000533986924649
576	0.000472092011482
60	0.000535291509179
61	0.00641999532316
62	0.00053354263384
65	0.00374207898208
67	0.000534034159724
68	0.000529846563879
253	0.00158925735167
251	0.000529846563879
254	0.000535291509179
731	0.00319555202702
730	0.000533542996438
732	0.00159304088242
509	0.00158219767099
506	0.00328169083134
738	0.00147650705235
505	0.000535911684079
502	0.00320377940261
503	0.000529464604011
500	0.00107629433227
630	0.00379731507424
631	0.000543746356095
633	0.00159835733145
469	0.00161842667443
637	0.000536077792012
465	0.00265631125691
464	0.00111675274537
927	0.000533857266334
460	0.000527708074794
168	0.00853962549618
169	0.00106456522657
164	0.00107253051811
165	0.00217302207862
166	0.00161152313975
167	0.00161164364057
160	0.000543746356095
163	0.000533330073993
965	0.000538017610232
962	0.00155243772494
963	0.00106795111424
969	0.00102759642601
935	0.00317163831931
908	0.00053259966148
909	0.000534011633425
879	0.000536398845601
874	0.00370991987903
872	0.000529846563879
873	0.00264940758567
870	0.00106245141231
890	0.00160143166698
891	0.00488265582637
895	0.00266714657503
896	0.0
898	0.000565284105996
899	0.000565284105996
646	0.00480252537234
648	0.00375984781395
356	0.00373934933191
355	0.0010677578912
808	0.00164348427275
353	0.0010798393835
351	0.000541154365717
803	0.00107786340193
802	0.000535291509179
806	0.00162261905801
804	0.000939761874196
216	0.000531520854199
214	0.0171069084668
762	0.00214863330739
761	0.000472092011482
767	0.00213480175639
764	0.0026480242285
765	0.00534137693717
957	0.000539794351278
956	0.00106100400675
289	0.00113526362365
288	0.00271927270816
4	0.000537271590156
280	0.001624390318
285	0.000533986924649
284	0.000532450030241
676	0.0
670	0.00113233180111
260	0.00106746073256
267	0.00594836880843
266	0.00160106567314
269	0.000529846563879
268	0.000552172386139
57	0.000529958621123
56	0.00106278723115
50	0.0
53	0.00160288583519
52	0.00159904883646
537	0.00112812369179
535	0.00106797678521
534	0.00267144963503
531	0.00159741792896
530	0.00594870429417
538	0.000533603993813
775	0.000520094052672
988	0.00054090259202
980	0.000565284105996
987	0.0164325133004
984	0.000537007471696
985	0.000565284105996
117	0.000552172386139
776	0.00211712989049
111	0.00161182264723
112	0.00268292029705
119	0.000531037282885
118	0.000565284105996
429	0.0021888847084
428	0.00216339884616
919	0.000532722920984
918	0.000530111047049
421	0.000539794351278
423	0.00308882685243
422	0.000532450030241
425	0.00587000829323
424	0.0010806969433
913	0.000537278434739
912	0.0106773648566
301	0.00108042630758
302	0.00162475417301
306	0.00160535730878
846	0.00162939471472
844	0.00319083085842
843	0.00211685534666
840	0.00370998540266
849	0.00323275746298
568	0.00107145231047
569	0.00213234354253
751	0.0021554483861
750	0.000543746356095
754	0.00159280390453
561	0.00107240614543
563	0.000544972319829
566	0.000529637073743
739	0.00106909132865
229	0.00964739427599
228	0.000533603993813
225	0.0010649117037
224	0.00162436647653
223	0.00207700193221
220	0.00269147999954
724	0.00105623903325
723	0.00424681536735
720	0.00372804785201
721	0.00213990380041
605	0.00106851114699
150	0.00160183355651
153	0.000543040546084
152	0.000534537339196
154	0.000534327626772
157	0.00748009960097
602	0.00160248867147
609	0.000534373324905
976	0.00107358203649
634	0.00105566447792
958	0.0
48	0.000530628121888
46	0.0
950	0.00153423635023
953	0.00162169829209
952	0.00108315238467
955	0.00106077484868
954	0.000540423724862
40	0.0101700083868
41	0.00264842875038
638	0.00792062266887
5	0.00112623667881
488	0.000535291509179
486	0.000536762332736
485	0.00160003041338
484	0.00217239681391
483	0.000528725633575
482	0.00266506196414
480	0.000529846563879
472	0.00426747353507
470	0.00213258312337
471	0.00158664164354
474	0.00106854948925
478	0.0010784419518
479	0.000534332888269
