344	0.00177749363759
0	0.00258605255083
347	0.0
340	0.000892201094687
343	0.00173329143569
812	0.00256165049711
814	0.00088997155285
349	0.000881652183758
817	0.00263725959471
718	0.00798054313418
716	0.000887497161201
715	0.000928827461497
713	0.00104138461076
712	0.00361167771405
711	0.000887497161201
710	0.000859608730182
915	0.00270173770838
299	0.00160124758239
294	0.00791915655481
295	0.000859608730182
293	0.00170193275055
291	0.000994398258156
591	0.00167436782487
592	0.0041538107976
199	0.00268526093642
599	0.0017137526969
197	0.000839809048635
190	0.00528726294623
192	0.00218005951164
271	0.000839809048635
274	0.0035114097734
275	0.00170526707998
523	0.000847963477462
528	0.0
443	0.00446679741695
447	0.00351603908995
445	0.000883998006526
103	0.00681904081589
101	0.00347045211311
107	0.00495834890074
104	0.00437518804973
105	0.0
900	0.000839809048635
38	0.00406466239664
31	0.00177148491568
30	0.000878663312747
641	0.000836686354738
643	0.00241879260032
647	0.00527091558795
646	0.0
434	0.000569662015791
435	0.00354652882486
432	0.00250777296417
433	0.00169633023476
339	0.000859608730182
338	0.000836686354738
335	0.000962640103167
334	0.00502827219492
333	0.000859608730182
332	0.00265940460859
855	0.00259677287058
857	0.00177148491568
850	0.000875752879237
851	0.000870005388056
819	0.000829268588033
6	0.00258012240418
98	0.00104138461076
90	0.018225977146
95	0.000836686354738
96	0.00161374885274
740	0.00159789083786
743	0.00623936294824
559	0.00552494768783
558	0.00116072594068
746	0.0117571776957
748	0.000928827461497
550	0.00173607086901
553	0.00199215476312
239	0.00086605807415
236	0.00259236650519
231	0.000836686354738
232	0.00263661008212
233	0.000844097605371
147	0.00268551648307
618	0.000569662015791
142	0.00271034588844
617	0.000873159664582
614	0.00088135556995
948	0.000874015076379
946	0.00438824958211
947	0.00180977528753
942	0.000853180529034
517	0.000875080069849
685	0.00122215460878
684	0.00200053498932
687	0.00174339332556
682	0.000918352612546
133	0.00088949743474
137	0.000843289850345
136	0.00445985832421
135	0.0068260556127
134	0.000847963477462
495	0.000924770288154
497	0.000825142084358
491	0.000875080069849
493	0.000884231297513
24	0.00438521444356
25	0.000569662015791
28	0.000836686354738
939	0.00245468864819
404	0.0
402	0.00156588472974
401	0.000994398258156
933	0.0
931	0.000896584487944
936	0.000859494825699
409	0.000859608730182
758	0.000569662015791
379	0.000924770288154
378	0.00170969523521
828	0.000995527005335
371	0.000875080069849
373	0.00175592611263
377	0.00524609071771
704	0.000569662015791
700	0.000886169023724
702	0.00264788115274
703	0.00338008849572
392	0.00176646612451
181	0.00088135556995
86	0.000894189406012
84	0.000828192807
796	0.000874138235162
795	0.00436089863962
791	0.000854143966719
790	0.00690102458189
586	0.0097094571674
587	0.000885609900404
584	0.000858052862581
585	0.0
582	0.000836686354738
581	0.00257842256574
245	0.00255592495792
246	0.00345788398196
249	0.00346615183369
248	0.00183736858003
924	0.00352339667758
519	0.000859608730182
513	0.0
1004	0.00171646805087
514	0.00170969523521
1001	0.00433281452307
516	0.00272398813576
458	0.00654722601574
622	0.00231240157393
450	0.00540752955655
629	0.00616147456646
628	0.00171278925922
454	0.00203578286892
457	0.000874621486782
178	0.0249336094991
595	0.00174199364491
175	0.00342541127987
173	0.00264478511679
171	0.000873159664582
170	0.0017189142466
977	0.00858171542545
976	0.00172108994917
971	0.000895329440293
978	0.00434857355937
656	0.00177192811045
654	0.00274668715846
2	0.00417636439967
187	0.000902382653126
650	0.00085964388002
185	0.00265541149643
188	0.000861481218986
189	0.00870269977851
658	0.00177986679556
659	0.00168962022114
184	0.000871242617176
868	0.00174113747499
13	0.000913434428527
14	0.00350591697217
16	0.00260934543665
863	0.00255763434196
862	0.00255330893825
865	0.00178918730776
866	0.00262383979179
883	0.000874138235162
881	0.00183736858003
887	0.000875877802276
885	0.000880368065959
322	0.00408443289405
321	0.00116072594068
327	0.00118343175385
329	0.0
775	0.000844097605371
774	0.000906121942261
777	0.00085964388002
776	0.000837136162683
773	0.0024804019806
772	0.00787715401812
208	0.00171776386286
77	0.000875258143334
76	0.00085964388002
75	0.000859608730182
74	0.00791868613314
73	0.0132051470782
78	0.0025838830537
668	0.000839809048635
664	0.000883490090624
663	0.000858211365838
662	0.000894189406012
692	0.0050675021572
693	0.0051269119658
696	0.00173491829943
695	0.000902382653126
698	0.000836686354738
542	0.00335018889797
543	0.00181309322103
540	0.00248895371708
541	0.00262844657047
547	0.000878704172018
544	0.000875752879237
994	0.00169633023476
997	0.00268836749609
996	0.00355606136775
991	0.000859608730182
990	0.000842093237899
120	0.00337283953534
122	0.00257818134427
125	0.00076701682344
126	0.00694029710836
415	0.00378717021029
416	0.00960952996044
410	0.0163375261312
413	0.000872125194902
920	0.00174213058296
923	0.000871965243221
418	0.000890196825763
925	0.00166595494277
926	0.00277746470133
499	0.000569662015791
319	0.00116072594068
318	0.000569662015791
313	0.00263387350543
311	0.00249109702713
310	0.0
317	0.0
316	0.00622157030273
832	0.00325980178578
833	0.00272103403212
830	0.000853180529034
837	0.00085964388002
834	0.000868195625256
838	0.00356469229058
369	0.0
366	0.000569662015791
364	0.000836686354738
362	0.0122472311741
361	0.000836686354738
381	0.00351597817397
383	0.00175122098824
388	0.00497343455402
784	0.000844028237204
780	0.00170969523521
782	0.00440799444919
783	0.00274831515921
789	0.000836686354738
573	0.00176353624063
577	0.00142594847948
61	0.00609633746306
62	0.0
152	0.000894189406012
64	0.00165902989339
66	0.0
67	0.0052933205181
68	0.000836686354738
69	0.000787030821266
251	0.00169633023476
256	0.000880368065959
731	0.00343137932563
737	0.00255003996705
736	0.000853180529034
506	0.00531281494029
738	0.000917763780737
502	0.0103379598113
500	0.00533499195755
630	0.00439804776366
469	0.000874570542682
637	0.000875080069849
638	0.00325173387653
464	0.00287583417885
901	0.000851865997828
168	0.00262471020303
169	0.0
165	0.000882164197297
166	0.00265511167158
167	0.00174819274479
160	0.00267793111191
963	0.000882164197297
969	0.00173472394987
935	0.00871275346781
908	0.00175733671685
879	0.00158014224421
872	0.000836686354738
873	0.000836686354738
870	0.00171193424354
891	0.00441761232831
892	0.000905216067104
356	0.00177544023453
809	0.00167136692939
353	0.0026453429158
802	0.00182715294128
800	0.0
807	0.000842288870526
804	0.000921236513043
216	0.00116072594068
214	0.00872440176657
762	0.00176917426518
767	0.000859608730182
764	0.00166595494277
765	0.00702671501493
957	0.000871314874432
956	0.00172654801792
288	0.000879989339325
4	0.000844028237204
281	0.000913434428527
280	0.00261147594637
679	0.000569662015791
676	0.00076701682344
672	0.000569662015791
267	0.00797020932004
264	0.0
56	0.00251346016729
50	0.00156588472974
53	0.000897608721651
537	0.000864068145975
535	0.0
534	0.00416683767448
532	0.00396153744702
531	0.000836686354738
530	0.00530211049854
538	0.000859608730182
200	0.00804854117895
987	0.0259729978764
116	0.00174424722894
111	0.000872125194902
113	0.000837231662192
112	0.00263219984207
119	0.000853996353404
207	0.00437609453295
429	0.00396541053768
428	0.00704809973506
918	0.000569662015791
421	0.00174242604439
420	0.000786240111532
423	0.0034417058505
422	0.00258746109231
425	0.00527008477288
424	0.0026161087552
427	0.0016573923478
309	0.000810865656223
301	0.00175001904645
304	0.0
305	0.00175204246657
306	0.00424579136774
846	0.000882164197297
843	0.00170326162045
841	0.00175134702132
840	0.00166595494277
849	0.00168601574216
823	0.000837231662192
568	0.00369345020108
569	0.000859608730182
754	0.000887497161201
561	0.0026489600653
759	0.00264631498258
509	0.000913434428527
565	0.0011407218932
739	0.000872125194902
229	0.000847963477462
228	0.00171791080088
227	0.0
220	0.00178918730776
724	0.00699051569846
722	0.0
723	0.00116072594068
720	0.00442194737123
729	0.0017422498193
605	0.00343399141862
153	0.00085964388002
606	0.000842093237899
157	0.000921236513043
602	0.0035552451916
159	0.00261107498569
609	0.00104138461076
48	0.00116072594068
951	0.00346247677472
950	0.00343416527116
953	0.000878704172018
952	0.00267352759513
955	0.00581521659836
40	0.000904373611996
41	0.00116072594068
488	0.000924770288154
485	0.0
482	0.00421519421854
481	0.000569662015791
480	0.000836686354738
472	0.00351806034109
470	0.000859608730182
471	0.0
477	0.0
474	0.00162726991196
479	0.000859168343976
