344	0.00181622513063
347	0.00183311312355
343	0.000934218075035
810	0.000880014435605
813	0.00462869671309
814	0.000918159307744
349	0.00181701855461
817	0.000931017702224
719	0.00100685189767
718	0.0149959340691
716	0.00092739108759
715	0.000917083054541
713	0.00181754558131
712	0.000894858856939
915	0.00461441377134
299	0.0
294	0.00279332972402
292	0.000881244509596
293	0.00189603119679
291	0.00177379668664
591	0.00185759505434
592	0.00178955164541
595	0.00278454000809
191	0.000940033983553
190	0.00635503798846
193	0.00277466001996
270	0.00201313963271
271	0.000900097357663
272	0.000927268907954
273	0.000952981527051
274	0.00183267636567
278	0.00270320969698
526	0.00186283274828
527	0.000899562905611
522	0.0
528	0.0029040789821
443	0.00186153436987
442	0.000992790695749
440	0.0
447	0.00183246599172
445	0.00186330839578
103	0.00192106633792
107	0.00176504931697
900	0.00184214480003
32	0.00482111825629
31	0.00181622513063
30	0.00186662174072
35	0.0018184148694
641	0.000898702959349
643	0.000992790695749
644	0.00702899640392
438	0.000926619247411
646	0.00184639045244
437	0.00100685189767
435	0.000927974218082
432	0.000898702959349
433	0.0027301851509
431	0.000931951560653
338	0.000898702959349
335	0.000969183098295
334	0.0018407958209
333	0.000943234385044
332	0.00180510714709
558	0.00177650778569
854	0.00449415249574
818	0.00278107541666
857	0.000911248570868
850	0.00298138244804
851	0.00462863575097
858	0.00093201820988
6	0.000992790695749
98	0.0106779036505
90	0.00574916288101
92	0.000911248570868
95	0.000898702959349
96	0.0
742	0.0102066643449
743	0.0018685209492
559	0.0
745	0.00100685189767
746	0.0100654547666
748	0.000917083054541
553	0.00102341916684
239	0.00372055168415
236	0.0
231	0.0080583049933
233	0.00355176794814
147	0.00368472719789
142	0.00275389598987
614	0.00090681548607
149	0.0
948	0.00376935184898
949	0.0037389345288
946	0.000879248960706
947	0.00186228116889
945	0.00100685189767
942	0.00179280746758
688	0.000999874329984
685	0.00383207365005
684	0.00265273392607
687	0.00184597259197
680	0.00179280746758
682	0.00302016703893
136	0.000911248570868
135	0.00186288216517
134	0.00271028356273
495	0.000925270806723
497	0.00194566931562
491	0.00295429821845
493	0.00186330839578
24	0.00186283274828
25	0.000879248960706
26	0.000925270806723
28	0.000898702959349
29	0.000992790695749
407	0.0018550010761
939	0.0
404	0.0
401	0.00533020906459
933	0.00183311312355
931	0.000917083054541
936	0.000920152790035
409	0.00183775556573
934	0.0
379	0.000925270806723
828	0.00100685189767
373	0.00179568255528
372	0.0
374	0.0
377	0.00289133856739
704	0.00176493087922
707	0.000887665568762
702	0.00302313849527
393	0.0
391	0.000930023447695
82	0.0
181	0.00090681548607
86	0.000931191603903
796	0.000992790695749
795	0.00176953301238
791	0.000965286315028
790	0.00464044459168
798	0.0
586	0.0167654779738
587	0.000899562905611
585	0.000931951560653
582	0.00179284147336
581	0.0
245	0.00446430379353
249	0.000992790695749
248	0.00195202111976
510	0.0
513	0.000908818840129
1004	0.00195189058948
1003	0.000899544057118
514	0.00191982844777
1001	0.00593585140482
516	0.00406426221573
458	0.0
624	0.0
450	0.00741987054321
629	0.0186689514557
628	0.0
454	0.00177379668664
178	0.00558054264367
199	0.00403520301104
175	0.000894982606204
173	0.00401592919102
171	0.00275549850418
977	0.0105417317858
517	0.0009374422643
971	0.000911248570868
979	0.00100685189767
978	0.00276696261353
656	0.00090681548607
657	0.00100685189767
654	0.00100685189767
2	0.00367108714134
184	0.000961966444185
185	0.000889974234098
188	0.00466108808512
189	0.00475217156847
658	0.00186283274828
650	0.00197017730307
868	0.0037174625091
13	0.00100685189767
15	0.000894858856939
14	0.00300923234131
17	0.000911248570868
862	0.00467544821062
883	0.00187591940496
881	0.00199964259342
885	0.00186234287471
327	0.00201313963271
329	0.0
774	0.00093104855513
776	0.00281497605097
771	0.0018555468299
207	0.00801841011906
772	0.00556050039272
208	0.000992790695749
779	0.0
75	0.00368551187006
73	0.0
70	0.00184020565872
669	0.000952981527051
668	0.00360576482758
663	0.000952981527051
662	0.00185916582198
692	0.00369973985437
696	0.000914331515802
697	0.0
695	0.000926580161453
698	0.000898702959349
542	0.00548989137553
543	0.000911248570868
540	0.00447055456337
541	0.00300923234131
546	0.0
547	0.00279425627954
994	0.00268566517823
996	0.00302796598827
990	0.000911248570868
120	0.0111113826998
122	0.00100958974789
126	0.00186028052349
127	0.00370966277294
414	0.000933499427713
415	0.000886131117875
416	0.00931849478705
410	0.000959099893731
920	0.000929547800192
921	0.0331416412142
923	0.00481175351649
924	0.0130901312871
925	0.000898702959349
926	0.00734072200013
499	0.00265532834433
319	0.00174848537599
318	0.00178314551615
313	0.00564512468454
311	0.000898702959349
310	0.000931325172483
316	0.0173352040069
832	0.0
830	0.00178269197829
837	0.00193817707015
835	0.000886428146062
838	0.000907174849958
369	0.00181906945779
362	0.000929782889893
360	0.00186283274828
361	0.000898702959349
381	0.0030112227281
383	0.00186041392084
388	0.0009374422643
780	0.000959099893731
782	0.00464481216241
783	0.00400503582314
789	0.0045999240445
151	0.0
573	0.000931325172483
572	0.000923661478649
577	0.0
576	0.00100685189767
575	0.00187366243026
61	0.0018555468299
62	0.000893285651301
67	0.00274323175899
68	0.000898702959349
253	0.0
251	0.000898702959349
257	0.000931325172483
731	0.0009374422643
730	0.000930448648805
735	0.000931325172483
737	0.0
509	0.0
506	0.0277399396571
738	0.00195983342472
502	0.00471471775127
500	0.00459346433769
630	0.00189210155455
631	0.00186283274828
469	0.000888867069208
168	0.007487373558
169	0.0
164	0.0
165	0.00634451494379
166	0.00280400516527
167	0.000921874269804
160	0.00279647899639
161	0.000931325172483
963	0.000913359485461
935	0.00181389442141
879	0.0
874	0.00536112248199
872	0.000898702959349
873	0.00179091342859
890	0.00186432300337
891	0.00280039139127
647	0.000929547800192
356	0.00281236582986
809	0.0018516844864
808	0.000992790695749
353	0.00090681548607
802	0.00185361653333
804	0.00204246758855
214	0.00459109952203
769	0.00176590074911
762	0.00279986924336
761	0.00203027106451
767	0.000918503779256
764	0.00179091342859
765	0.00185163402992
956	0.00174848537599
288	0.00651248444263
4	0.0
281	0.000986569421893
280	0.0167378770854
670	0.00199508402014
672	0.0
260	0.00187366243026
267	0.00463947183036
264	0.000931325172483
268	0.000887665568762
58	0.00185794441989
56	0.000898702959349
50	0.0
52	0.00186031522911
537	0.0
535	0.00364663145071
534	0.00186889277951
532	0.00612171508914
531	0.000898702959349
530	0.00372183557481
200	0.00279260879161
987	0.0269939405748
984	0.00465968803179
117	0.000887665568762
113	0.000897561523692
112	0.00372725662963
118	0.00102341916684
429	0.00177379668664
428	0.00183350889788
918	0.00528835130526
421	0.000880665943168
420	0.0
423	0.00288332545263
425	0.0
424	0.00264935505213
912	0.00746688309569
855	0.0
302	0.000911248570868
304	0.0
305	0.0
306	0.0
847	0.000888867069208
846	0.00370602760169
844	0.00447436113386
843	0.0
840	0.00179091342859
849	0.00179241569479
568	0.00370220802501
752	0.00193881420295
754	0.000938209164619
561	0.00371885915924
759	0.000932214197384
758	0.0
565	0.00177929414701
566	0.00185258293808
229	0.000928221438589
226	0.000992790695749
225	0.000927543272741
220	0.0046979103116
724	0.00480086591679
722	0.000969183098295
723	0.0
720	0.00630634645322
721	0.000925785090038
605	0.00286540551575
607	0.00920657116074
600	0.000871792364489
602	0.0009374422643
159	0.00186829317747
609	0.00187235163598
48	0.000871792364489
951	0.0076184416972
950	0.00191982844777
953	0.00182832553028
952	0.000911248570868
955	0.000898702959349
954	0.000888867069208
40	0.00277159165778
41	0.0
5	0.00197936011764
485	0.00178939001414
484	0.00186330839578
482	0.00273779069342
480	0.000898702959349
472	0.00374632711967
473	0.0
471	0.000940033983553
478	0.000926619247411
479	0.000931325172483
