344	0.000968100594893
0	0.00200170696185
347	0.0
343	0.000967202406501
817	0.00288049441192
718	0.00583653290695
716	0.0151286059193
714	0.00217614722868
713	0.00195106616077
712	0.00071989388477
710	0.00201633047343
915	0.0251753023404
294	0.00188022141761
295	0.000998571366243
292	0.000845664764024
290	0.0028331592792
291	0.00189464368954
591	0.00484847573883
590	0.0
592	0.00574214574083
595	0.0
596	0.0
195	0.0
190	0.00391057632079
193	0.00225725992662
272	0.00186603910255
274	0.00390523034303
275	0.0019833512144
277	0.0
278	0.00191076379987
526	0.00195433912406
527	0.000688255169582
599	0.000998571366243
528	0.000992501929935
443	0.00191370440357
444	0.0
103	0.00361804738109
101	0.00297464496821
106	0.00227910075371
107	0.0129031171559
105	0.000957303080147
900	0.00561294124905
901	0.00191370440357
32	0.00100218305076
31	0.00193318024277
30	0.000807247720272
35	0.00292070005498
34	0.000794678306717
643	0.00111138640308
645	0.000968748925896
644	0.00126476662754
647	0.00194059902876
646	0.000955884941392
435	0.00343438065341
433	0.00120820715202
335	0.0030003992598
334	0.00778894961454
337	0.0023616246538
333	0.000998571366243
332	0.00174717872539
854	0.00460845308397
855	0.00109845130427
857	0.00479323143074
850	0.00194396326361
851	0.00295045536307
853	0.00230165181571
859	0.000874937669602
6	0.000998571366244
98	0.00482629141885
91	0.000937785702214
90	0.00539532785871
92	0.000968100594893
95	0.000958025521231
740	0.000774701254188
742	0.000934304301261
743	0.00184629129862
558	0.000687022852563
746	0.00282938106541
551	0.0
550	0.000747613909725
553	0.00099365816982
552	0.000968748925896
236	0.00303449583946
230	0.000938469108053
231	0.00201126828231
146	0.0
147	0.00188124233881
618	0.00136188288073
142	0.00194059902876
143	0.0025156482766
141	0.000968748925896
612	0.00087726840103
613	0.000991293753806
563	0.00161215024005
617	0.000652657435925
614	0.000968748925896
944	0.000917883511867
942	0.000845664764024
940	0.00087726840103
685	0.00443101484697
687	0.00482919120939
686	0.00122899147791
680	0.00135966378982
682	0.00126476662754
132	0.000967202406501
136	0.0038823410442
135	0.00848877236926
134	0.0047783294734
139	0.00213854426417
497	0.00117611926169
493	0.00293639603936
24	0.00195433912406
25	0.000882821296698
406	0.00138892899745
404	0.0
401	0.00563196744672
400	0.000958025521231
933	0.0
409	0.000998571366244
408	0.000972498433865
828	0.00117892188605
371	0.00277206026296
377	0.00694893595271
708	0.000991517018262
704	0.00130360645559
706	0.000758286870191
700	0.000883418870081
702	0.00402546187947
703	0.00177838858469
393	0.0
392	0.0
176	0.000646414982076
82	0.000845664764024
83	0.00191370440357
86	0.00280080314939
795	0.000968748925896
793	0.0
790	0.00354085765092
607	0.00281702427775
586	0.0119823298448
585	0.00101105563153
580	0.0
581	0.000845664764024
246	0.000991145597361
243	0.0
249	0.00308169903284
248	0.0
924	0.012559770523
510	0.00287895548624
1004	0.0032140126372
515	0.00181621035015
514	0.00121269513052
1001	0.00938537368156
450	0.00193539547389
629	0.0166958321042
628	0.000845664764024
454	0.00285205168049
457	0.0019836475273
199	0.00257981471518
175	0.00120820715202
173	0.00257981471518
171	0.0
977	0.00819450067243
976	0.000998571366244
971	0.00193490221799
978	0.0184215328208
656	0.00194960818365
657	0.00131504808764
2	0.00177819518176
650	0.0024442562405
185	0.000920816068862
188	0.00194124735976
189	0.00117611926169
658	0.00375157324262
659	0.00191370440357
184	0.00204237860977
868	0.00184217761061
15	0.00213854776244
14	0.00126476662754
17	0.00289147514681
16	0.00120820715202
861	0.0
863	0.00191370440357
862	0.00200199277024
865	0.00108262782402
866	0.00396585573248
883	0.00102288278922
569	0.0219457592876
322	0.000774701254188
321	0.00203920122553
326	0.0
327	0.00276222250679
324	0.00388509140571
329	0.000958025521231
201	0.00207628599384
774	0.00191508768446
777	0.00120820715202
776	0.00386454756303
771	0.010515168791
773	0.00110021159562
772	0.00287715788494
209	0.00184683573564
208	0.0010120774153
77	0.00268894966712
75	0.00390885639375
669	0.0
662	0.00186603910255
660	0.00191271087388
692	0.003800405129
693	0.000998571366244
696	0.00186964709529
697	0.00439560938533
542	0.00480280790784
543	0.00194177953939
540	0.00439884076526
541	0.00252325523965
547	0.00194124735976
548	0.00253911218299
994	0.00235441458083
997	0.00239499340539
996	0.00131504808764
991	0.000998571366244
990	0.00194059902876
993	0.00191370440357
120	0.00287715788494
122	0.00221741515533
124	0.000920817104729
126	0.00184937402355
127	0.00299956534543
414	0.000978467020894
415	0.00615025107796
416	0.00459268207491
410	0.0180287460537
920	0.00302661626155
921	0.00135377433138
923	0.000953355808921
418	0.00117611926169
925	0.00219866289989
926	0.0
499	0.00830021611702
319	0.000687022852563
313	0.00162512008199
311	0.00219866289989
316	0.00193318024277
832	0.000971516271954
830	0.00110036828142
837	0.00120820715202
835	0.000958025521231
368	0.000774701254188
364	0.00114620742882
365	0.00100920800331
362	0.00170617644502
360	0.00195433912406
361	0.00110704405262
381	0.00139452880968
383	0.00265728852038
388	0.00386796690267
780	0.000754110893479
782	0.00264909269595
788	0.000754110893479
789	0.00100218305076
573	0.00553335053352
572	0.0
576	0.00131504808764
575	0.000894776311678
61	0.00278972640019
62	0.00382580045077
259	0.00100127388391
65	0.0135983043828
67	0.00193017206626
69	0.000774701254188
251	0.00120820715202
253	0.00188422203804
732	0.00200341869509
735	0.00152741748623
508	0.00131504808764
506	0.0104376136126
738	0.0
505	0.000761848996299
502	0.00195192717516
500	0.00624595405772
630	0.00392982915288
631	0.00390653234766
469	0.000968748925896
638	0.00193871867845
927	0.00187519141313
168	0.00458940420465
164	0.00161792701695
165	0.0106163217757
166	0.00184683573564
167	0.00489921674808
160	0.00195433912406
966	0.0
963	0.00096508252857
969	0.0023843264137
935	0.000942283507748
934	0.0
879	0.00701716480569
876	0.00100920800331
873	0.000958025521231
870	0.000845664764024
890	0.00071989388477
891	0.00293687747614
894	0.000981840690198
896	0.0
356	0.0157459467626
808	0.0
803	0.0
216	0.00136188288073
214	0.00375774552014
769	0.022040098989
762	0.0027676518045
761	0.0
764	0.00343087905616
765	0.00165633102509
956	0.000687022852563
4	0.000845664764024
280	0.0272433638169
678	0.000933380728413
679	0.00135418283466
674	0.0
670	0.0
671	0.000953355808921
260	0.00272867469824
267	0.00183770650458
268	0.00190448882892
53	0.00115514072699
537	0.0010120774153
535	0.00191656629816
534	0.00192682478462
532	0.00100170380794
531	0.00110704405262
530	0.00385088765512
538	0.000998571366243
775	0.000920817104729
988	0.000968748925896
200	0.00386775722389
980	0.00202087524477
987	0.00553101446975
117	0.0009658970867
202	0.000981840690198
112	0.0
118	0.00100170380794
207	0.00194124735976
429	0.000938591742223
428	0.00584224482221
421	0.000968748925896
420	0.000774701254188
423	0.00203239209641
422	0.00234428883108
424	0.000968748925896
427	0.00110021159562
912	0.00367162811546
301	0.00194124735976
302	0.00194177953939
303	0.00121269513052
305	0.00175398823816
306	0.00287024215832
846	0.000981840690198
844	0.00200332286071
843	0.000972600802236
840	0.00210597635646
849	0.00110704405262
823	0.000957495960401
752	0.000972217988166
754	0.000967499262809
561	0.00293050858823
758	0.00134970169676
565	0.00201650894974
566	0.000941334362225
739	0.00097149000366
229	0.00189581122344
228	0.000998571366243
223	0.00153655025049
724	0.00345054440338
723	0.00135418283466
720	0.00131902955934
605	0.00200199277024
153	0.0023843264137
152	0.00191370440357
157	0.00385410157861
602	0.00184937402355
159	0.00858261383347
158	0.00100920800331
609	0.00195159740059
49	0.0
951	0.00195659688747
953	0.00194059902876
952	0.00193490221799
955	0.00550354915592
954	0.000968748925896
957	0.000968748925896
41	0.00135418283466
485	0.00191578626664
482	0.00331382257088
472	0.000925474193887
470	0.000998571366243
