344	0.0024148214549
0	0.0014243345974
346	0.0
343	0.005458076625
719	0.00130190717971
718	0.0099351520931
716	0.00366265084665
713	0.000755850937663
712	0.00296760205059
710	0.000735717632712
915	0.0071282715727
299	0.00197548456044
294	0.00245466027998
293	0.000703614779999
290	0.00235443430569
291	0.00757040036765
591	0.00455719482937
590	0.000799470576274
592	0.00302076811997
199	0.00382604098042
198	0.000725505605843
596	0.00145002556936
599	0.00222237035547
197	0.000769343866585
191	0.00310611560297
190	0.000786004235483
193	0.00615083386329
270	0.0013880345699
272	0.00217253169435
274	0.00161118374533
275	0.00331069936811
278	0.00232273889621
524	0.000705093140022
526	0.00157490011361
523	0.000768302816095
528	0.000787656496268
443	0.00234302742576
440	0.0
444	0.0
102	0.00143022897956
103	0.00391244649946
101	0.00216075935637
106	0.00168573739943
107	0.00182547134976
900	0.00145002556936
38	0.00150071965495
907	0.0
904	0.000764425130772
32	0.000788895878122
31	0.00158377218503
30	0.00163872063965
35	0.000785963595283
34	0.0
643	0.00147926981911
644	0.00255288379742
647	0.00159600074307
646	0.0
437	0.000683615661329
435	0.00178093078083
433	0.00159839467024
430	0.000725505605843
338	0.00227799221006
335	0.00135516019215
334	0.00850614045048
337	0.00138002188523
333	0.0103137115035
332	0.000886200055043
855	0.00151052019896
857	0.00229403534149
850	0.0154364781026
851	0.00313259776835
6	0.000735717632712
98	0.000755850937663
90	0.00586454478025
95	0.00075681011211
96	0.000759531583218
740	0.00164952827865
742	0.00235760987306
743	0.00394792069777
559	0.0
558	0.00455792997088
746	0.00159406598435
748	0.0
554	0.000858463977524
550	0.001534702404
553	0.00121321534693
552	0.000775754675178
239	0.000759531583218
236	0.00170004853565
231	0.00609111768079
233	0.00222416651218
1	0.0
146	0.0
147	0.00159317878704
142	0.00802260622716
143	0.000776472819251
141	0.00387628427399
612	0.00160374624116
617	0.000762851136421
614	0.000785963595283
149	0.000731675366322
948	0.0015871252544
947	0.00145002556936
942	0.000762596737044
517	0.00151407120509
685	0.00230854220783
684	0.00679171961694
687	0.00154295372607
680	0.000785283849471
682	0.00064004323747
133	0.000808838988118
137	0.00078166647753
136	0.00161947559438
135	0.00610008175675
134	0.00302314910517
139	0.00918779934842
491	0.0006373619417
493	0.000786004235483
24	0.00472279525601
25	0.00301548428508
26	0.000725505605843
927	0.000753873050159
29	0.000753294928028
407	0.0
939	0.000705093140022
402	0.00191476309892
401	0.00382739430701
933	0.00178005700965
936	0.000820368381158
409	0.000735717632712
379	0.000725505605843
373	0.000806901823757
372	0.00152795148084
374	0.00154048599345
377	0.00297751869613
704	0.00449231842258
706	0.00073136220034
707	0.000793479672217
700	0.00213647359751
701	0.00077131376182
702	0.00129224668025
703	0.00232073603383
393	0.000764989059029
397	0.00155069346501
83	0.0
398	0.000724519963513
796	0.00075681011211
795	0.00155969887885
790	0.000683615661329
798	0.000774596837272
586	0.00734198800997
587	0.000760197332378
582	0.000759285033718
581	0.00375689981447
245	0.00379923397083
246	0.00071298875779
249	0.0029103669911
248	0.000751150513677
924	0.00324989934701
926	0.0
510	0.000705093140022
1004	0.00208970269573
1003	0.000755850937663
514	0.000988271398199
1001	0.00193926912141
516	0.0013236588988
458	0.00602596128569
624	0.000761561488643
450	0.00871472719761
629	0.0164887370408
628	0.00228835802453
454	0.0053280883258
595	0.00152158088185
175	0.00333226920045
174	0.00143022897956
173	0.00254623807707
171	0.000897199293431
170	0.000759369685285
977	0.00134732415723
976	0.000758641944593
975	0.000775588396259
971	0.00242355447477
180	0.0
979	0.00064004323747
978	0.0102060935528
657	0.00191067368534
654	0.002027192942
2	0.0
187	0.00363685371703
184	0.0
185	0.00427389153361
188	0.00235133229266
189	0.0028658673654
658	0.000786004235483
659	0.00231538712233
868	0.00163380780866
13	0.00064004323747
15	0.00156867621267
14	0.00319224596272
17	0.00234232879299
16	0.000631268282566
861	0.0
862	0.0021975098738
865	0.00073136220034
867	0.000674621183518
866	0.00150858094935
883	0.0
881	0.00064004323747
886	0.0
885	0.00489900085322
322	0.001452245635
323	0.000705093140022
321	0.00150199079099
326	0.0
327	0.0039295530156
324	0.000705093140022
329	0.00228337981033
201	0.000604567595127
200	0.00729083864812
202	0.000786004235483
771	0.0
207	0.00624459688289
206	0.00143022897956
77	0.00242398626655
76	0.000858463977524
75	0.00388197710145
72	0.00151374725072
669	0.000753294928028
663	0.000974734889779
662	0.0145442267758
660	0.00152078424232
692	0.00602066185872
693	0.00222205641936
696	0.000759668200879
697	0.00455516588259
695	0.00145002556936
698	0.0045603772053
542	0.0
543	0.00160775823093
540	0.0166446250728
541	0.00380761381889
546	0.00383136966471
547	0.0015748594734
8	0.0
994	0.00075681011211
996	0.00193012486277
991	0.00142181625131
990	0.00159717635253
120	0.00462626901955
122	0.0014125202591
125	0.00139291084169
126	0.0032911925038
127	0.000679656728468
415	0.00461221399823
416	0.00485860780637
920	0.000788895878122
921	0.00064004323747
923	0.00538531400823
418	0.00131132582103
925	0.000759369685285
776	0.000773609859486
499	0.00150800632122
319	0.00225971442355
318	0.0022728677049
313	0.00326522790833
311	0.00226334491984
316	0.000776472819251
832	0.00287504829857
833	0.00155684761302
836	0.00075681011211
837	0.000661863942242
838	0.00149898498989
369	0.0
364	0.00227674692364
362	0.00765625468885
360	0.00314778398057
361	0.00075681011211
381	0.0014224767923
383	0.000765717696916
388	0.00272579893236
784	0.0
782	0.00178093078083
783	0.00197536992285
789	0.00075681011211
151	0.000754510740941
572	0.00145002556936
577	0.000752529767655
576	0.00190867346174
575	0.000809006751493
60	0.000725505605843
61	0.00374305188022
62	0.0
65	0.00540962748707
66	0.0
67	0.00396122675397
68	0.00075681011211
250	0.0
251	0.00137860123129
256	0.00163699435157
254	0.000725748140719
731	0.00390791166827
732	0.00136520283588
737	0.00197591830612
509	0.000998159479339
506	0.00704595720975
738	0.00465117356005
505	0.000687817701666
502	0.00379324156167
500	0.00352893140657
630	0.00392460293027
631	0.00236295558855
633	0.000810624060166
469	0.00236027234898
638	0.00218506201314
466	0.00221199871656
462	0.00236487443091
168	0.00650655927192
164	0.0
165	0.00391438352297
166	0.00338593323988
167	0.00390683162536
160	0.00313163330601
161	0.000768686703826
966	0.000814423630375
960	0.0
963	0.000793479672217
935	0.00173878385156
909	0.0
873	0.00228379279917
870	0.00230749100297
871	0.000762851136421
890	0.0015549115783
891	0.00317630527257
894	0.000786004235483
896	0.0
897	0.000652203442779
648	0.00162644916141
356	0.00557900349807
809	0.000741239289586
353	0.000795387501493
802	0.00145002556936
216	0.00227290235281
214	0.0095777362679
769	0.00145386832534
762	0.00244388348379
761	0.00064004323747
764	0.00151971724542
765	0.00403882645631
4	0.0
281	0.000714962734437
280	0.0118189030839
674	0.000760744969995
670	0.00187728244061
671	0.00154919825574
672	0.000758882994379
260	0.000814423630375
267	0.00236324362592
268	0.00150972398782
58	0.0
56	0.00153328293136
53	0.0014950947884
52	0.000817362286609
537	0.0
535	0.000788564333054
534	0.00508325592737
532	0.00480361668964
531	0.00226504365884
530	0.00629470705314
538	0.000735717632712
775	0.00227649435322
988	0.00157007156997
980	0.00152960303264
987	0.00444931713122
984	0.00326088588523
114	0.000659647769664
117	0.000755850937663
116	0.00144812790772
111	0.000765717696916
112	0.00228410333676
118	0.00207358233696
772	0.00230648580424
429	0.00228102021185
428	0.00885551458756
421	0.00154423700538
420	0.0
423	0.00357086774479
422	0.000782403620767
424	0.00233402830423
427	0.000760065871303
912	0.00559051358519
309	0.0
302	0.000804078880383
303	0.00384722066221
952	0.00242355447477
306	0.00307194168779
847	0.000781179570383
846	0.00231957666654
844	0.00303758289574
840	0.00455622943565
849	0.00273272841823
568	0.00145002556936
569	0.00747418771493
561	0.0031362285213
563	0.0
565	0.00227829813043
566	0.0015564240837
229	0.000776856588058
228	0.00148254713937
226	0.0
223	0.00250713094295
220	0.00462639150008
727	0.0
724	0.00211573098299
723	0.000758884525871
720	0.00228835802453
605	0.00298808805239
150	0.00156524085021
607	0.00789678134298
154	0.000705093140022
157	0.00161473452908
602	0.00240674540126
159	0.0186249745414
158	0.00145811914588
609	0.00304167891483
749	0.00302743480681
958	0.0
48	0.00603136364116
951	0.00585763348899
950	0.0038607867387
953	0.000781179570383
45	0.0
955	0.00227907571084
954	0.000785963595283
40	0.00296857072453
956	0.00452802891368
5	0.00122493056504
488	0.000725505605843
487	0.000705093140022
483	0.00157702034238
482	0.00224300893544
472	0.00161217274357
470	0.000735717632712
477	0.000705093140022
