344	0.00234649069223
0	0.0129759004668
347	0.00057783084133
343	0.00154092336961
812	0.0023261612386
349	0.0011770166367
817	0.00117650718313
719	0.00233450105596
718	0.0129241261532
716	0.00353032442703
713	0.00117576455957
712	0.0
711	0.000587693965092
710	0.00177072654618
915	0.00469749325035
916	0.000588093506138
294	0.0023259131536
295	0.00118015606472
292	0.00058635332085
293	0.00410630000786
290	0.00175868096497
291	0.00176257824107
591	0.00292124219843
592	0.000588860298726
199	0.00116313223685
596	0.000587969041358
599	0.00118015606472
197	0.00116687057034
196	0.000587293145065
191	0.00175762667991
190	0.00294423782023
193	0.00114003529979
192	0.00117999057493
272	0.00175837098846
274	0.00176553578977
275	0.00176618363176
278	0.00175070708715
526	0.00291948693577
522	0.0011748978358
528	0.000584764943068
443	0.00234224684644
442	0.00118037570089
440	0.00236092869052
447	0.0
103	0.00147356584557
101	0.00117052268051
107	0.00235429757586
104	0.000579813135836
105	0.000585658287889
900	0.00175778720432
38	0.00235028119767
904	0.00117578747123
905	0.000582968171996
32	0.00234286131087
31	0.0029345398547
30	0.00231899406247
37	0.00057976384669
35	0.000587921004228
641	0.000588879067397
644	0.00348029757804
647	0.00117426061834
439	0.000578506049654
649	0.0
648	0.00580139684345
435	0.00173706749491
432	0.000588879067397
433	0.000588879067397
338	0.00234820543491
335	0.00412343643477
334	0.00526775846706
337	0.00170905824729
333	0.00294787651124
332	0.00231764469153
745	0.000580201187592
854	0.00232432335351
855	0.000584798133829
857	0.00293460393397
850	0.00117624642309
851	0.00704243446678
853	0.000498584112599
858	0.000588586178904
6	0.00294601139474
98	0.00588521294591
91	0.00232572129029
90	0.0105581111844
92	0.000586674035402
95	0.000588879067397
97	0.000581465964788
742	0.00584278282094
743	0.00115857666189
559	0.00175282819508
558	0.00611187837703
746	0.00641425151304
748	0.000569892699247
550	0.000586121444544
553	0.000583746677494
552	0.00176516111157
239	0.000588522535371
236	0.00176248592834
231	0.0041064232567
232	0.00347355714584
233	0.001174460022
618	0.00055450328446
142	0.00234281827444
141	0.00293778237125
612	0.000586121444544
613	0.000589386268784
617	0.00233868781783
614	0.00234863982132
149	0.00117635814293
1004	0.00117425835493
948	0.00058099669049
949	0.00057928141855
947	0.00116066709551
945	0.000591024010009
942	0.00058635332085
940	0.000585171404589
517	0.0052382648736
685	0.0017560891885
684	0.00501347339638
687	0.00233763825553
686	0.000580137699597
680	0.00176515455595
459	0.000581895980319
133	0.00173819264761
137	0.00116183754994
136	0.00234608179411
135	0.00879256638902
134	0.00176732160171
491	0.00116316935959
493	0.00292864132105
24	0.00116894080624
25	0.00166819737531
927	0.00116933035351
28	0.000588879067397
29	0.00294956148763
407	0.0
939	0.00117704434274
404	0.000588055431639
402	0.00229168148234
401	0.00410867641991
933	0.00116036380105
936	0.00116629634252
409	0.00118015606472
371	0.00175901641274
373	0.000589015638528
372	0.00117560440696
374	0.0
377	0.00176517374001
708	0.000588093506138
704	0.00110945838589
707	0.00117949169253
700	0.00347465530278
702	0.000580201187592
703	0.000585734377704
392	0.000581382097384
82	0.00175765855761
181	0.00176747151303
399	0.000498584112599
86	0.00175718733273
796	0.000586815128673
795	0.000587921004228
791	0.000586802870024
790	0.00348213688951
798	0.000586020626617
586	0.0162747037441
587	0.00058696091709
582	0.00117132783454
581	0.00175561720749
245	0.00293308022397
246	0.00174832323492
241	0.000587033529292
243	0.00117449829476
249	0.00353693084565
248	0.000582886776422
510	0.000586116777579
513	0.00114812715955
512	0.000587921004228
514	0.000546459331764
1001	0.00171141052857
516	0.0011794586735
458	0.0011104901181
622	0.000846241847055
627	0.000585124064372
624	0.00058959554494
450	0.00527732665464
629	0.0105363520935
628	0.00058635332085
454	0.00469641465556
178	0.0129738888592
595	0.00469654380467
175	0.00176883676498
173	0.00117274432414
170	0.00058635332085
977	0.0052604863164
656	0.000589015638528
971	0.0017597444216
978	0.0117548420229
182	0.000579540545923
657	0.00117958246042
654	0.00118071599157
2	0.00349548155696
186	0.0011632223637
187	0.00117534203455
650	0.000590681423671
188	0.00470068765545
189	0.00823088753569
658	0.00175190897824
659	0.000584401498464
184	0.000588093506138
12	0.000586540293693
15	0.00176695093263
14	0.00352193224002
17	0.00117415316597
16	0.00117578747123
19	0.00117757772405
862	0.00470161065505
867	0.000583821304636
866	0.0011765014493
883	0.00294064040138
881	0.000587219027315
880	0.000590173083999
885	0.00174082031092
752	0.000586674035402
322	0.00252947803271
321	0.0039576422013
326	0.00058099669049
327	0.000590689920163
324	0.00116711346807
201	0.000586802870024
200	0.00175853118237
771	0.00231478789876
207	0.00469444928668
772	0.00351690796783
209	0.0017384379502
208	0.000584750009218
779	0.000588093506138
75	0.00234397140334
74	0.00115732315017
70	0.00117063298832
78	0.00118015606472
669	0.000586280705368
665	0.000583169221092
664	0.00117819824358
663	0.00149942634281
662	0.00351516474608
661	0.000586020626617
660	0.000586020626617
692	0.00937313526299
693	0.00177072654618
696	0.00175681745045
697	0.00233849096712
695	0.000587053155958
698	0.004119246148
699	0.000581474472149
542	0.000582886776422
543	0.0017585201006
540	0.00235385033525
541	0.00174844621059
547	0.00176224227894
544	0.000585508906898
549	0.00058635332085
994	0.000588879067397
997	0.000586802870024
996	0.000584750009218
991	0.00235764181805
990	0.00293489781048
120	0.0111226100306
122	0.000587693965092
125	0.000827571409533
126	0.00406064563038
127	0.0099933930911
414	0.000586802870024
415	0.0134040999987
416	0.00697997032852
413	0.00116795006851
920	0.00293507035524
921	0.00117736069883
922	0.000584764943068
923	0.00292070814509
418	0.00117072156107
925	0.0017625143978
926	0.00171112062546
499	0.00222722047599
319	0.0011305981313
318	0.00166622082306
313	0.00347959492232
311	0.00117367720123
310	0.00116066709551
317	0.0
316	0.0134904658827
833	0.00058696091709
830	0.00175514149279
837	0.00116467705553
834	0.000586020626617
838	0.00175895069992
369	0.0
364	0.00294079437531
365	0.00116931996096
362	0.00467803153387
360	0.00233882300583
361	0.000588879067397
952	0.000586674035402
381	0.00236158564987
383	0.00233963135275
388	0.000583169221092
784	0.00112603466775
780	0.00111620684474
782	0.0046352899005
783	0.0017581343934
789	0.000588879067397
151	0.000586410229272
573	0.0
572	0.00176075173196
153	0.000584750009218
575	0.00173631283882
61	0.00586634264595
62	0.000582115677562
64	0.000586116777579
66	0.00057783084133
67	0.0035201921061
68	0.00117706683632
69	0.000941434454663
250	0.00175541383574
251	0.000588879067397
256	0.00523198079934
257	0.000587200155965
731	0.00235490525151
730	0.000579540545923
732	0.00117772376765
737	0.00176982434105
736	0.00175969059879
506	0.00292720624463
738	0.00117313747774
505	0.000569747512974
502	0.0117498025732
500	0.00231764469153
630	0.00233781228273
631	0.000585389952022
633	0.00175609455402
469	0.000587921004228
638	0.000588852370398
464	0.000584764943068
466	0.0
168	0.00405750108838
169	0.000587282195772
165	0.00468946951277
166	0.00231685570581
167	0.00117495453352
160	0.00408543309398
161	0.00058099669049
966	0.00289112530179
963	0.0005868115953
935	0.00172064578953
908	0.00115915653165
909	0.000584912290804
879	0.000973572601227
872	0.000588879067397
873	0.00176766797354
870	0.0017590947172
890	0.00350980614306
891	0.00586294369307
899	0.00117978353231
356	0.0133372526541
809	0.000588879067397
808	0.000583746677494
353	0.00117539062745
803	0.000581895980319
802	0.00176078871714
801	0.00058733504258
807	0.000586792146493
216	0.00111917152876
214	0.00877584175498
769	0.0011730820244
762	0.00116094912124
955	0.00176548652263
761	0.00117630912503
767	0.00118015606472
764	0.00176611749148
765	0.00521952118861
957	0.00117525064459
956	0.00222494734006
288	0.000585389952022
4	0.00176289464076
281	0.00174870963248
280	0.00234648756402
674	0.00116324581177
676	0.000410625762452
670	0.00175074090281
672	0.0011137794795
267	0.00698765532438
266	0.000580073684133
264	0.00175267253174
268	0.00117442557942
58	0.00058099669049
56	0.00117438797429
50	0.000891807094533
53	0.00232675945542
52	0.00115915653165
537	0.001178396524
535	0.00114812715955
534	0.00644563748811
532	0.0017720948462
531	0.00117849318028
530	0.00351597330483
538	0.00235799417592
775	0.00117152953351
988	0.00117484660701
774	0.000580015172262
980	0.000588897588808
987	0.0176565278564
984	0.00058099669049
114	0.00117608854289
117	0.000588860298726
111	0.00173998523721
112	0.00290243826416
119	0.00116382200449
118	0.00234953864456
429	0.00235115852
428	0.00821722380057
421	0.000587921004228
420	0.000435616084603
423	0.00172890275152
422	0.00235649910983
425	0.00173930170333
424	0.00117503764786
912	0.0017462647976
309	0.00058784113539
301	0.000587921004228
302	0.0011737662393
305	0.000579419537172
306	0.00116622649055
846	0.00175826437263
844	0.00447687973806
843	0.000588093506138
840	0.0011776780961
849	0.00176779867124
848	0.000587882241225
823	0.00172570567082
569	0.000585178576056
754	0.00176236884742
561	0.00234400550743
758	0.00055450328446
565	0.00224919355118
566	0.00176009268398
739	0.000585454412265
229	0.001163067202
228	0.00177030508214
226	0.000590597648302
223	0.00108761827564
220	0.00117197427461
724	0.00351966598076
723	0.00110375915115
720	0.00293408450605
605	0.00353899007993
607	0.00994644865313
152	0.00117065037394
600	0.000558315014288
157	0.00290159530326
602	0.00347649383567
159	0.00465716803145
609	0.00116496007415
976	0.00176889275753
83	0.000562208885963
634	0.00045619100993
48	0.00223708864775
951	0.000582931049257
950	0.00218723790908
953	0.00176153136901
45	0.00057783084133
42	0.0
954	0.00117495453352
40	0.00469453518979
41	0.000550595539994
5	0.00058099669049
482	0.00117849318028
472	0.00289591381966
470	0.00177030508214
477	0.000580015172262
474	0.00058784113539
478	0.0011632223637
479	0.00058099669049
