344	0.000666475623677
0	0.00288182444463
347	0.00135635984416
343	0.00138177088771
810	0.000694763698794
812	0.000772124237017
817	0.00197093253353
719	0.000696543027015
716	0.00145470564504
714	0.000678542350599
713	0.00206968874202
712	0.00343605241983
711	0.0
710	0.00361477920293
915	0.0103206753003
299	0.0
295	0.00071404245625
293	0.00145439936714
290	0.00204673175662
291	0.00409066838252
591	0.00137519254336
590	0.000680427813009
592	0.00344575610802
199	0.00149517203426
599	0.0028929294435
197	0.000704067566806
196	0.000692452830674
191	0.00207923470382
193	0.0047524695068
192	0.0
272	0.00343468321796
274	0.00202552454065
275	0.00364851404319
277	0.000680427813009
526	0.00129093760971
523	0.00070085635791
528	0.0012783549282
443	0.00204168738719
440	0.0014988356824
444	0.000723769402458
102	0.0
103	0.000752676236318
101	0.00366383543157
106	0.0
107	0.00555583071743
104	0.00135326621135
105	0.000739706304909
900	0.00344841664139
907	0.00071061038948
32	0.0123008260046
31	0.00134695431164
30	0.000676109006616
35	0.00196610243262
34	0.000688645635979
641	0.000704067566806
644	0.00298265537398
647	0.000688126324389
439	0.000679793807523
648	0.00203921137706
435	0.00135368270821
432	0.0014289895868
433	0.0014075507819
338	0.000704067566806
335	0.00168585281606
334	0.00689208592792
337	0.00225408701271
333	0.00143416460676
332	0.000677246267642
854	0.00142271606783
855	0.00275709610262
857	0.00136292556002
850	0.00276999150801
851	0.00328095899035
852	0.000674927622146
858	0.000703867087319
859	0.0013618822916
6	0.00293902075557
98	0.00274926609661
91	0.000685009826733
90	0.00285366810707
92	0.00267075326856
95	0.000704067566806
740	0.0
742	0.0034068122757
743	0.0054375637803
558	0.000531577458113
746	0.00070085635791
748	0.000678852986551
749	0.00211603699809
557	0.000681301677934
556	0.000723769402458
551	0.000723769402458
550	0.0033967522012
553	0.00138276778847
552	0.00201044580783
239	0.000690489917911
235	0.000684183757493
236	0.00365734502945
230	0.000680427813009
231	0.00491426388107
233	0.00070085635791
146	0.0
147	0.0122525462295
142	0.00337987170113
143	0.00353064485146
141	0.00262542449015
612	0.000689219611244
614	0.00196627608017
149	0.00365015222581
1004	0.0022763726988
948	0.000682541491096
947	0.00137024159668
942	0.00201714429441
940	0.00135993744888
517	0.00197635010768
685	0.00129093760971
684	0.00240615562938
687	0.00206387239869
686	0.000680427813009
680	0.00131253384395
683	0.000672155076
682	0.0014518609432
133	0.000681816216218
137	0.000680811997508
136	0.00204857347495
135	0.00672928665908
134	0.00205526890739
495	0.00140177776122
497	0.000746388149719
493	0.00128154874803
24	0.0019408329491
25	0.000581841718104
27	0.000680427813009
28	0.000704067566806
29	0.0
939	0.0
401	0.00340673406728
933	0.000680427813009
931	0.000680427813009
936	0.00271136706741
409	0.00215793378219
371	0.00134715408261
824	0.000655327291598
372	0.000684954641522
821	0.000723769402458
377	0.00288978148916
709	0.000655327291598
704	0.00111341917622
706	0.0
707	0.000685695844457
700	0.00230843570363
702	0.0022325206161
703	0.00338152713976
393	0.000723574133165
394	0.000723769402458
82	0.001323644829
181	0.000688095113808
86	0.000675665885354
84	0.0
796	0.000706670127445
795	0.00327933191533
791	0.000724922019996
790	0.00239742731337
586	0.00202789280247
587	0.000685009826733
585	0.0
582	0.00211096728437
580	0.000706670127445
581	0.00202496365363
588	0.000704067566806
589	0.000673548182596
245	0.00210734256196
246	0.00293828653399
241	0.000655327291598
242	0.0
249	0.00289240262961
248	0.000733316002851
924	0.00223323618675
511	0.000704067566806
510	0.0
513	0.000723769402458
512	0.00131542788938
515	0.000698946665376
1001	0.00225004024804
516	0.00246724251701
458	0.00292247709704
459	0.000657239587456
450	0.00617355350181
629	0.0115961139105
628	0.00265980399112
454	0.00615963381506
456	0.000677071307819
457	0.000723464476339
595	0.000685747035718
175	0.00439524023859
174	0.0
171	0.000680427813009
170	0.000724922019996
977	0.00818514722795
976	0.00071404245625
972	0.000680427813009
971	0.00137745300378
180	0.0
978	0.0118153529974
654	0.00211895505469
2	0.00210271505825
652	0.000737103719843
187	0.0
650	0.00148242444292
185	0.0
188	0.00197093253353
189	0.000702619710383
658	0.00128209245173
659	0.00067997647612
184	0.00361238332742
868	0.00135699047713
12	0.000659746059928
15	0.00131253384395
14	0.00149378789001
17	0.00138926450832
19	0.00143553240948
862	0.00357590036502
865	0.000674927622146
866	0.00146540217935
883	0.000723574133165
881	0.00306298661334
880	0.0
886	0.000728905050429
885	0.000679773272083
322	0.0
321	0.00110889366225
326	0.0
327	0.000738444929531
324	0.00207176222794
201	0.000694763698794
200	0.00344598400269
777	0.00143553240948
202	0.000642698911908
771	0.00408743746101
207	0.00593192441487
772	0.00412263785981
209	0.00136335472666
208	0.00147038283429
77	0.00204048291384
75	0.00552789715688
73	0.000561318667517
78	0.000731241168701
664	0.000845475050046
662	0.00205643321727
660	0.00067997647612
769	0.0
692	0.00490399685937
693	0.00215584271648
690	0.000703483215093
696	0.00210255677925
697	0.00277990429882
698	0.00420728149008
542	0.00290154056678
543	0.000674799235635
540	0.00628138928347
541	0.00143292987494
546	0.00271897939752
547	0.0137809674597
544	0.000674927622146
548	0.0
549	0.000637450586746
994	0.000704067566806
996	0.0013991627374
991	0.00281352672739
990	0.000672155076
120	0.00411413701788
122	0.00145035710883
124	0.000723769402458
125	0.000691008785868
126	0.000801711994293
127	0.00638828902863
414	0.000641223845958
415	0.00479585948838
416	0.00819332717687
410	0.00514665250989
920	0.00340044913044
921	0.00150137094176
923	0.00615891562474
418	0.00221311523677
925	0.00208880394192
926	0.000680427813009
499	0.00338679346293
313	0.00068023093463
311	0.00279287150873
310	0.000690829566595
316	0.00203508063602
861	0.0
833	0.00277858363216
830	0.0
835	0.000674927622146
838	0.00203714001129
369	0.000723769402458
364	0.000704067566806
365	0.000724922019996
362	0.000673548182596
360	0.000642698911908
361	0.000704067566806
952	0.00137745300378
380	0.00141204176418
381	0.00220918244325
383	0.00202140702341
388	0.000691008785868
784	0.0027245719496
787	0.000674927622146
782	0.00270793581997
783	0.00143460651245
788	0.0
789	0.0218273666609
572	0.00137042483434
577	0.00339609628056
153	0.000746388149719
575	0.00136000420671
60	0.0
61	0.00619389209217
62	0.00286878762221
64	0.000691008785868
65	0.00137117312584
66	0.00133697820798
67	0.00266830113718
68	0.000704067566806
250	0.00145443787072
251	0.00138971548173
256	0.00204502287616
731	0.00197691548048
732	0.000721574347101
737	0.00146464299333
509	0.000690489917911
506	0.00731414747583
738	0.00348132966877
505	0.000753707818828
502	0.00566968205823
500	0.00406635175348
630	0.00460171181384
631	0.00257101129179
633	0.00131733561001
469	0.00991355087355
638	0.00152583205584
639	0.000761815117771
927	0.00628631031279
462	0.00139685264062
168	0.00612125507664
164	0.0
165	0.00605301175752
166	0.00135897793167
167	0.00328261850141
160	0.00129093760971
966	0.00270584628331
963	0.00134501797428
969	0.00148349186956
872	0.00141073769425
873	0.00140507520256
870	0.00198296391468
890	0.00137519254336
891	0.00385681395031
894	0.000642698911908
896	0.0
898	0.000694763698794
646	0.0029228317864
356	0.00750752810785
809	0.000704067566806
353	0.000641223845958
803	0.00133254903368
802	0.000688095113808
807	0.000685695844457
216	0.000551052751366
214	0.0195848133552
215	0.0
762	0.000682250450433
761	0.000825038812624
764	0.00210734256196
765	0.0033907844131
957	0.000655504644143
956	0.00112318897883
280	0.00128209245173
285	0.000680427813009
679	0.000531577458113
674	0.000656910191238
670	0.000746790216167
671	0.000678957387133
672	0.00060260429294
260	0.00136107495002
267	0.00197361364758
268	0.00133933494571
58	0.0
56	0.00141176261273
50	0.0
53	0.000678542350599
52	0.000678082495031
537	0.00222394292693
535	0.00140601985289
534	0.00691032093454
532	0.00167051386267
531	0.00141176261273
530	0.00584608093217
538	0.00285898596073
988	0.0019691132451
774	0.000684840345047
987	0.00276818718288
984	0.000679359189753
776	0.000674927622146
111	0.000681816216218
113	0.00145071446128
112	0.000657239587456
773	0.000696739163258
429	0.00273456676511
428	0.0067509739952
918	0.000561318667517
421	0.00393723610572
420	0.0
423	0.00514125233287
911	0.000761815117771
424	0.00327933191533
427	0.000696739163258
912	0.00477118702553
308	0.000680427813009
301	0.00131083193574
305	0.00340469486258
306	0.00476287463364
307	0.00070085635791
847	0.00132542579773
846	0.00128154874803
844	0.00241903486607
843	0.000724922019996
840	0.00210266288033
849	0.00216871056014
823	0.0130015517061
568	0.00480146798235
569	0.0164049476204
754	0.00137249231288
561	0.00256208935619
758	0.00226000444372
565	0.00267712759888
229	0.000702619710383
228	0.00214350644881
227	0.00201097341806
226	0.000752218882951
223	0.000691008785868
220	0.00136599604935
724	0.00219862591042
722	0.000723769402458
723	0.0016242207443
720	0.00334040929249
605	0.00719113470105
607	0.0119377276322
157	0.0027460017544
602	0.00341064042905
159	0.0116576781956
609	0.00274283010798
83	0.0013615664794
48	0.00118114620235
951	0.00279582552865
45	0.00133697820798
955	0.00487977007531
954	0.00196724740673
40	0.00136648951212
41	0.00106928085653
5	0.000733812013515
485	0.000723769402458
482	0.00282998340259
472	0.00476405395495
470	0.00359476266173
