344	0.00200355507758
0	0.00205525316135
347	0.00558909142725
343	0.00106356322891
810	0.000513161743857
812	0.00203498790187
817	0.00200362248988
719	0.00206274378439
718	0.00614302820641
716	0.00051570850756
715	0.00101588938158
713	0.0020326203749
712	0.00153559900976
710	0.00206269607864
915	0.00202137598612
916	0.000507473517267
297	0.000507473517267
294	0.000505978658347
295	0.000511942714801
292	0.00105914117963
290	0.0279538578174
291	0.00202791660457
591	0.00153404051312
590	0.00101658388397
592	0.00355565295493
199	0.00103118631966
198	0.000507038064543
596	0.00152984888795
599	0.00102371133692
197	0.00154370255909
196	0.000507038064543
191	0.000507038064543
190	0.00252528907048
193	0.00407220611123
270	0.00051577126796
272	0.00101915895373
274	0.00201361545627
275	0.000517985348313
277	0.00152545193802
278	0.0015249451288
526	0.00201758312951
527	0.000505589135739
528	0.00254097330472
443	0.00306982621033
442	0.000515329870211
440	0.000525712093783
444	0.00101681947378
103	0.00323282630348
101	0.00207858443519
107	0.00769412935479
105	0.0
900	0.000510086590194
38	0.00154925430306
904	0.000512068808433
32	0.00771990242441
31	0.0025087377892
30	0.00151973395193
35	0.00250241200954
34	0.000512628155876
641	0.000512516239438
643	0.00102348356207
644	0.00103118631966
647	0.00150599354981
439	0.000504021726588
648	0.000505900941155
435	0.00101764232887
432	0.00102741575834
433	0.00102334393637
338	0.000512516239438
335	0.00102875823309
334	0.00305603002926
333	0.0010242337329
332	0.00101767715977
745	0.00103118631966
854	0.000508398871565
855	0.00204590231808
857	0.0100361465122
850	0.0159704846885
851	0.00251826455467
858	0.0020194848289
859	0.000503205499887
6	0.00102727258501
98	0.00203157585489
90	0.00667661606803
92	0.00301371709188
95	0.000512516239438
97	0.00101849531849
96	0.0
740	0.00152633928516
742	0.0051041277722
743	0.00453055092906
558	0.00188371198083
746	0.00102132814835
747	0.00051577126796
748	0.000508087953377
749	0.000508514625628
551	0.00101681947378
550	0.00101319636898
553	0.00102141702688
552	0.0095154116859
239	0.00102016727
235	0.00101647166407
236	0.00102914016344
231	0.00154125638704
232	0.00151425795596
233	0.00101993222663
1	0.0
147	0.00253911082839
142	0.00150098841391
143	0.00102411584741
141	0.0015029712071
612	0.00152287479552
616	0.0
617	0.00101850458705
614	0.0015029712071
1004	0.00103529830226
948	0.00101620003884
1003	0.00101849726285
944	0.000503076846511
945	0.00051577126796
942	0.00102183924512
940	0.00203827690645
688	0.000514997946849
685	0.00152445494416
684	0.00495068509335
687	0.00407039781686
680	0.00304791387771
682	0.00103118631966
459	0.0
131	0.00051577126796
136	0.00250908085502
135	0.00509787618018
134	0.00101541827308
497	0.00104181764871
491	0.00052137190357
493	0.00454289567478
24	0.00151324941126
25	0.00184035049155
927	0.0101677859352
28	0.000512516239438
29	0.000515329870211
406	0.00151746385483
405	0.000509307629475
401	0.00253181806863
933	0.00203178870797
936	0.00152752360566
409	0.000511942714801
408	0.000500650425515
379	0.000510666928264
371	0.002546306615
824	0.0010011654687
373	0.000504749541685
372	0.000510221709806
377	0.00309603041556
709	0.000500642280606
704	0.00198241687162
706	0.00101485939227
707	0.00458120836827
700	0.00254295050924
702	0.00206359086289
392	0.0
397	0.0010166605009
82	0.00101947418494
398	0.00153248482626
86	0.00102412832405
796	0.00103119727415
795	0.00450928708213
790	0.0035736115049
798	0.000545229984291
607	0.00305514206819
586	0.00404226057353
587	0.000509639437509
582	0.000512516239438
581	0.00153201473724
588	0.000512516239438
589	0.000458277894258
245	0.00102548511909
246	0.00156936245555
241	0.0020088659716
187	0.00306086935888
249	0.00154217210391
248	0.00306000569417
924	0.00103118631966
511	0.000512516239438
510	0.00100297150704
513	0.00152596338955
512	0.0010011654687
515	0.000508398871565
514	0.00268695472978
1001	0.00208981419029
516	0.00206063242154
458	0.000464659276006
622	0.00149229048118
450	0.00356837083149
629	0.0106181664176
628	0.00101947418494
454	0.0101499091901
456	0.00254665029133
595	0.0030608214301
175	0.00156844885357
173	0.00154651618987
171	0.000508087953377
170	0.00153720950304
977	0.00363683386712
517	0.00203054596691
975	0.000508341560161
971	0.00100253085402
970	0.000516159393209
654	0.00205902582181
979	0.00103118631966
978	0.0115470128362
656	0.00100372757319
657	0.00103118631966
180	0.0
2	0.000510086590194
653	0.00051577126796
650	0.00205902582181
185	0.0010152418462
188	0.00200362248988
189	0.00205336897355
658	0.00151488323639
659	0.00102092643386
184	0.0010510310723
868	0.00202285987035
13	0.00206088429717
12	0.000505589135739
15	0.00152202932019
14	0.00412576720967
17	0.000501548468732
16	0.00103177137866
19	0.0005148995189
863	0.00051052541226
862	0.000511942714801
865	0.0010186490214
866	0.00154047045065
881	0.00257682622476
880	0.000509047770672
886	0.000508864551755
752	0.00152230837633
322	0.00108418389809
323	0.000494863213944
320	0.000515329870211
321	0.00099273222006
326	0.00152564993189
327	0.00154678280889
324	0.000507603536385
329	0.00102557470288
201	0.0010270729392
200	0.00100253085402
777	0.00103088387126
202	0.000505534434626
771	0.00101914985257
770	0.000508398871565
207	0.00848544249312
772	0.01581958943
209	0.00101194061729
208	0.000515329870211
779	0.0010510310723
77	0.00100847760019
75	0.00661639118133
73	0.000456955821703
71	0.000510221709806
78	0.00102795096938
662	0.00204235236006
769	0.00162754963563
692	0.00356845722808
693	0.0010242337329
696	0.000516337619795
697	0.000511564601845
695	0.000509842156226
698	0.00307714546816
542	0.00304976943406
543	0.0010021424258
540	0.00307184820576
541	0.00206238359381
546	0.0015214463873
547	0.0105194347624
544	0.0010186490214
548	0.0010879228089
994	0.000512516239438
997	0.00153718247119
996	0.00154651618987
991	0.00152593325206
990	0.00201559228166
993	0.00051052541226
120	0.0212974190019
122	0.000501178495997
125	0.000991042858919
126	0.00101215015712
127	0.00203671108399
414	0.000505159047405
415	0.00305184870747
416	0.00506353067586
410	0.00154608324885
411	0.00052137190357
920	0.00151851278978
921	0.00360921231267
923	0.00204553016942
418	0.00103486795095
926	0.00253910537426
499	0.00448670798204
319	0.00277086526425
318	0.000914630714191
313	0.00151852212285
311	0.000512516239438
310	0.0
316	0.000501630766375
861	0.0
832	0.00101793413447
833	0.00305306317096
836	0.000508255283026
837	0.00103118631966
834	0.0010186490214
835	0.00051052541226
838	0.00301013308062
369	0.000508398871565
366	0.000458982835772
364	0.00255856339915
365	0.00103088042709
362	0.000503796374916
360	0.000505534434626
361	0.000512516239438
380	0.00102690401659
381	0.00257668842082
383	0.00100789722506
388	0.000510605218935
784	0.00051052541226
780	0.00108660069443
783	0.00410166098792
788	0.000508771237369
789	0.00204307187053
573	0.0015169890824
572	0.000509216328508
577	0.000508087953377
576	0.00103118631966
575	0.00151431960562
61	0.0102000025996
62	0.00101751428923
152	0.00102412832405
64	0.000506098898476
65	0.00559593218813
66	0.0
67	0.00200047046981
68	0.000512516239438
250	0.00203536984206
251	0.00102784610965
256	0.00151822834846
257	0.00150398966618
939	0.000506098898476
731	0.0035515334541
732	0.00102813753943
735	0.0
508	0.00051577126796
509	0.000544842590453
506	0.0154524326746
738	0.0201054016861
502	0.00409284492333
500	0.000508812608016
630	0.00405664554052
631	0.00352766925002
633	0.00254210397471
469	0.0070130761791
468	0.000513161743857
465	0.00102376696279
466	0.000509368249189
460	0.000516629167406
462	0.000508865149539
168	0.00454604190311
164	0.0010856720851
165	0.00401508321507
166	0.00252833438065
167	0.00200362248988
160	0.000505534434626
966	0.000504964500693
963	0.000499793932626
969	0.00051996843205
935	0.000507928099243
934	0.000455404499802
879	0.0
872	0.000512516239438
873	0.00102548511909
870	0.00101947418494
890	0.00101509704528
891	0.00353685228565
894	0.000505534434626
896	0.0
646	0.000508398871565
437	0.00103122718532
356	0.00657800641917
809	0.000512516239438
808	0.00257356657578
353	0.000505159047405
802	0.00153038212103
804	0.00102925192739
216	0.00138300265057
214	0.00305572492398
215	0.0
762	0.00151936890231
761	0.0025734944747
767	0.000511942714801
764	0.00102548511909
765	0.00354294283714
957	0.000501805738398
956	0.00184306561741
4	0.00101859415214
280	0.00355459067386
284	0.000507933934361
679	0.00099273222006
674	0.0
676	0.000496872608564
670	0.000515329870211
671	0.00101659684319
260	0.00201944871534
267	0.00150978748231
264	0.000512820626291
268	0.00152385408112
58	0.000545229984291
56	0.00102533686573
53	0.00304027985836
52	0.00455449079973
537	0.00102798551964
535	0.000508398871565
534	0.00404956906329
532	0.00359557990526
531	0.00102511406742
530	0.00404976655356
538	0.000511942714801
775	0.000508255283026
988	0.0015059481451
980	0.000510393738369
987	0.016909577215
984	0.000505152800537
985	0.000513161743857
114	0.0
776	0.00152568708594
113	0.000508398871565
118	0.00154152989234
429	0.00202858771114
428	0.00401159281096
918	0.000461208340812
421	0.0030049904213
420	0.0
423	0.00419243314733
422	0.00152077755416
424	0.00450809140534
912	0.00303597428326
308	0.00101601605262
309	0.000516629167406
301	0.00250868846633
302	0.00100219889425
303	0.00215245349417
304	0.000509332421388
952	0.00100219889425
306	0.00306182598263
847	0.00701318956568
846	0.00151464379808
844	0.00194906832135
843	0.00153705491753
842	0.000516157407516
840	0.00153755338719
849	0.000512516239438
823	0.00152767718306
568	0.00102106342044
569	0.0122828461328
737	0.00104994336635
754	0.000512068808433
561	0.00201835227618
759	0.00151792286291
758	0.00277746265036
564	0.0
565	0.00099273222006
566	0.000508154551984
739	0.0010186490214
228	0.000511942714801
227	0.0
226	0.000515329870211
223	0.00104677379977
220	0.00305096973346
724	0.000523777696988
722	0.000508398871565
723	0.00184775183246
720	0.00713448781135
605	0.000515329870211
150	0.000508668847127
153	0.00104181764871
606	0.000512597827983
157	0.00356032073567
602	0.00202551900743
159	0.00407345344818
609	0.00509399576161
48	0.00326366801361
49	0.000510070737704
951	0.00204621124561
950	0.00161824290368
953	0.00250446282921
45	0.0
955	0.000512516239438
954	0.00200362248988
40	0.00407448264768
41	0.00137643622241
638	0.000507407754521
5	0.00207034910997
485	0.000508398871565
483	0.00102061968923
482	0.00204986638679
472	0.0025246310925
470	0.00102277041174
471	0.000509845636435
479	0.0
