344	0.00262896770309
0	0.00366338311718
347	0.00159108535493
341	0.00157733056784
343	0.00158507554567
810	0.00104111765573
812	0.000525512236245
349	0.0
817	0.000526578307965
719	0.00104745535725
718	0.00419362177027
716	0.00314164641983
715	0.0
713	0.0010483865252
712	0.0
711	0.000525314638592
710	0.00104710537095
915	0.00788242354832
910	0.00104804170457
299	0.00105579367184
294	0.000526227839379
295	0.000523931738163
292	0.000523501762821
293	0.000525310034688
290	0.0021008208787
291	0.00157377356301
591	0.00157579478898
590	0.000530690837177
592	0.00367141414028
595	0.00157380055569
594	0.0
599	0.00156992715476
191	0.00315409275966
190	0.00525284431008
193	0.00420038476881
192	0.00156505073797
272	0.00157586143603
274	0.00105174060462
275	0.000523427491424
277	0.0010493498909
278	0.00052485229019
526	0.00104808910566
527	0.000524346325312
522	0.000525310034688
528	0.00157489600511
443	0.00157626113901
442	0.000521153191888
440	0.00104053528008
447	0.000526227839379
444	0.00105186979655
102	0.00051568603974
103	0.00159405293786
107	0.0135562848005
104	0.00105284800844
105	0.00104612948767
900	0.00315091220689
38	0.00051568603974
907	0.000525314638592
904	0.000523310474875
32	0.00157261298251
31	0.00262823801094
30	0.00315786999017
35	0.00105290550994
641	0.00157143088112
644	0.00104568968146
647	0.001579571301
439	0.000526988563747
649	0.000524606070111
648	0.00105198718758
435	0.0010533662398
432	0.000523709744683
433	0.00104783719549
338	0.00209529928772
335	0.00104178405982
334	0.0120767782349
337	0.00263544471202
333	0.00104754614653
332	0.00158066119316
745	0.000522496489715
854	0.00315554878617
855	0.00157059500473
857	0.00262873951627
850	0.00104963049038
851	0.00263017591463
852	0.00052485229019
819	0.0010463297284
858	0.00157498964375
6	0.00209383917807
98	0.00471594450886
91	0.00105260360853
90	0.0147174150788
92	0.000525946470528
95	0.000523709744683
96	0.0036936993181
742	0.00472617022744
743	0.00368241857081
559	0.00139050909979
558	0.00473678257066
746	0.0052533069745
557	0.00105295871769
551	0.000525609900021
550	0.00104862050956
553	0.00104279891341
552	0.00157657894634
238	0.000523234737699
239	0.00105023650625
236	0.00365451305175
231	0.00366639593047
232	0.00315808672567
233	0.00209487666557
618	0.000526628740657
142	0.000525946470528
141	0.000526578307965
612	0.000524681979412
613	0.00052567317474
617	0.00210000824759
614	0.0010518942281
149	0.00104845266832
1004	0.00209054693872
949	0.00105299046608
947	0.000525012352055
942	0.00052382284772
940	0.00105052546493
688	0.00208736559077
685	0.00156816562547
684	0.00946716365036
687	0.00052485229019
686	0.00105236836569
680	0.00052474291761
682	0.00157199498943
133	0.00052605304904
132	0.00157952338494
136	0.00157715864776
135	0.00628655132825
134	0.0010483865252
139	0.0
497	0.00052245065763
491	0.000522496489715
493	0.00210224770978
24	0.00104900613645
25	0.00263135319545
927	0.00893932367999
28	0.00104767373031
29	0.00104199197332
407	0.000525314638592
939	0.00154797571284
404	0.00104301417707
402	0.000461375624261
401	0.00314840811357
933	0.00106028077993
931	0.0
936	0.00104737142041
409	0.00209312571517
934	0.00105020646556
379	0.000525510703611
371	0.00157262069239
373	0.000525315920139
372	0.00104154373137
374	0.0
377	0.00367172100618
708	0.000523616549038
704	0.00157780234825
706	0.000528959894419
707	0.00314936123187
702	0.00104609759545
393	0.000525314638592
392	0.00263145839814
397	0.0
394	0.000524648236775
82	0.00052382284772
181	0.0015711113781
398	0.00105098320943
797	0.0
795	0.00210644169808
794	0.00157977349833
790	0.00262736207809
798	0.000524945751801
7	0.000520267640042
586	0.00999666417431
587	0.000525056368298
584	0.000524847348377
582	0.000523709744683
581	0.00157087992481
589	0.00105020576497
245	0.00575922691291
246	0.000521358257709
241	0.000526808300888
249	0.00209383917807
924	0.00104816966446
926	0.000526317581015
513	0.00157747969657
512	0.00105338660885
515	0.00157848010973
1002	0.0
1001	0.00208783056736
458	0.00157896077746
622	0.00189570220296
951	0.00262493455004
624	0.00157046217909
450	0.00630401720784
629	0.00997546443142
628	0.00052382284772
454	0.00262323109256
178	0.0151957576274
199	0.00261644299897
175	0.000521160827474
173	0.00157218607871
170	0.00104726687858
977	0.004703437762
517	0.00525633061719
975	0.0
971	0.00262869428717
978	0.0110556531936
656	0.000525315920139
654	0.000524733072081
2	0.0015777378563
652	0.000523310474875
187	0.00105088146294
650	0.00052371510697
188	0.00157951365066
189	0.0115150428425
658	0.00157520541935
184	0.001049996618
868	0.00157921223115
13	0.000524629809475
15	0.00157426011018
14	0.0020951952463
17	0.00105175504766
16	0.00157399620277
19	0.000523696628083
863	0.0
862	0.000523931738163
865	0.00052485229019
866	0.00209479989082
883	0.00104995251441
880	0.000524894187238
887	0.000525426252132
885	0.00157695188566
752	0.00105190705052
322	0.00318208714633
323	0.0
320	0.000521160827474
321	0.00105265935424
327	0.000521393420778
324	0.00156847881637
329	0.00209391857624
201	0.00104447130235
200	0.00315458453654
758	0.00157862306359
205	0.000524965429988
207	0.00526227750056
772	0.00627748443427
209	0.000526316206105
208	0.00156549397199
77	0.00263428087843
75	0.00157362957974
74	0.00473919627066
73	0.000526317581015
78	0.00156806631381
669	0.0
664	0.00104111765573
663	0.00262308831051
662	0.00210267445059
692	0.0068242000795
693	0.00104762937752
696	0.000525310034688
697	0.00157073473077
695	0.00157821235636
698	0.00366562571665
542	0.00315261314774
543	0.00262739795611
540	0.00838431423442
541	0.00104813672063
547	0.00526673431265
544	0.00052485229019
549	0.000523046954835
994	0.00314363588717
996	0.00209062601252
991	0.00209897001665
990	0.00210388880046
993	0.00052515556377
120	0.00157628372636
125	0.000989399883891
126	0.00157826919537
127	0.00105098320943
414	0.000523046954835
415	0.00315029093026
416	0.0105250705963
410	0.0041903278373
413	0.00157721883864
920	0.00052485229019
921	0.000524127450809
922	0.000524985882306
923	0.00262273479229
418	0.00156790576244
925	0.0015710657529
776	0.00157460862875
499	0.00262813578265
319	0.00210595413898
318	0.00105114993506
313	0.00105298439177
311	0.00209502973852
310	0.00265532544204
317	0.0
316	0.0105175144191
832	0.00210517245347
833	0.00105057253078
830	0.000524945751801
836	0.000523054756018
837	0.000523740250281
835	0.00104996039197
838	0.0
368	0.0010631507698
369	0.000525962131567
364	0.00157076293846
365	0.000523310474875
362	0.00209975052877
360	0.00105009064522
361	0.000523709744683
952	0.00157729606015
380	0.0
381	0.002608054449
383	0.00262494408807
386	0.000526598417368
388	0.0015825438093
784	0.00105078599991
780	0.00052721116089
782	0.0036860416961
783	0.00157143778008
788	0.000527967566832
789	0.000523709744683
151	0.000525230442524
578	0.00052485229019
573	0.00157926825278
572	0.000525370759333
571	0.00996812250432
577	0.0010526959864
153	0.00052245065763
575	0.000527021634433
61	0.0136573355873
62	0.00367890015563
66	0.0
67	0.00315494835448
68	0.00104702021956
253	0.00157568194129
250	0.00157796183184
251	0.00104934018082
256	0.00368526900236
731	0.00472365359609
730	0.000526316206105
732	0.000523234737699
737	0.00104111765573
509	0.00105579367184
506	0.00940758549731
738	0.00471754343186
505	0.00052721116089
502	0.00261943023257
500	0.00263125755994
630	0.00105136935281
631	0.00052504215083
633	0.0057716304171
469	0.00105188834265
468	0.00104178405982
638	0.00264372974403
464	0.000521160827474
466	0.000526240118005
462	0.000525056368298
901	0.0
168	0.00684698821641
169	0.000520517687352
164	0.00264655987207
165	0.0031544504896
166	0.00263106785831
167	0.000526578307965
160	0.0010496903876
161	0.000524648236775
966	0.00158795966155
963	0.00105152486025
935	0.00368110436784
908	0.000526272621297
909	0.00104992005621
879	0.001058321767
872	0.000523709744683
873	0.00209465362894
870	0.00209747496021
890	0.00367484919632
891	0.00157534744746
898	0.00104304331436
646	0.00315437424809
356	0.00947201451424
809	0.00104675669952
808	0.000521160827474
353	0.00105045509404
803	0.00368443740382
802	0.00105109754443
805	0.000523046954835
216	0.00210606663572
214	0.0199442269938
769	0.0
762	0.00210716601222
763	0.00052567317474
761	0.00104963968705
767	0.000523931738163
764	0.00157077562897
765	0.00420945698907
957	0.00105338660885
4	0.00104799249753
280	0.00052504215083
285	0.000524648236775
284	0.00104953786485
679	0.00105244769711
674	0.00105283989995
676	0.000472160602954
670	0.000521160827474
671	0.0
672	0.00105275847541
260	0.003159939318
267	0.00263075274066
264	0.000523484876483
269	0.000523963985623
268	0.0010483865252
56	0.00157305528779
50	0.000461375624261
53	0.0026269414732
52	0.00420989207255
537	0.00104278171202
535	0.00788834549942
534	0.00310492237347
532	0.00157394117346
531	0.000523709744683
530	0.00420023761365
538	0.000523931738163
775	0.000525108101781
988	0.000526578307965
774	0.00105001254971
980	0.00104531419905
987	0.0157134451653
984	0.000526227839379
985	0.000521160827474
114	0.000523310474875
117	0.000523929381213
116	0.0
111	0.00105265363772
113	0.00105311882587
112	0.00263220808103
118	0.000521160827474
773	0.000523865190027
429	0.00209784235333
428	0.00367909389544
918	0.00421004610991
421	0.00263338736051
423	0.00157105020523
422	0.00157411370589
425	0.0
424	0.00263299334418
427	0.000523865190027
912	0.00579184259685
301	0.00158003249236
302	0.00105157961331
305	0.0
306	0.00157495360576
846	0.00157651533154
844	0.00368203310466
843	0.00525302572993
841	0.00105264915275
840	0.00157125473811
853	0.000529567893466
849	0.00104703849318
823	0.00105202597072
568	0.00157640651598
569	0.00052485229019
561	0.00210210870398
563	0.000524847348377
565	0.00105244769711
566	0.000525230442524
739	0.00105178535646
229	0.000525556668618
228	0.00157124869966
223	0.00106208847252
220	0.0021011432758
724	0.00208630476662
722	0.00105186979655
723	0.000524687845167
720	0.00104983966493
729	0.000524507458549
605	0.00261793604041
150	0.000525056368298
607	0.00472959235047
157	0.00578432501419
602	0.00210391321474
159	0.0105116523545
158	0.000524847348377
609	0.00105239542929
976	0.000523931738163
83	0.0
634	0.00369464342738
48	0.003684641819
46	0.000472160602954
950	0.000528563592897
953	0.00105148547302
45	0.0
42	0.000528959894419
954	0.000526578307965
40	0.00104991243142
956	0.0042088376027
5	0.00156325444831
485	0.00157719073975
482	0.00104976378264
955	0.00366750277403
472	0.00315858577813
470	0.00104724221304
