0	0.000760280223576
347	0.00113874968565
343	0.00224112757462
810	0.00157881241801
811	0.0007289368154
812	0.000803113763358
813	0.00315496303429
814	0.000730918233577
349	0.00270268122968
817	0.00104499975895
718	0.00510771010012
715	0.00804169376877
713	0.000765247106205
710	0.00307754733675
915	0.0054169003896
913	0.00139601573443
294	0.00365935461422
295	0.000760280223576
292	0.00172941776054
293	0.0037805645636
290	0.00147881044228
591	0.00213440226691
590	0.00170081503995
199	0.00103508546381
599	0.00228922205045
196	0.000778996168016
191	0.000616487474225
272	0.00494543476169
274	0.00315773194867
275	0.00176436081812
277	0.00113874968565
278	0.00225110903054
526	0.00104891173617
527	0.00076897510782
522	0.00163241781182
528	0.00316917992104
444	0.000686644603248
109	0.000721620202109
102	0.000585651696292
101	0.00171443876855
106	0.000585651696292
107	0.00315665457632
104	0.00364463695985
105	0.0
902	0.0019381227323
900	0.00191118390208
38	0.00120388587847
906	0.0011556129855
31	0.00280794472494
30	0.000727088551013
35	0.0031529921001
644	0.000944363347554
439	0.00216522729348
649	0.00195291249185
648	0.0058275070192
435	0.00737746621146
433	0.000721517798546
339	0.000760280223576
338	0.00133372062927
335	0.0
334	0.00492547942356
337	0.000821275093985
333	0.00457230015965
332	0.00805343671073
559	0.00157783865154
745	0.0
854	0.00208368068886
855	0.00227972453872
857	0.00183469350765
850	0.00119615001017
851	0.00594046469163
6	0.00151911700325
99	0.00152167140814
98	0.00765355424506
90	0.00544082385888
92	0.000927727686207
96	0.000505699225028
740	0.000585651696292
742	0.00272738922132
743	0.00220281297174
744	0.00144921146823
558	0.000796284709559
746	0.00315496303429
748	0.00113874968565
749	0.000747332578429
556	0.000723379966677
551	0.000699787826739
553	0.0
239	0.000721517798546
231	0.00207186630752
232	0.00516226182986
233	0.00234998279367
147	0.00860656709225
618	0.0
143	0.00191447889759
141	0.00104891173617
610	0.00100346003116
617	0.000747332578429
614	0.00209391149512
149	0.00075586005786
948	0.00735279385605
949	0.00216522729348
946	0.00290678649091
947	0.0
942	0.00081821438952
940	0.00145238606563
517	0.00451577502874
684	0.000702431744989
687	0.00148235689353
686	0.00113874968565
680	0.00221961545949
682	0.00288425411946
133	0.00146402746504
499	0.00360890114329
135	0.0122441827331
134	0.00205564364083
139	0.000585651696292
24	0.00492834943116
25	0.000720225146434
29	0.0
407	0.00162539859796
405	0.00081821438952
402	0.000648390407564
401	0.00405215945325
400	0.000812873216608
933	0.00246128320715
931	0.00113874968565
936	0.00164470752491
409	0.00227552886412
934	0.0
379	0.000997308824489
828	0.0
371	0.00081821438952
372	0.0
374	0.0032441002144
376	0.00056996128921
704	0.000720225146434
707	0.00375410459236
700	0.00380239364366
703	0.00245284883564
392	0.0039947864929
391	0.00100346003116
390	0.000813359352134
82	0.00244956681146
83	0.000778269965992
399	0.000556095107758
84	0.000585651696292
796	0.00083232921602
795	0.0020407302239
790	0.00714638446636
799	0.00280783369234
607	0.00367870757317
586	0.00879150070246
587	0.000724848306039
585	0.00237874961026
580	0.0
581	0.00491453754941
247	0.000585651696292
246	0.000860595023292
241	0.00104499975895
243	0.00230788503399
249	0.00151911700325
924	0.00222235609165
518	0.00496414767862
510	0.000585651696292
1004	0.00243497927504
514	0.0
1001	0.000466373963697
1000	0.000569931262373
458	0.00159218248573
622	0.00224041870642
624	0.0
450	0.00243560027238
451	0.00104499975895
629	0.00775655136636
628	0.00081821438952
454	0.00236260547792
178	0.0197833998115
175	0.00176436081812
173	0.000483896668557
171	0.00170081503995
170	0.00321309704553
977	0.00747750287276
976	0.00166498849161
974	0.00148893604897
972	0.00113874968565
978	0.00099573046495
656	0.00104891173617
654	0.00219974185219
181	0.00315773194867
184	0.00263287183818
185	0.00135095874007
188	0.00209391149512
189	0.0
659	0.00243881868662
650	0.000719633388198
868	0.00144887359208
14	0.00171838961392
19	0.00153869276586
863	0.0
862	0.00211630294828
865	0.00148530668264
867	0.000743631477451
883	0.0023784789242
881	0.000760218868704
885	0.000736690155515
569	0.00229371500115
929	0.00152167140814
809	0.0
322	0.000585651696292
323	0.000585651696292
320	0.000812486910701
327	0.000880394206138
329	0.0
688	0.0
775	0.000788956997675
774	0.0
771	0.000778269965992
773	0.00100346003116
772	0.00312301847723
779	0.000794512569778
77	0.000723379966677
75	0.00747773354889
74	0.00880674291791
70	0.00248498614557
78	0.00226915469256
2	0.00361851196837
668	0.00236590624236
663	0.000556095107758
662	0.00203302761506
692	0.00297682884596
693	0.0030715304647
697	0.00388758588474
695	0.000793069381937
542	0.00435934108248
540	0.00209396883916
541	0.000944363347554
547	0.0020407302239
8	0.00075586005786
995	0.00229250412935
994	0.0
997	0.00246049158013
996	0.000944363347554
991	0.00302991764089
990	0.00480249789756
120	0.00389325545494
125	0.00114158280195
126	0.00299388016039
129	0.000600162666839
414	0.000763788884091
415	0.00465383662395
416	0.00446021039421
410	0.0
920	0.0125016495576
923	0.00294189492852
418	0.000466373963697
925	0.0
926	0.00184118143064
319	0.0
313	0.0014505622693
310	0.000556095107758
316	0.0101541273416
314	0.00457235248083
833	0.000644961214911
830	0.000743776157144
838	0.000975686952412
369	0.00138240026795
367	0.000769514363345
364	0.000483896668557
362	0.00229615829024
381	0.000789460279706
383	0.00295820523448
386	0.000911203371016
784	0.00730291721959
780	0.0
782	0.0112036993412
783	0.00213732961796
788	0.0011557989832
789	0.000758446535699
573	0.00221155014253
577	0.00362513061406
576	0.000466373963697
575	0.00144027977021
61	0.00854730289008
62	0.00136198932218
64	0.000585651696292
65	0.0080200733889
66	0.0
67	0.00093723552261
251	0.0
256	0.00145490661321
939	0.000585651696292
731	0.00146938593169
730	0.00072580166298
732	0.00255701844411
737	0.000880394206138
506	0.00391525847716
738	0.00217327486737
502	0.00787095703392
500	0.00512461488507
630	0.00481019709427
633	0.000750229527806
469	0.0166064320467
465	0.00148265107824
466	0.00102591381269
460	0.000585651696292
901	0.00163679178306
168	0.0152206826412
169	0.0
165	0.00652715088143
166	0.00520983068978
167	0.00520941954828
160	0.00104891173617
161	0.00328473381706
163	0.00211260689548
966	0.000718549854901
969	0.00162515639314
935	0.00315072981513
908	0.000725493625399
909	0.0
879	0.000585651696292
872	0.000644961214911
873	0.0
870	0.00326386924075
890	0.000569050000469
891	0.00301162959226
893	0.000585651696292
895	0.00210916091442
646	0.00142733835868
356	0.0108842152332
355	0.00173891235249
351	0.000927727686207
803	0.00232636306843
216	0.00238849937034
214	0.00730123141883
762	0.00212323319777
955	0.000644961214911
767	0.00152167812145
765	0.00581525592047
957	0.00104499975895
289	0.000789460279706
288	0.00697669234831
4	0.00164548974435
280	0.0065840088362
285	0.00113874968565
284	0.00147203797868
674	0.00382251337381
676	0.00114158280195
670	0.0
260	0.000723379966677
267	0.0030603553378
266	0.00144500016879
264	0.0
268	0.000765247106205
58	0.0
56	0.0
50	0.000521123221825
53	0.0
52	0.00582148127476
537	0.0
535	0.00344566919672
534	0.0212134826284
532	0.00157881241801
530	0.00297943163726
538	0.00231731470855
200	0.000927727686207
987	0.00518214790319
984	0.00509618727064
114	0.00083232921602
117	0.000765247106205
111	0.000794512569778
113	0.000692205074103
112	0.00457504632952
118	0.000855122943836
207	0.0048938023281
206	0.000585651696292
429	0.00314087478195
428	0.00569193582599
919	0.00172154828658
421	0.00104499975895
420	0.00102161684934
423	0.0034347564794
422	0.00147203797868
425	0.0115691500311
424	0.00201100069325
427	0.00120388587847
912	0.00872596559737
309	0.000585651696292
516	0.000551188795257
301	0.00104499975895
302	0.000954028330279
304	0.000824961659114
306	0.00324294884092
846	0.00100346003116
844	0.00145115305119
849	0.00439291964259
752	0.000778996168016
750	0.00101131344045
754	0.00187853535822
562	0.000585651696292
739	0.000962917543524
229	0.00240135660783
228	0.00231518753633
225	0.000760218868704
220	0.00124019554547
724	0.000853843745261
720	0.000788956997675
721	0.00219742986537
605	0.00228306930601
153	0.00083232921602
601	0.00229551566732
154	0.000585651696292
157	0.00493007311972
602	0.00290666780416
158	0.000483896668557
609	0.00218918959352
634	0.00057406154968
48	0.000720225146434
951	0.00505963601607
950	0.0
953	0.00192015893061
45	0.0
42	0.000585651696292
954	0.00210336341628
40	0.000997308824489
956	0.00238702951173
638	0.00075768643146
5	0.0
489	0.000585651696292
486	0.00076510235205
485	0.00067821867743
484	0.00295575464084
482	0.0
480	0.0
472	0.00653715775245
470	0.003036958351
471	0.00126144868914
477	0.000585651696292
474	0.000585651696292
