344	0.00164748640459
0	0.0114900856012
347	0.000544954345755
343	0.0027348350016
810	0.00161444424303
812	0.00219602341562
814	0.000549826993483
349	0.000549190176362
817	0.00109914405621
719	0.00109358740722
718	0.00711874160664
716	0.00273378417291
713	0.00107801916271
711	0.00109682006489
710	0.00218175224494
915	0.00438846109157
910	0.000546354725912
299	0.00109210996619
294	0.00274760387357
295	0.000547186206298
292	0.00109124241157
293	0.000547653190669
290	0.00218912870065
291	0.0032361918308
591	0.00273610196911
592	0.00324100758634
199	0.00163864700197
594	0.00108948428918
195	0.000549525309678
194	0.00273249323603
197	0.0
193	0.00218527890505
192	0.000541997120961
270	0.000546094298967
272	0.0005482067546
273	0.000546694274507
274	0.000549355107189
275	0.00163509151858
277	0.00109032374142
278	0.00107438541348
524	0.0005453056649
526	0.00164421047884
527	0.00103505981187
522	0.000540932066805
523	0.00054654078011
443	0.00218848847773
441	0.000547649551144
440	0.00162623966783
447	0.00274701914801
444	0.00164618763802
102	0.0005453056649
103	0.00379915498909
101	0.0010873383086
106	0.00108892328515
107	0.00485697244323
104	0.000549642373061
105	0.00108967083656
900	0.00218724867658
38	0.00273485882352
904	0.000546331454182
32	0.00164305699143
31	0.00164821346151
30	0.00494494529995
35	0.000549693253085
641	0.000545640887113
643	0.000547778642074
644	0.000544676476402
438	0.0
646	0.000550446057871
648	0.00274783163206
435	0.00219811778097
433	0.00163723624409
338	0.00218316954314
335	0.0010766099579
334	0.00711107868532
337	0.00164150205333
333	0.00218755320678
332	0.00494350349367
854	0.0010990839628
818	0.0
857	0.00109895298738
850	0.00164124570869
851	0.00274421461998
853	0.000546987440272
6	0.000547186206298
98	0.00646294941635
91	0.00766315380839
90	0.0104150177169
92	0.000549762811022
97	0.00054742678034
740	0.000544275462081
742	0.00875411024105
743	0.00163671737326
558	0.00218240425066
746	0.00327466503822
550	0.00218709527107
553	0.00162682831567
552	0.00164778016033
239	0.00108239961207
235	0.000546354725912
236	0.00163031619467
231	0.003821774749
232	0.00109874464474
233	0.00218500712197
1	0.00054722866245
147	0.000549070982745
142	0.000549762811022
143	0.0010926864343
141	0.00274553602566
616	0.00054654078011
617	0.00109541627106
614	0.000549693253085
149	0.00109069696342
1004	0.00162185798594
949	0.000549724756926
947	0.00109429773711
944	0.000546331454182
945	0.000546094298967
943	0.00052585205546
940	0.000547216860193
514	0.00162868639798
517	0.00494354570386
685	0.00273845964212
684	0.00546544319568
687	0.00328722106191
686	0.00109785567489
681	0.0
680	0.00212481447208
133	0.00109762505398
132	0.000544849335848
137	0.00054654078011
136	0.00109961652551
135	0.00545214832452
134	0.00215741224656
139	0.00163373221091
138	0.000549592630932
490	0.000547946989966
491	0.000542709719843
493	0.00384420977525
24	0.00329142497099
25	0.00218218071691
927	0.000539844860003
28	0.000545640887113
29	0.0
407	0.000548517258235
939	0.00163935467606
401	0.00324675187888
400	0.00054654078011
936	0.00163371178319
409	0.000547186206298
379	0.000546821383433
828	0.00109461556845
371	0.00109515383785
373	0.0
372	0.000549525309678
374	0.000546694274507
823	0.000548852102299
704	0.00218230204662
705	0.000547186206298
707	0.00106863867111
700	0.00328675588528
702	0.00163425016672
703	0.00109287223429
393	0.000547893718153
392	0.000548273116002
82	0.000546907016542
181	0.00163613394313
399	0.0016415894916
86	0.00164088394122
797	0.000546331454182
796	0.0
795	0.00109697313748
791	0.00054761684512
790	0.0016484667099
798	0.00054654078011
7	0.000537667909174
607	0.00273436335876
586	0.018670888063
587	0.000541750009382
584	0.000523493817508
582	0.000544227494005
581	0.00326678829083
589	0.000544006842663
245	0.00600531948378
246	0.0010873383086
241	0.000550568476559
249	0.00109249234004
248	0.000548273116002
924	0.00273025268751
510	0.00163121873471
513	0.000544402587631
512	0.00219762630232
1003	0.0005403888086
1002	0.00109149512586
1001	0.00272570984568
516	0.000545872091098
458	0.00218213295546
622	0.000543520644318
626	0.00054654078011
624	0.000545743586434
450	0.00328913925679
629	0.0109746701935
453	0.000548302806653
454	0.00486610269607
456	0.0
178	0.00547003307314
595	0.00329600708114
175	0.00217475752917
174	0.0005453056649
170	0.00109008811014
977	0.00651544502715
976	0.00109422993085
971	0.000549762811022
979	0.000546471531079
978	0.0115392395017
656	0.00109483453203
599	0.00163941268718
654	0.000546094298967
2	0.0038422313087
186	0.00219870139561
187	0.0016444005692
184	0.00164340694127
188	0.0038430176347
189	0.00438152218985
658	0.00109787902465
659	0.00164040707458
650	0.000548273116002
868	0.00219872673012
12	0.000516143990848
15	0.0026339708004
14	0.00326788284755
17	0.000549762811022
16	0.00273323927861
863	0.0213153955719
862	0.00109496483514
865	0.000548273116002
866	0.00109488224639
883	0.00274684926979
887	0.00108743532469
886	0.000547380833658
885	0.00219775330335
809	0.000547867321902
322	0.00218675021905
321	0.00163686006703
327	0.00108659012179
324	0.00109220400058
329	0.000545899668331
775	0.00109412857945
200	0.0120901554663
203	0.00054654078011
758	0.00163578107415
771	0.00546886685438
207	0.00109903172891
206	0.00109015500075
209	0.000549232790566
208	0.00108911451753
779	0.000548517258235
77	0.00164951794157
76	0.00218920303345
75	0.00272408302934
74	0.00769188243343
73	0.0005442387903
70	0.00164226172321
78	0.000547186206298
664	0.00107694270982
663	0.00164005842091
662	0.00218867147652
660	0.00109336216354
692	0.00437459049308
693	0.00164265191678
696	0.015297209256
697	0.00272632374311
695	0.00219018470748
698	0.00381979824721
542	0.00438334026034
543	0.000549762811022
540	0.00873117610909
541	0.00273215430115
546	0.0032805286719
547	0.00164837147305
8	0.00106982527169
549	0.000545139893192
994	0.00109197234129
996	0.00162904470665
991	0.000547186206298
990	0.0016494994042
993	0.00109344779665
120	0.00327782268895
122	0.00109435428793
125	0.0005453056649
126	0.00164799819977
928	0.000540258153523
415	0.00162442078766
416	0.00658830316015
410	0.00164188156553
413	0.00163238099181
920	0.00164511530213
921	0.00163892055596
923	0.00710238692684
418	0.00217340062523
925	0.00109079573103
499	0.00218499276261
319	0.00218058336403
318	0.00164349872792
313	0.00384684708776
311	0.00163679213515
310	0.000549285623251
317	0.00054654078011
316	0.00274430129518
315	0.00054654078011
832	0.00381073785335
833	0.000548137604466
830	0.00109244044844
497	0.000542709719843
837	0.00109248596962
835	0.00054654078011
838	0.000549435413069
369	0.000547380833658
362	0.00383061593669
360	0.00109787902465
380	0.000541791900303
381	0.00216881224462
383	0.00217649141012
388	0.00492498549813
784	0.00164014207116
780	0.000542456033824
782	0.0038459771327
783	0.00382466970628
788	0.00108936188326
789	0.00273643174934
151	0.000547836243883
573	0.000549285623251
572	0.00104198561754
577	0.000548632856931
576	0.000546094298967
61	0.00931678659447
62	0.001100486947
152	0.00054654078011
66	0.0
67	0.0032948766825
69	0.00054195924529
250	0.00164194652551
256	0.00439641863453
255	0.000546278241524
731	0.00419635913468
730	0.00219832169997
737	0.00108571263865
509	0.00490492502437
506	0.00272923976142
738	0.00709888869035
505	0.000547192950629
502	0.00931091555411
500	0.00384759961925
630	0.00329504542699
631	0.00109787902465
633	0.00107060852163
469	0.00164857857652
465	0.000549128794181
464	0.000537834285134
466	0.00109477623641
901	0.00163993923916
168	0.00769380782023
164	0.000542456033824
165	0.00383774763582
166	0.00109886322081
167	0.00164805164495
160	0.00384473528999
161	0.00054654078011
963	0.00054933847583
935	0.00272786116322
909	0.0
879	0.00109345205488
872	0.000546348597044
873	0.00109126734781
890	0.0
891	0.00164679617965
893	0.000544849335848
647	0.00109847301747
898	0.000547737295447
356	0.00933448465349
355	0.000545016789537
353	0.0
803	0.00165065203418
801	0.000519771554479
807	0.00054654078011
216	0.00163566023252
214	0.00328274376043
769	0.00273064599057
213	0.00054654078011
762	0.0010988877507
763	0.00054742678034
761	0.00109302523919
767	0.00164056223609
764	0.00109152612903
765	0.00219792377678
957	0.000549693253085
956	0.00381639086072
288	0.00219659313149
4	0.0
281	0.000547036119349
280	0.00933005593808
284	0.00104386176766
679	0.000523493817508
674	0.000550435400675
670	0.000547493108255
671	0.00548378964521
672	0.000545330411625
673	0.00054654078011
260	0.00219894910404
267	0.00384730538569
266	0.00219883300889
264	0.000545640887113
268	0.00107717857796
58	0.0
56	0.0
53	0.00109358950454
52	0.00219815948272
537	0.00216959358157
535	0.00109813772555
534	0.00382853403287
532	0.0
531	0.0
530	0.0120730732596
538	0.00109684646873
988	0.00109886605451
774	0.00109371619837
987	0.0016366970756
984	0.00164858797773
985	0.000539274800646
117	0.000538174302711
776	0.000548917155001
111	0.0010988877507
112	0.00164995433496
773	0.000545344623291
772	0.00108674353451
429	0.00269963336979
428	0.00658823813317
918	0.00109071311763
421	0.00109981892478
423	0.00435245226925
422	0.0020862448346
424	0.00219956416786
427	0.000545344623291
912	0.00549181055601
309	0.000546983949417
855	0.00218009005554
301	0.000549693253085
302	0.00110061196535
303	0.000542456033824
304	0.0
952	0.00219855499327
306	0.00437348171682
307	0.00109396756045
825	0.000549285623251
846	0.00109787902465
844	0.00436390966772
843	0.00383868691641
840	0.00218310582736
849	0.0021763257367
848	0.0
568	0.00164042556628
754	0.00164286897366
561	0.00219665291355
759	0.00109656550765
736	0.00054654078011
565	0.00109192189289
566	0.000536714570936
229	0.00109303222262
228	0.000547186206298
226	0.000546331454182
223	0.000546739526453
220	0.00109569989634
724	0.00328544421434
723	0.0005442387903
720	0.00379382698376
605	0.00218848204122
153	0.00217366874403
606	0.00054654078011
154	0.0005453056649
157	0.00383960319444
602	0.0016439814885
159	0.00656613562024
609	0.00218154093689
83	0.000546907016542
634	0.00108936188326
48	0.0038176477813
951	0.00383729802793
950	0.00162679580643
45	0.0
955	0.00272715619382
954	0.00164633213713
40	0.00109547388977
41	0.00163341565135
638	0.00328235819626
5	0.00108835816929
487	0.000544402587631
483	0.000543577327327
482	0.0
472	0.00274543945988
470	0.00109452285486
477	0.00654493339603
478	0.000549441635791
479	0.0
