344	0.00190083120968
0	0.00372320768296
347	0.000504257163656
343	0.00188175792501
810	0.000936314058575
812	0.000972520428158
814	0.000489107084461
349	0.000467052998576
817	0.000948758697223
718	0.0109380014571
716	0.00283157075614
715	0.0010191160894
713	0.0014207292946
711	0.000467077208394
710	0.0027934627842
915	0.0033507227325
910	0.000474549546103
299	0.000929943216642
294	0.00445311193023
295	0.000465862299316
293	0.00282580985958
290	0.000956779410072
291	0.001894188469
591	0.00282818908229
590	0.00101199431948
592	0.0023671664479
199	0.00139333432341
599	0.000931485171579
194	0.00241518251816
197	0.00190444872347
196	0.00191022130868
191	0.00191085406157
190	0.00331700555313
193	0.00193266857858
192	0.000467212445259
272	0.00193308849573
274	0.000944311171762
275	0.00137962063783
277	0.00147713395469
278	0.000949665017122
527	0.000956208060733
522	0.000947135565014
528	0.00240841388211
443	0.000960191838071
442	0.000467642679418
440	0.000931322233187
447	0.00196882213787
444	0.000472540299255
102	0.000459725399576
103	0.0050254460783
101	0.000928364800802
106	0.00183417657229
107	0.0117346151286
104	0.00197776990764
105	0.000463010188219
900	0.00288068144334
38	0.00233477148572
907	0.000467077208394
904	0.000953132578859
32	0.000945009681773
31	0.000950801823874
30	0.00396236285649
37	0.00148430373734
35	0.00142263869722
641	0.00135485282974
643	0.000934855124677
644	0.00139755569154
647	0.000951297586806
439	0.000496122240967
648	0.00297132563685
435	0.000975398411817
432	0.000915902300972
433	0.000914165628481
339	0.000465862299316
338	0.000450968064626
335	0.00144323197843
334	0.00668946390918
337	0.000896609760347
333	0.0083891903329
332	0.00245743712166
854	0.000486291327356
855	0.00186504329205
857	0.00142501561836
850	0.000463944048763
851	0.00475148569861
819	0.000456198691141
858	0.0004756563744
6	0.001399127851
98	0.00615488188483
91	0.00295495022904
90	0.0072887770675
92	0.000475145449475
95	0.000450968064626
97	0.000493306160123
96	0.000489632859355
815	0.00046657811854
740	0.000939177501627
742	0.00574388033905
743	0.00440992405577
559	0.0004560312044
558	0.00205055677019
746	0.000967820949084
557	0.000496122240967
550	0.00191992608375
553	0.00140195478613
552	0.00141731819644
235	0.000474549546103
236	0.00237340521371
230	0.000504257163656
231	0.00179818321285
232	0.00296769070675
233	0.00323712421435
1	0.000900021154659
147	0.00754547193056
144	0.0
142	0.000950392826044
143	0.0
141	0.00142664082867
617	0.000953053068363
614	0.00237000699038
149	0.000464934236346
1004	0.00513671546711
949	0.000992540587863
947	0.00288521837577
942	0.000481502157248
943	0.000479533169803
940	0.000954934703753
514	0.00406948016373
517	0.0029117270087
685	0.0014094799738
684	0.00349726971681
687	0.004302722434
686	0.00101511464479
680	0.00144053701924
682	0.00046657811854
133	0.000989922990801
137	0.000478634836952
136	0.00142535165993
135	0.00434333468095
134	0.00236729528437
495	0.00094775100671
139	0.00644618342863
497	0.000462931233045
491	0.000940074465434
493	0.00380634628167
24	0.00285702865017
25	0.00102751955669
28	0.00135485282974
29	0.00233686660994
407	0.000467077208394
939	0.00138792313928
404	0.00186712161066
402	0.00136770647699
401	0.0023678840529
933	0.00101199431948
931	0.000508678360389
936	0.00192476502052
409	0.000931485171579
408	0.000475145449475
379	0.000943265672152
378	0.000451063386234
371	0.000495821434344
373	0.00047375401388
372	0.00140013756793
374	0.000962612449604
377	0.00189712803395
822	0.000451063386234
704	0.00249734756977
705	0.000455968389249
707	0.00142331290707
700	0.00341216336924
703	0.000959465297237
393	0.000469705850186
392	0.00243904355982
395	0.000451063386234
82	0.000482967080445
181	0.00329553962167
399	0.00183219249446
86	0.000960191838071
796	0.000467642679418
795	0.000948758697223
791	0.00093843624858
790	0.000972621790306
586	0.0160323446955
587	0.00189942278507
584	0.000477810554238
582	0.000450968064626
580	0.0
581	0.00190671183567
589	0.000469707753913
245	0.00270714908585
246	0.000928364800802
241	0.000474390533938
240	0.000486291327356
249	0.00280033014052
248	0.000467642679418
924	0.00232546142823
519	0.000465862299316
510	0.00138683373747
513	0.000478190797017
512	0.000949869489963
1002	0.000475391347536
1001	0.00325745235983
458	0.00408991421296
622	0.00137074661023
951	0.0023468153313
624	0.000456198691141
450	0.00480496217214
629	0.00572520830237
628	0.000482967080445
454	0.00474225911919
456	0.000478246341116
178	0.0107247832887
595	0.00186442942899
175	0.00278095030665
174	0.000459725399576
171	0.00151901393084
170	0.00141314372495
977	0.00463485236178
976	0.00140229726142
972	0.000504257163656
971	0.00142550573657
979	0.000469056982898
978	0.0094891904749
656	0.000947634013873
2	0.00293389565527
652	0.000469101613316
187	0.0019344299367
650	0.000463197563855
188	0.00616182636037
189	0.00662390764918
658	0.000473720431774
659	0.000480641357119
184	0.00467463244528
868	0.00198445066071
13	0.000500205511045
15	0.00143798507049
14	0.00139714008039
17	0.000475145449475
16	0.00140651057473
863	0.00192225564783
862	0.00376035655587
883	0.00469947979197
881	0.000467642679418
880	0.00094888142722
886	0.0
885	0.00346254140112
752	0.000987450458856
809	0.000450968064626
322	0.00278829331674
323	0.000459725399576
321	0.00102335308701
326	0.000486291327356
327	0.000458246446625
324	0.00281985166751
329	0.00182798460629
201	0.000469101613316
200	0.00569829606825
777	0.000463197563855
776	0.00484104946618
771	0.0028708562179
207	0.000948758697223
206	0.000915702312053
209	0.000491869955047
208	0.001397152031
779	0.000931792787113
77	0.00148636910288
76	0.00137807899199
75	0.00191063128273
74	0.0059270120518
70	0.000943009876752
78	0.00139784753081
664	0.000469101613316
663	0.00139147586586
662	0.00335779214654
692	0.00332609827271
693	0.00186610235511
696	0.00377719868045
697	0.00139352671321
695	0.000949780050934
698	0.00314871313315
699	0.000496122240967
542	0.00192648611625
543	0.000475145449475
540	0.0031796871839
541	0.00186467053324
546	0.00381894629842
547	0.00236736574405
8	0.000477810554238
549	0.000978352365594
994	0.000914165628481
997	0.000486419578206
996	0.00326015816498
991	0.000465862299316
990	0.00997993256263
120	0.00286255146242
122	0.000937967888927
125	0.00183747422929
126	0.000970370280352
127	0.00094732070067
415	0.00235768529676
416	0.00982445395964
410	0.00927463819439
413	0.00096249385947
920	0.00190346645972
921	0.00141516623343
923	0.00522084351949
418	0.00139066632622
925	0.000915028672073
926	0.00101446061648
499	0.00510468557662
319	0.00256640092694
318	0.000511263456272
313	0.00543121443175
312	0.000465622872263
311	0.000450968064626
310	0.000457231762805
317	0.00048162897654
316	0.00427796027366
832	0.00185989257535
833	0.000955601078534
837	0.000463197563855
368	0.000464210262128
369	0.000950731096272
364	0.000912852555982
362	0.00290207103835
361	0.000450968064626
381	0.00280545449041
383	0.00145103953504
388	0.00661426204791
389	0.0
784	0.000959647353471
780	0.00136477361418
782	0.00196524841143
783	0.000467642679418
788	0.000907769597476
789	0.00136889533504
151	0.000476352775673
573	0.000486291327356
572	0.00093655284502
577	0.00152720427553
153	0.0009261287969
575	0.000496418346896
574	0.00049429488977
60	0.00144312911094
61	0.0128918927318
62	0.000478190797017
64	0.000459725399576
65	0.000483540847946
66	0.0
67	0.000951493201267
68	0.000450968064626
69	0.00045706339532
250	0.0
251	0.000914165628481
256	0.00396006107876
257	0.000477912761729
254	0.000481151103477
157	0.00240612535552
731	0.00477693923997
730	0.00247739608724
733	0.000913670385839
732	0.000466331753403
735	0.000911949619978
737	0.00185949152975
509	0.00184620756777
506	0.0126356662227
738	0.00141936312658
505	0.000898088489727
502	0.00707351283991
500	0.00195402641393
630	0.00237214826679
633	0.0014242359746
469	0.00806620301006
468	0.000469101613316
638	0.002801503968
464	0.000945801906005
466	0.000962581726344
901	0.000483430654077
168	0.00742725382691
169	0.000466289956495
164	0.00186220195202
165	0.00475711838017
166	0.00493495711782
167	0.00189365410044
160	0.00142700967968
969	0.000463197563855
935	0.00242213058341
934	0.000465663708459
909	0.00145014128017
879	0.00277983016006
872	0.000450968064626
873	0.000899655287245
870	0.000482967080445
890	0.000489107084461
891	0.000953563932244
893	0.000460886233744
898	0.000937096063682
646	0.00191308608556
356	0.0108046523014
355	0.000504257163656
808	0.0014049725599
353	0.00047375401388
803	0.000985903822764
802	0.000480723068036
807	0.000954578818554
804	0.0
216	0.000514101643554
214	0.00476650351336
769	0.0019013961012
762	0.00147893029325
955	0.00090428250574
761	0.0
767	0.000931485171579
764	0.00134977924952
765	0.00148526216464
957	0.000948758697223
956	0.00358148205742
288	0.000952899785807
4	0.00247430594014
281	0.00143054437377
280	0.00331676222701
283	0.00046657811854
285	0.000504257163656
284	0.000945352447568
679	0.000511263456272
674	0.00293091739874
676	0.000915756603976
670	0.00188083456311
671	0.000486291327356
672	0.000513804187646
260	0.0019763909761
267	0.00241081184135
266	0.00148735827364
268	0.000473312241449
56	0.000450968064626
53	0.00144192785374
52	0.00247366094473
537	0.00186925616832
535	0.00141908608744
534	0.00326327855742
532	0.000469101613316
531	0.000906409716792
530	0.00620582625281
538	0.000931485171579
988	0.000948248163278
774	0.000481151103477
980	0.00189685389074
987	0.0131081207019
984	0.00393903331565
985	0.000469101613316
114	0.00045916768472
117	0.00094662575121
111	0.000499308408404
110	0.00196983734293
113	0.000472540299255
112	0.00295108406436
119	0.000968143434818
118	0.0028004093518
772	0.0019064317205
429	0.00189429115421
428	0.00427658608078
918	0.0010258289244
421	0.00143517827543
420	0.000462728700248
423	0.00465201116874
422	0.000935759703156
425	0.000474647614113
424	0.00142263869722
912	0.00594518971987
301	0.00142451897224
302	0.000475145449475
304	0.000996333901426
952	0.0023752935823
306	0.00288224801233
844	0.00256496277513
843	0.00140994698848
842	0.000456198691141
840	0.00179818321285
849	0.00229493970084
848	0.000495821434344
568	0.00238919230519
569	0.000931485171579
754	0.00142020978725
561	0.000475760275012
759	0.000976342401008
758	0.000512428501976
565	0.00153681982215
566	0.000951819979405
739	0.000478196598799
229	0.00144017882964
228	0.00186371748629
226	0.000467642679418
225	0.000467077208394
223	0.000462728700248
222	0.00046657811854
220	0.000477755015538
724	0.00470504731456
723	0.00102642802446
720	0.00386257218685
605	0.00605990865472
607	0.00238525038777
154	0.000459725399576
603	0.000451063386234
602	0.00197699951971
159	0.00143431162879
609	0.00476320168817
634	0.000452862831839
48	0.00102536509983
46	0.00136202042357
950	0.00228944871375
953	0.000950245293283
45	0.0
42	0.000454971127463
954	0.000948758697223
40	0.00384919634229
41	0.00102642802446
5	0.00326841136704
487	0.000922454099825
483	0.000471997607212
482	0.000914165628481
472	0.00296173635881
470	0.00186377418542
471	0.0
477	0.000459725399576
474	0.000466548161239
