344	0.000935261719046
0	0.00190676385142
347	0.00186454371961
343	0.00310488974139
810	0.000475731191205
812	0.00047143113362
813	0.00374969195055
814	0.000470613856025
349	0.0
817	0.000462489223452
719	0.000960645085352
718	0.0051889520111
716	0.000948197400574
715	0.000932411057239
713	0.00142525076325
712	0.000922878912781
710	0.00237198197515
915	0.00558447229743
910	0.000471324968196
913	0.000467732417914
299	0.0
294	0.00235100518935
295	0.000476923240549
292	0.000468454612456
293	0.00230994020933
290	0.00094212599333
590	0.000932394928896
592	0.000471324968196
595	0.00188569337003
594	0.000468494574689
195	0.000476280327268
194	0.00046693934516
197	0.000938652808988
196	0.000943527429006
191	0.00235190141015
190	0.00376553264604
193	0.00282274548885
192	0.000953198383584
270	0.000949223827325
272	0.000465075947435
274	0.000470774910218
275	0.00142006482562
277	0.0013964793036
278	0.00094491775088
526	0.000949358817942
527	0.00141111732897
528	0.00141754937185
443	0.000472391943482
440	0.000477317715057
445	0.000474406958476
444	0.00093759112234
103	0.000911197442914
101	0.0014298597797
107	0.0180618743153
105	0.000481416502621
39	0.000471324968196
38	0.0
906	0.00041012966602
904	0.0
32	0.0014022535463
31	0.00046693934516
30	0.00235008007397
35	0.00138872210269
641	0.000454915437808
643	0.000475731191205
644	0.00143495929813
439	0.00188165112606
649	0.000923107851906
648	0.00282255268544
435	0.00235465626255
432	0.000454915437808
433	0.00137822338587
339	0.000476923240549
338	0.000454915437808
335	0.00189514950687
334	0.00327242474885
337	0.000937262869763
333	0.0104855957388
332	0.000470613856025
745	0.00191839346612
854	0.00515533836319
855	0.000937016777483
857	0.00279539082362
850	0.00189699245182
851	0.00139007265556
819	0.000489253083373
858	0.0014307197107
6	0.000954008884071
99	0.00190971587146
98	0.00473296528103
91	0.000921032454279
90	0.00331631417992
95	0.000454915437808
96	0.000419323299683
740	0.00131351495196
741	0.00094065708981
742	0.00140416478939
743	0.00186517184056
559	0.00123572340682
558	0.00359529812717
746	0.00514618795342
748	0.000932375797935
749	0.000477898859129
551	0.00234130653299
550	0.00139552046358
553	0.000952948937264
552	0.000924877959202
239	0.00141654927201
235	0.00142057073207
236	0.00236959915285
231	0.00136157803391
232	0.00329421098274
233	0.000467666442077
155	0.000936991667242
147	0.00886189323278
618	0.000446521842474
619	0.000465626659798
142	0.000938819854896
143	0.000470762757661
141	0.000924689509478
617	0.00140961042526
614	0.00139495366865
149	0.000477101222852
1004	0.00142839507154
948	0.00141263862037
949	0.00141116014896
946	0.00141262852249
947	0.000918926091936
945	0.000477898859129
942	0.0028134626984
943	0.00090322391713
517	0.0046673348097
685	0.00237306162799
684	0.00226126326093
687	0.00140974186611
1000	0.00267936353233
680	0.0032914127857
682	0.000477898859129
133	0.00141085564319
130	0.000476280327268
136	0.00046693934516
135	0.00796404303206
134	0.00188238658861
493	0.000474406958476
24	0.0018923901566
25	0.001338341969
26	0.000459742092675
28	0.000454915437808
29	0.00143016012553
407	0.000472572201172
404	0.000476280327268
402	0.000874441951965
401	0.00236273664685
400	0.000468892681726
933	0.00139843737463
931	0.000936599792359
936	0.000468900997656
409	0.00190015341713
379	0.000925703535531
378	0.000474735340357
828	0.000961711870087
371	0.000468454612456
373	0.00140774641131
372	0.000476280327268
976	0.00142227490883
377	0.00236127299602
704	0.0036552696152
707	0.00471074247951
700	0.00329921546402
702	0.000956727193098
703	0.000939102478564
393	0.000475731191205
392	0.00138561433215
391	0.00236473075485
397	0.00046693934516
176	0.000456392453494
82	0.00187435502049
83	0.000937787516174
399	0.00138972231501
87	0.000474951859466
796	0.000454915437808
795	0.00185092238871
790	0.00611700669945
799	0.000937925489964
798	0.000469734049848
170	0.000468454612456
607	0.00187120471878
586	0.00140359209673
584	0.000939536289922
585	0.000934647884432
582	0.00183841556408
580	0.0014093079659
581	0.00187434318291
589	0.000471294356416
245	0.00227100264791
246	0.000474643611802
241	0.000463844143486
249	0.00238279074501
248	0.00188763023591
924	0.00238557575049
518	0.00234395283509
510	0.000855846809363
513	0.00140418404228
512	0.000462489223452
1003	0.000475491767714
514	0.00284571086606
1001	0.00334232664584
516	0.00143787584143
458	0.00223781769955
622	0.00289893742625
951	0.00331092300229
624	0.000489253083373
450	0.00139040122646
451	0.000462489223452
629	0.00284821278694
628	0.00140558670031
454	0.0023639077114
457	0.00047246818744
178	0.0128646721514
199	0.000956759228059
175	0.00142551261664
173	0.000954463472456
171	0.000928250080557
198	0.000472391943482
977	0.00475897546946
656	0.000942655419953
974	0.00188005643049
972	0.000466333352204
971	0.00046693934516
657	0.00142844199846
654	0.0162320807741
979	0.000477898859129
978	0.0101830940677
182	0.000477898859129
599	0.00286533853334
180	0.000469250240777
181	0.000941846842835
650	0.000955974613255
185	0.00138937984106
188	0.00138872210269
189	0.00282565869774
658	0.000941340749518
184	0.000944173684384
651	0.00046693934516
11	0.00139744143553
868	0.00234769324729
13	0.00143952097142
15	0.00140801729999
14	0.00191245711199
863	0.000468494574689
862	0.00143048352416
865	0.000472391943482
866	0.0
883	0.00189683571004
881	0.000966112780798
880	0.000941616524389
886	0.00046848320517
885	0.00141157598855
752	0.00188552386321
928	0.000483813010958
888	0.0
929	0.00334000128031
809	0.000454915437808
322	0.00132082018742
323	0.00123582247573
320	0.000475731191205
321	0.00137360146309
327	0.00525333650948
329	0.00195335259642
688	0.000952011518472
201	0.00142609089748
200	0.000933251970233
758	0.00177956238955
205	0.000941018724168
770	0.00046848320517
207	0.00974708167267
206	0.000412364755184
208	0.000475731191205
77	0.000940555241893
75	0.00752122240818
74	0.001410950777
73	0.00268473585744
72	0.00046693934516
70	0.000443482054179
78	0.00238632560109
2	0.00140897568691
686	0.00140054352203
669	0.000470762757661
668	0.0018719066688
664	0.000475731191205
663	0.000933176980324
662	0.00279171068154
692	0.000935421161687
693	0.00190991624994
696	0.00468619541613
697	0.00137026828491
695	0.00138424466708
698	0.000454915437808
542	0.00234252385495
543	0.00141914998175
540	0.00364284927328
546	0.00278553927503
547	0.00231752505465
544	0.00235324167135
8	0.000470762757661
548	0.000434406715085
549	0.0
995	0.000471866566525
994	0.00182254963771
997	0.000472391943482
996	0.0014429971603
991	0.00143216399479
990	0.00187696410759
993	0.000468689217084
120	0.0122770191594
122	0.00095213007434
125	0.000412364755184
126	0.00517023198923
127	0.000477101222852
129	0.000476280327268
69	0.000870787409573
414	0.00142679449006
415	0.00142543822965
416	0.00611073325853
410	0.0018942067142
411	0.000962519690564
920	0.00141527067728
921	0.000955974613255
922	0.000471294356416
923	0.0197886132612
418	0.00240342719608
925	0.00136424344812
926	0.0013985089791
499	0.00323108211554
319	0.00355477437779
312	0.000477085643522
311	0.000454915437808
310	0.000897773245301
317	0.000468494574689
316	0.0163468718853
314	0.000954558552933
832	0.00234016256179
833	0.00092875225296
830	0.000468454612456
837	0.000958086083386
834	0.000942900354313
368	0.000442931418155
369	0.00374255315629
367	0.000941059018044
364	0.000459148920924
365	0.000942989005923
362	0.00328085809898
360	0.000949358817942
361	0.000454915437808
381	0.00333877651328
383	0.00282692135304
386	0.000443263373232
387	0.000462489223452
388	0.0
787	0.00046693934516
780	0.000951118893425
782	0.00282191353012
783	0.000955888476381
788	0.000437019289212
789	0.000928418739834
151	0.000471324968196
579	0.000476280327268
573	0.000470067648867
577	0.00323535119243
576	0.000949223827325
575	0.000470099618129
60	0.000460962649004
61	0.00281882251468
62	0.00280232009458
66	0.00140281457776
67	0.00281029073598
68	0.000454915437808
253	0.000472391943482
250	0.00796485181288
251	0.000454915437808
256	0.000940494671614
255	0.000461916728353
157	0.00372920510084
731	0.00328450794672
730	0.000940646493682
735	0.00084960789135
737	0.000953600806438
509	0.0
506	0.00477462950856
738	0.00192827075655
505	0.000468617321594
502	0.00333225247993
500	0.00141148268903
630	0.0028450130403
631	0.000949358817942
633	0.00280569072649
469	0.00138872210269
468	0.000475731191205
465	0.000443977480494
464	0.000475731191205
466	0.000465075947435
900	0.000468719561198
901	0.000477898859129
168	0.00705100454415
169	0.000949557136373
164	0.00132204409142
165	0.00280355517659
166	0.00234988878311
167	0.00185391679905
160	0.00759472417047
163	0.000467732417914
962	0.00138334233414
963	0.000936517920827
935	0.00327545173627
909	0.00235671677707
879	0.00391796299797
874	0.0031778404883
875	0.000471324968196
872	0.000921854782968
873	0.00136324856505
870	0.00375113349757
890	0.00236612016399
891	0.00331837945683
892	0.00046693934516
895	0.00140913391274
896	0.000477898859129
897	0.000478075754126
898	0.000475731191205
899	0.000475731191205
646	0.00374429836939
356	0.00611038046029
355	0.00139917713314
353	0.000943902267826
803	0.00046665160291
802	0.000465947971125
807	0.00800648464151
804	0.000479499512569
216	0.000891820126531
214	0.00657534600241
952	0.00186579942122
762	0.000471524280052
955	0.00137027928613
761	0.000479499512569
767	0.00190792452372
764	0.00181821407324
765	0.00375988225982
957	0.00138872210269
956	0.00222515715771
289	0.000952011518472
288	0.00331955150006
4	0.00093676676858
280	0.00236914489331
285	0.000928250080557
284	0.000939536289922
678	0.00046693934516
674	0.000461545697542
676	0.000412364755184
670	0.000953198383584
671	0.00141498481747
672	0.000455939963072
260	0.000937607532139
267	0.0018680230084
266	0.000940704826263
268	0.000473592782684
58	0.000471478714248
55	0.0104683738824
54	0.000937043571281
56	0.000908333183339
50	0.000812072904951
53	0.00188610563262
52	0.00141074416481
537	0.000475731191205
535	0.00281461344727
534	0.00177664895369
532	0.00287348183747
531	0.000454915437808
530	0.0104312681695
538	0.00143048352416
775	0.000937308410338
988	0.000927683919812
989	0.00046238873575
774	0.000458898975977
980	0.00095369590595
987	0.0136677056747
984	0.00141036574755
985	0.000949825967883
114	0.000473673107396
117	0.000473592782684
776	0.00046693934516
111	0.000467803041892
113	0.00046848320517
112	0.00137382493948
771	0.00421655910963
118	0.000952205831289
773	0.000474474348092
772	0.00281997935914
429	0.00141941385561
428	0.0027967409329
919	0.000866067422911
918	0.000899769365449
421	0.00231299358524
420	0.00126233433821
423	0.00237143346508
422	0.00235417586751
425	0.00282284079387
424	0.00694160941357
427	0.000489253083373
912	0.0056460590127
309	0.0
301	0.000926333366938
304	0.000468350350357
306	0.000935977781126
846	0.00236310342086
844	0.00182590229127
843	0.000471917073306
841	0.000940368000184
840	0.00319051818489
849	0.00188130791113
823	0.000940875148652
568	0.00276652116275
569	0.0014319077432
750	0.000949358817942
754	0.00141703149333
561	0.000949358817942
563	0.000939664726
565	0.00046665160291
566	0.000460148956976
739	0.000937047775621
229	0.000945209673139
228	0.0014319986446
225	0.000473276809105
223	0.00134488250216
220	0.000940665987798
724	0.00093265965839
722	0.00093759112234
723	0.00177699070534
720	0.00561044228149
721	0.000470020874359
605	0.00189293496728
150	0.000937268481584
153	0.00192155314121
601	0.00046070096007
603	0.000833625695825
602	0.000940411972655
159	0.00141219450357
609	0.00188609385278
634	0.000404035351954
48	0.00223235135645
46	0.000844080784472
950	0.00141438701666
953	0.000930783488646
45	0.00093444725917
42	0.00091006020531
954	0.00138872210269
40	0.00138079591463
41	0.00222226635632
5	0.000951322667799
485	0.00187112826277
484	0.00237138711926
482	0.000908333183339
480	0.000454915437808
472	0.00188186727911
470	0.000954008884071
471	0.00280121351674
476	0.000471324968196
479	0.0
