344	0.00111968517689
0	0.000372336511787
347	0.000746411367733
340	0.000372915742444
343	0.0026101335544
810	0.00148915308681
811	0.000373087131489
812	0.00149481364296
813	0.00224043796101
814	0.000374157558094
349	0.000746195428036
817	0.000746275212773
719	0.000745313521793
718	0.0115571940345
716	0.00186457155913
715	0.000373182145
713	0.000372907233276
712	0.00223841651626
711	0.000745098925217
710	0.000745172124907
915	0.00858290119689
910	0.000745575407625
913	0.000373515639956
294	0.00411488140249
292	0.000372915742444
293	0.00223717365184
290	0.00223759631437
591	0.0029842939035
590	0.00111935785154
900	0.00111925955806
595	0.00261007723989
198	0.00037306267621
599	0.000372336511787
196	0.000373017762942
191	0.000746381421016
190	0.00373187821243
193	0.00298308798444
192	0.000372267523795
272	0.00186532202415
273	0.000372759563115
274	0.00149196032536
275	0.00261017543574
277	0.00111939884113
278	0.00186524158785
738	0.00260953382897
526	0.00261191859709
527	0.000745711747072
521	0.00187171387846
522	0.000745732775284
528	0.00074396820187
443	0.00149286255254
440	0.0
445	0.000373476560498
444	0.000373515639956
109	0.000374165449122
102	0.000372881049904
101	0.000745129660115
106	0.000745619384687
107	0.0137762569387
104	0.00187109861079
105	0.000372890725329
902	0.00111944674668
39	0.000372915742444
38	0.00111936215983
906	0.000372881049904
907	0.000744764967235
904	0.00111884721482
32	0.00335757048824
31	0.000746259243803
30	0.00112108236619
35	0.00149253307177
641	0.000745196136787
643	0.00186219525153
644	0.000372469146804
647	0.000373133740725
439	0.00262130866365
649	0.000372881049904
648	0.00448846706334
435	0.00373891628476
433	0.00149022452214
338	0.0022359293973
335	0.00223420528223
334	0.00223824643633
337	0.00111844494909
333	0.00260746695945
332	0.00187022125373
745	0.000372765377359
854	0.00149615458551
855	0.00149041212642
857	0.00335743936462
850	0.00186561841869
851	0.00335815442641
6	0.000745252254231
99	0.000372336511787
98	0.0033563028297
90	0.0115767137209
92	0.000373096991036
95	0.00111790090693
96	0.000373230539923
740	0.00111831050039
742	0.00223770907022
743	0.000374165449122
744	0.00187126496109
558	0.00148648737543
746	0.00709047647119
748	0.000373182145
749	0.00149141766557
557	0.000373051860848
556	0.000749204228859
551	0.000374484799393
550	0.00111932374107
553	0.00148953145318
552	0.00074629347876
239	0.00260903332869
235	0.00149205911587
236	0.00111640966783
231	0.00335429643004
232	0.00374149423641
233	0.00186608208574
155	0.000372855315981
147	0.00559873827569
142	0.0014924094876
143	0.00111839922775
141	0.00186566916927
613	0.00037268452925
610	0.00112049219476
611	0.000372577279741
617	0.0026128611412
614	0.00223842114135
149	0.00409990926311
1004	0.00186241637596
948	0.00972299331349
949	0.00187267539542
946	0.00336585690504
942	0.000745651640633
943	0.000373014282779
940	0.00111926527086
689	0.0003743346478
517	0.00560599033029
685	0.00149055303568
684	0.00446831344226
687	0.00298485778214
686	0.000745979152374
680	0.00111937974276
682	0.000745660137978
133	0.00224448052722
132	0.000373515639956
137	0.000372873728772
136	0.00149245642758
135	0.00186477897449
134	0.000372907233276
139	0.000745668834279
138	0.00111676314838
490	0.000373812319698
491	0.000372336511787
24	0.00223940400369
25	0.000742486724268
21	0.000747597432155
927	0.000373051860848
28	0.000372593474995
29	0.00148869237077
407	0.000744764967235
939	0.000745640613019
404	0.000372847793506
402	0.000744861041927
401	0.00186553263252
933	0.000373182145
931	0.000746097887443
409	0.000372336511787
934	0.0011187847977
379	0.000746613058662
828	0.000372614875775
371	0.000372710477177
373	0.000746714828139
374	0.00074581277658
377	0.000745472503811
376	0.000373045122766
704	0.00111905094846
706	0.000372759563115
707	0.00186527629973
700	0.00299010904002
702	0.000372542467906
703	0.00149113780737
393	0.000744668809555
392	0.000374008154244
391	0.00298758347049
390	0.000372855315981
397	0.000745386449168
83	0.000745835498135
399	0.000372850350885
86	0.000746145694418
84	0.000372881049904
796	0.00149014337423
795	0.00111942427296
791	0.000745855952584
790	0.00523467712186
799	0.000754499464761
586	0.00934402117068
587	0.00111738702857
584	0.000373170500746
585	0.000371889030876
582	0.00149058934956
580	0.00186410749397
581	0.00149097378408
589	0.000372606593709
245	0.00298196614908
247	0.000372881049904
246	0.0014903313999
241	0.000746264534926
243	0.000746060579735
249	0.00893743734151
248	0.00261168280185
924	0.00111755383329
519	0.000372336511787
518	0.0033772482677
510	0.000372881049904
512	0.000373144418572
1003	0.000373272867363
1001	0.00186207503932
516	0.000372404775386
458	0.00185654694926
622	0.000745888048175
621	0.000372787712372
951	0.00708295955232
624	0.00186328411959
450	0.00186572590338
451	0.000373130794201
629	0.00447830220894
454	0.00634543558815
178	0.00447153017393
199	0.00149040844327
175	0.000745126616621
173	0.000372374354517
171	0.00111965733904
170	0.000745136490176
977	0.00260761828254
976	0.000744925243226
975	0.000372660124788
974	0.00261723175825
972	0.000373182145
971	0.000746325909113
970	0.000372915742444
978	0.00970165731647
656	0.00186633168825
657	0.000372915742444
654	0.0011180437911
181	0.00186607210382
652	0.000372267523795
187	0.00223832655819
184	0.00297919179023
185	0.000747993689056
188	0.00373127525998
189	0.00298227839548
658	0.00111960209839
650	0.000745549598805
764	0.00111922612468
868	0.00261765257604
13	0.000746039144014
15	0.000746334287921
14	0.00298094616178
17	0.000746267155385
16	0.00111813454603
861	0.000372912955375
863	0.00111805621143
862	0.000744925243226
865	0.00111949752125
866	0.00111780701322
883	0.00335230685304
881	0.00148983181545
880	0.00074696965192
885	0.0033660512491
752	0.00074649119298
929	0.000372336511787
809	0.000372593474995
322	0.00149207272259
323	0.00111844760543
320	0.000744324668586
321	0.00148941029569
327	0.00149034453196
324	0.000373051860848
329	0.00223598483586
759	0.000748276355082
688	0.000744458520724
201	0.000372267523795
200	0.00298515442752
203	0.000372915742444
758	0.00185605999089
205	0.000746382569594
207	0.00111942427296
206	0.000745888048175
208	0.000744324668586
779	0.00111744975867
77	0.00337086966574
75	0.0055976906762
74	0.00448915467379
72	0.000746389187362
71	0.000372847793506
70	0.00223814327446
78	0.000744913968637
2	0.00336410366085
669	0.000745712749818
668	0.00111983411285
664	0.000745053892737
663	0.00186500095505
662	0.00298529029356
692	0.00261076815402
693	0.000744790182442
696	0.00111902885716
697	0.00149048515633
698	0.000372593474995
699	0.000749204228859
542	0.00149397857726
543	0.000373094088104
540	0.00484438158823
546	0.00111887176466
547	0.00335855221634
544	0.00111914039633
8	0.000372915742444
995	0.000373281898325
994	0.00298141280827
997	0.00074622465389
996	0.000372255780761
991	0.00111805165708
990	0.000746406608089
120	0.0123146152428
122	0.0037296813277
125	0.00149207877169
126	0.00336652717305
127	0.00223751094033
129	0.000373182145
414	0.00111874010868
415	0.00186545193668
416	0.00186958418515
410	0.00149110200066
920	0.00261187043335
923	0.00746114642681
418	0.000744647471672
925	0.00111782784534
926	0.00559763000898
499	0.00186280582736
319	0.00111313211084
318	0.000744277387444
313	0.00261930443676
311	0.000745083276825
310	0.000372786635086
316	0.00522334573077
314	0.000372336511787
832	0.00186529133155
833	0.000372405456246
837	0.000372765377359
834	0.000372915742444
835	0.000747333388299
838	0.000746333266811
3	0.000373158408789
369	0.00261450922239
367	0.0141761584556
364	0.000372606219593
365	0.00111718025561
362	0.00298247236668
360	0.00149269342791
361	0.000372593474995
381	0.00148879608355
383	0.00260852946355
384	0.000373968017676
386	0.000741988197832
387	0.000746492399528
388	0.00223762779987
784	0.00298298817971
787	0.000372915742444
782	0.00486246902418
783	0.00111799032051
788	0.000745243797847
789	0.00223533568076
151	0.00111907350717
573	0.00224304074308
572	0.000745166460595
570	0.000372873728772
60	0.000373050860824
61	0.00783669506201
62	0.00152372304849
64	0.000372881049904
65	0.00111943627489
66	0.00074844454242
67	0.000746383691679
68	0.000372593474995
253	0.000373017762942
250	0.000747841290192
251	0.00111780462933
256	0.000374165449122
731	0.00261216008509
730	0.00187054981737
732	0.00111734772106
737	0.0
509	0.000373230539923
506	0.00260700965431
507	0.000373186459337
505	0.000372786635086
502	0.00521664249177
503	0.000373011994778
500	0.000381422424792
630	0.00149271718774
631	0.000373133740725
633	0.00111944725305
469	0.00708942256232
468	0.000372267523795
638	0.00373227270185
464	0.00111677564732
466	0.000373322629189
460	0.000372881049904
168	0.0059910626961
169	0.00074609294404
164	0.000746234432147
165	0.00223893896016
166	0.00336650518331
167	0.0029849727499
160	0.00111953762616
161	0.000373006302543
163	0.00151503646841
966	0.000374548238756
962	0.00111981150535
963	0.000373051860848
969	0.000745703454816
935	0.00335858446395
909	0.000746613058662
879	0.000372881049904
874	0.00223621238999
875	0.000372915742444
872	0.000372593474995
873	0.00186323995768
870	0.000373179358995
890	0.00224007529048
891	0.00373268695909
893	0.000372881049904
895	0.000749869685295
898	0.000745183266239
899	0.000744344183834
646	0.000760537003651
356	0.00448757581795
355	0.000373182145
808	0.00148861739801
353	0.00149383404275
351	0.00111938427896
803	0.000747978403589
802	0.000745837229765
800	0.000381422424792
807	0.000372915742444
806	0.000746193132377
804	0.000372404775386
216	0.0011138004381
214	0.00634159816578
769	0.000372606593709
762	0.00112238190005
763	0.000372915742444
767	0.000744782591566
218	0.000374028970495
765	0.00373983022703
957	0.000746275212773
956	0.000742240039279
289	0.000744488821304
288	0.00261371987962
4	0.000372759563115
281	0.00149159428386
280	0.0130595921556
283	0.000372915742444
285	0.000373182145
284	0.00111946271173
679	0.000743474624009
674	0.000373781267067
676	0.00149333354968
670	0.00372260029005
671	0.000745575867232
267	0.00373941719364
266	0.00224702409603
264	0.000746142122994
269	0.000372593474995
268	0.000372907233276
58	0.000373322629189
56	0.00186291295689
53	0.00223685044284
52	0.00561365826326
537	0.00111640966783
536	0.0
535	0.000749437781346
534	0.0149161266193
532	0.00111675093577
531	0.000372593474995
530	0.00410535607746
538	0.000744913968637
988	0.00149261187596
983	0.000373028769429
980	0.00186248758265
777	0.000372787712372
984	0.00374124684891
985	0.000372267523795
115	0.0
114	0.00111856254764
117	0.000372907233276
776	0.00111936287281
111	0.00074812557577
113	0.000375384885902
112	0.000748233808063
771	0.000372786368942
119	0.000747657698583
118	0.00186146119537
773	0.000373412337485
772	0.0290886269442
429	0.000373105846649
428	0.00447720098348
919	0.000372881049904
918	0.0014882211044
421	0.0011194089535
423	0.00186319002375
422	0.00149263551228
425	0.00561280904261
424	0.00186571959885
427	0.000372489801831
912	0.00636183952844
309	0.000372881049904
300	0.000372855315981
301	0.00149253307177
952	0.00149254793695
306	0.00261023434753
846	0.000746546078211
844	0.00260229641116
843	0.00111755267961
841	0.000372787712372
840	0.00223562942976
955	0.00223524530177
849	0.00186334495724
823	0.002246441839
822	0.000372881049904
568	0.000745904099016
569	0.000745505531503
751	0.000374008154244
750	0.000746721249738
754	0.00148982315823
561	0.00111946581347
562	0.000372881049904
736	0.000745315423484
565	0.00223595806749
566	0.000373042728998
987	0.0119243623943
739	0.00149145144186
229	0.000372841422806
228	0.00186203595658
225	0.000744764967235
224	0.000373099044273
223	0.000372850350885
220	0.00373124164203
88	0.000372996395977
724	0.00223600878949
723	0.000741798913904
720	0.00223898155091
721	0.00336678858031
605	0.00335160576365
150	0.00037329401126
153	0.000372465467608
152	0.000745975618221
601	0.000372881049904
154	0.000372881049904
157	0.00149320319962
602	0.00261820529155
159	0.000373124449943
609	0.000372915742444
634	0.000372362747943
48	0.00148610220534
46	0.000373515639956
950	0.00149204603132
953	0.00149244857436
45	0.00074844454242
42	0.000372881049904
954	0.000746275212773
40	0.0041037282077
41	0.000741798913904
5	0.00372228703662
489	0.000372881049904
488	0.00037306267621
486	0.000373279562541
485	0.000374484799393
484	0.00149426217537
482	0.000745149493037
480	0.000372593474995
472	0.00374040916071
470	0.0026075186456
471	0.00111983941603
476	0.000372915742444
477	0.000372881049904
474	0.000372881049904
478	0.000374008154244
