344	0.00377803091553
0	0.00282755578842
347	0.00107016341032
343	0.0
812	0.000850437180204
718	0.0153457083786
716	0.00191138780889
713	0.00229560240628
712	0.00247841936384
710	0.00470111831555
915	0.0190210765247
295	0.00094361951153
290	0.00192303996334
291	0.0038574634359
591	0.000905370298694
590	0.0005460161451
592	0.00472493742978
595	0.00204737626839
594	0.000946837883055
596	0.00237507149939
599	0.00187189306767
197	0.00189863481024
190	0.000936550734629
193	0.00391576678154
272	0.00324630982659
274	0.000936550734629
275	0.00284936536039
277	0.0005460161451
278	0.00288155058619
526	0.00189767650891
522	0.00192146962052
443	0.00601316974545
440	0.000935634139549
447	0.000969450626099
103	0.00468293845883
101	0.000939152203133
106	0.0
107	0.00389148325319
104	0.00296291769643
900	0.00221941756401
38	0.00173355883295
904	0.000959885640186
31	0.00569631931272
909	0.000943859237492
34	0.000940667487776
641	0.00280483792759
643	0.000947983134935
644	0.000936702125271
647	0.00190232725369
648	0.000983734679744
435	0.0046839779637
432	0.00271995438402
433	0.000933050001521
338	0.00186440778419
335	0.00179996471678
334	0.00289922454003
337	0.0
333	0.00188656804749
332	0.00175859016861
855	0.00752810589493
857	0.00475433116821
851	0.000900083577501
852	0.000962094021278
858	0.000799755608385
6	0.0037687631163
98	0.00387629987636
90	0.00502336019571
92	0.00285385212089
95	0.000933050001521
740	0.0
742	0.00589521138679
743	0.00575700468058
558	0.00233365100038
746	0.00724723255921
557	0.000982300623476
553	0.00198119876722
552	0.0
239	0.000952883215719
236	0.0028076844184
230	0.0005460161451
231	0.0037284926691
232	0.00292327814257
147	0.00773140432608
618	0.000735900259853
142	0.00285385212089
141	0.00171240177644
617	0.00191222770175
614	0.0
1004	0.00285947322656
948	0.000969450626099
947	0.00320730233685
942	0.000946837883055
940	0.000962094021278
685	0.00379084485402
684	0.00192432603617
687	0.0028951457271
686	0.0005460161451
680	0.00190259913306
137	0.000945031432892
136	0.00380180819558
135	0.0132561039488
134	0.00152695627626
139	0.00185603019491
497	0.000945814623726
493	0.00189642990912
24	0.00189812464658
25	0.000753637323073
27	0.0005460161451
28	0.00279905307226
29	0.00275135629359
407	0.00190252665164
401	0.00487391580554
933	0.00159210404943
936	0.00283555463783
409	0.00094361951153
408	0.00284430081293
379	0.00120422684974
378	0.00186774966587
371	0.00190893190433
372	0.0
377	0.00383789235154
704	0.00192304056949
706	0.000963885056116
700	0.00265472311781
702	0.00187936729373
703	0.000946837883055
176	0.0131265882633
82	0.000946837883055
181	0.0
86	0.00100448347056
796	0.000942665168456
795	0.00150550673261
790	0.00426438983891
586	0.016465114469
585	0.000982300623476
582	0.000933050001521
581	0.00566436654928
588	0.00187019263953
245	0.00280188417626
249	0.00376595800191
248	0.00095603534724
924	0.000936702125271
511	0.000933050001521
512	0.00171756517244
514	0.00466640820863
1001	0.00378200205263
516	0.0
458	0.00236842414957
450	0.0115101214582
629	0.0161173494395
628	0.000946837883055
454	0.00745294574288
199	0.000936702125271
175	0.00283945131708
173	0.000936702125271
171	0.0005460161451
170	0.00282740369046
977	0.00472958650099
976	0.00094361951153
972	0.0005460161451
971	0.0028541769553
978	0.0
656	0.000939793806756
654	0.000965229498664
2	0.00265392630786
187	0.00602993822096
650	0.0
188	0.00160780155387
189	0.00383695444008
658	0.00094844677418
659	0.000968675158018
184	0.0018789507281
11	0.000938749170059
868	0.000982300623476
15	0.000951425314284
14	0.0037705079039
17	0.00190232725369
16	0.0
862	0.00189650272725
865	0.00192490344809
882	0.000962094021278
881	0.0
880	0.00187076291565
886	0.0
569	0.0216979728484
322	0.0
320	0.000959370976615
324	0.000962094021278
329	0.000937142638007
774	0.00107389010292
777	0.0
776	0.000962094021278
771	0.00190857347765
773	0.000934585343825
772	0.00194482861074
209	0.000934807422029
208	0.000935634139549
779	0.0028303813876
77	0.00196945739677
75	0.00387452511547
74	0.00289175396302
78	0.00094361951153
663	0.0
662	0.00633629813007
692	0.00565964463719
693	0.00195072662357
696	0.000960221471119
697	0.00658201292955
695	0.00115899834689
698	0.00559461852258
699	0.000975382780422
542	0.00287588113382
543	0.00190232725369
540	0.0065205227483
541	0.00290272564692
544	0.000962094021278
995	0.000937142638007
994	0.00280505486303
991	0.00190350515172
990	0.00190232725369
120	0.000969450626099
126	0.00197297917643
127	0.00385088055237
414	0.00094844677418
415	0.00265387989022
416	0.00491242327125
410	0.0
920	0.00189864475591
921	0.000936702125271
923	0.00938698256529
418	0.000945814623726
925	0.00187448366346
926	0.0005460161451
499	0.00148350855372
319	0.000753637323073
318	0.00165057150091
311	0.00471566268744
310	0.00190506747518
316	0.0180645380221
832	0.00281108354488
830	0.000980308150631
836	0.000937142638007
835	0.000962094021278
838	0.000951626502273
364	0.000933050001521
362	0.00380740355623
360	0.00189767650891
361	0.000933050001521
952	0.00285365327571
380	0.00125056166865
381	0.000968471784123
383	0.0
388	0.000920413345824
780	0.000932132816785
782	0.00284008893024
783	0.00192803892548
788	0.0
789	0.000933050001521
572	0.00236322519663
577	0.0005460161451
61	0.00192146962052
62	0.000959164228143
66	0.0
67	0.00281775790479
68	0.00187019263953
250	0.0
251	0.000933050001521
157	0.00286690973432
731	0.00192751712249
732	0.000963568202121
737	0.000946477355003
506	0.0121792830189
738	0.00289310323394
502	0.00278502506874
500	0.00190616451992
630	0.0045047267476
631	0.00094844677418
633	0.00386652544286
469	0.00408044686628
638	0.00184475536508
927	0.000784918720408
168	0.00784917046194
165	0.0112379442496
166	0.00192235175183
167	0.00183987738426
160	0.002879421336
161	0.000969450626099
966	0.000524147265223
963	0.00187396034924
935	0.00180847539337
934	0.0
879	0.0
872	0.000933050001521
873	0.00280463985788
870	0.000946837883055
891	0.00375853451412
898	0.000916443946073
809	0.000933050001521
802	0.00237507149939
216	0.00152672107629
214	0.0326864951572
769	0.000937142638007
763	0.00100710711204
761	0.0
767	0.00094361951153
764	0.00280188417626
765	0.000962094021278
4	0.000946837883055
280	0.00285218783082
285	0.0005460161451
670	0.00187904138479
260	0.00196603530322
267	0.000936713893817
264	0.000969450626099
268	0.00074203755585
58	0.000969450626099
56	0.00467617294835
53	0.00292039177943
537	0.0028076844184
531	0.00186765128705
530	0.00285033460221
538	0.00380953771513
200	0.00380441623969
980	0.000974091655174
987	0.0280109489992
984	0.000952226279756
117	0.00074203755585
111	0.00090367601549
207	0.00230260925598
429	0.0030933382
428	0.00666566419791
421	0.000743166640263
423	0.00657810603966
422	0.00190989934352
911	0.00095345084289
424	0.00224672284596
427	0.000934585343825
912	0.000985934463471
308	0.0005460161451
302	0.00190232725369
305	0.000989244496685
306	0.00580663996937
847	0.00188280020794
846	0.00190223537685
844	0.000962094021278
843	0.00383492260578
840	0.00186474153825
849	0.00282951703532
568	0.00477827947452
752	0.0
754	0.00192591781183
561	0.00285218783082
563	0.000964575182555
229	0.00193584458776
228	0.00188774998406
227	0.0
220	0.00289922454003
727	0.000963885056116
724	0.00380444636483
720	0.00475456877642
605	0.00188774998406
150	0.000973716858474
607	0.00576439390471
152	0.00100448347056
603	0.000963885056116
602	0.00194386798779
159	0.00673407677497
609	0.00288654172946
48	0.00531283106621
951	0.00481546143517
950	0.000932132816785
953	0.00190232725369
45	0.0
955	0.00561125446511
954	0.000812318198937
40	0.00121607315251
956	0.00153872091418
488	0.00120422684974
483	0.00193245123427
482	0.00467925718365
470	0.00377105720783
471	0.0
479	0.000969450626099
