344	0.0029101142679
0	0.000757947891992
347	0.00470668917228
343	0.0024330385948
810	0.000888016997801
812	0.00410027338162
813	0.00226749860657
349	0.00146639864161
817	0.000730884643912
719	0.000784037553048
718	0.00627572709962
716	0.000712643074011
712	0.00227682424503
710	0.00151436160468
915	0.00949715609514
916	0.000681105328588
299	0.0
294	0.00154234934663
292	0.000750070341531
293	0.00216335237793
290	0.00153511594209
591	0.00159488458285
590	0.00190108552067
199	0.000831509695222
198	0.000785733733171
599	0.00227061648073
196	0.000785733733171
191	0.000785733733171
193	0.00151736458594
273	0.000783552385524
275	0.00164120133458
277	0.000835599182789
278	0.00459081504372
526	0.000738969586184
522	0.0015286343556
443	0.0
444	0.000762259163902
101	0.000686600607963
107	0.00520898625172
104	0.00252029838471
902	0.00219037257619
39	0.00078534020343
904	0.000785282144078
32	0.0021915347465
31	0.00294295086658
35	0.00144528626768
644	0.00327173345319
647	0.000732024382507
439	0.000845993933716
648	0.00252783482181
435	0.00315161114495
433	0.0021706503533
338	0.00365231744489
335	0.00264773506
334	0.00707452821034
337	0.000811955965086
333	0.000757947891992
332	0.00720181594076
854	0.000762259163902
855	0.00144978753214
857	0.00291406905979
850	0.00307770043307
851	0.00512186198815
858	0.000758061914157
6	0.00151506024175
99	0.000756413712692
98	0.00231636905989
91	0.00373360482569
90	0.010716755216
92	0.00146096604116
95	0.00143329904105
742	0.00223221575964
743	0.00169429508437
744	0.000840005401077
558	0.00277150568596
746	0.00454210765294
749	0.00150784899414
551	0.00228246782362
550	0.001481620415
553	0.0
239	0.00157689842921
235	0.00156242070868
236	0.000869099735064
231	0.002186421628
232	0.00336178847687
233	0.00227683911489
147	0.00485061066487
618	0.00130405238474
142	0.000732024382507
143	0.000731842134527
610	0.000730052465663
617	0.00158679034374
148	0.000724262150369
149	0.00142961122661
1004	0.00163589288179
948	0.0169135812044
949	0.00167455361419
947	0.00162057186235
943	0.00126733707998
940	0.00157478059362
688	0.0
685	0.00227478163768
684	0.00260387077775
687	0.00387554831922
686	0.001660325639
680	0.00300776001169
682	0.00317746976076
133	0.0
137	0.000749767147594
136	0.00218248093422
135	0.00825989781202
134	0.00156583169898
139	0.0
491	0.000820235691901
493	0.00147194436851
24	0.00440015860388
25	0.000690390337083
29	0.00172965646901
405	0.000750070341531
402	0.000629582558397
401	0.00383426145772
400	0.000693101534912
933	0.000945861158494
409	0.00151506024175
379	0.00150937804046
378	0.000718837504896
371	0.000750070341531
373	0.000716764725495
374	0.0
377	0.00157780950816
704	0.00130850855272
706	0.000783552385524
707	0.00387616088741
700	0.00243958614612
702	0.00334651691283
703	0.000749767147594
392	0.00154013052412
391	0.00145768579934
390	0.0
397	0.0
396	0.0
82	0.000750070341531
181	0.000727605324274
86	0.0
84	0.0
795	0.00142714402328
790	0.00662595766752
799	0.00227418021569
586	0.0101507251945
587	0.000749744341679
582	0.000735569901841
581	0.00375309995483
589	0.000767391631916
245	0.0014490237725
246	0.000686600607963
249	0.00237930675956
248	0.000739631966864
924	0.00237155757062
518	0.00151915575011
513	0.000769812973461
512	0.000732994456376
1003	0.00155598579294
514	0.00432240411879
1001	0.00388643443882
516	0.00152703010754
458	0.000661473451402
622	0.0
624	0.00145235459924
450	0.00451950501903
629	0.0148039076942
628	0.000750070341531
454	0.00544886420312
178	0.0037470307624
595	0.00252075029848
175	0.0017039622889
173	0.000831509695222
171	0.00190108552067
170	0.00219957348106
977	0.00140543811286
517	0.00153616901307
975	0.0
974	0.00158272930666
971	0.00218248093422
978	0.00217358078476
656	0.00145992021209
654	0.00313350116035
2	0.00160893469081
184	0.00138530237638
185	0.000746000304921
658	0.00146999581362
650	0.00156505250156
868	0.00250019943726
13	0.0
15	0.00074182755794
14	0.00167123063171
17	0.00145884318529
862	0.00150659873993
867	0.000735658061724
866	0.000783552385524
881	0.00243362415611
880	0.0015710739366
885	0.000770985140411
569	0.000757947891992
888	0.00145931447428
929	0.0
323	0.0
321	0.00330000817614
324	0.000781279166351
329	0.00217535776185
201	0.000831509695222
774	0.000811955965086
776	0.0031023471365
773	0.000730052465663
772	0.0047158650822
77	0.00249419119826
75	0.00157352908035
74	0.0038585032494
71	0.000843234589616
70	0.0
78	0.00230437116196
668	0.000756410793708
664	0.000872866016094
663	0.00161130896906
662	0.00376853106699
692	0.00533858390961
693	0.000757947891992
696	0.00150683502325
697	0.00217046981992
543	0.00218248093422
540	0.00729651954868
541	0.000831509695222
546	0.00223272852007
8	0.000724640307006
995	0.000745529122964
994	0.000728967151883
996	0.00167592942829
991	0.00303371830672
990	0.00512358465322
120	0.00627996247525
122	0.00165671608019
124	0.000762259163902
125	0.0
126	0.000838654461275
127	0.00136809106567
414	0.00145294784471
415	0.00381876804241
416	0.00496213562297
920	0.00437567636657
921	0.000831509695222
923	0.0211853943589
418	0.000841122442305
925	0.000728960179333
926	0.00328944449731
499	0.00424405974363
319	0.000661473451402
318	0.00278183892368
311	0.000728960179333
310	0.00161958263214
316	0.0249393628528
832	0.0021188802193
833	0.00525400085972
837	0.00238237435147
838	0.000728941658657
369	0.00235489945204
367	0.00078534020343
364	0.000735569901841
365	0.000894582579746
360	0.000738969586184
381	0.00340943010184
383	0.00307535242608
387	0.000711423448936
388	0.0
784	0.0
780	0.00142884266167
782	0.00589619802586
783	0.00323876865131
788	0.0
789	0.000721656202341
151	0.00078534020343
572	0.0007563986776
577	0.00163489042779
576	0.000831509695222
575	0.00185821673592
61	0.00669854473542
62	0.00307392208016
65	0.00154218835408
67	0.00437548277807
69	0.000812706039424
251	0.000714553754338
256	0.000844895621408
257	0.00159041778462
731	0.00371440866317
732	0.000894582579746
506	0.0140889066791
738	0.00239237316558
502	0.00298587822569
503	0.00065069713382
500	0.00468961097393
630	0.00293785985516
631	0.000738969586184
633	0.00308055767291
469	0.00142818817443
465	0.000822151629824
464	0.00258391608657
900	0.00300500725365
168	0.00674640109309
169	0.00168138163229
165	0.00599626390461
166	0.002433706267
167	0.00570881754199
160	0.0015458461789
161	0.000806876592721
965	0.000752521566532
966	0.00272527491853
962	0.000732024382507
963	0.00072763333368
935	0.00227592299318
878	0.0
879	0.0
874	0.00436358533336
875	0.00078534020343
873	0.00216829238641
870	0.000750070341531
890	0.00543631946069
891	0.00219545202772
895	0.00227108920798
899	0.000869099735064
646	0.00385114642532
356	0.00757821896768
351	0.0036470806546
800	0.000768099722484
806	0.000732024382507
359	0.000748650847934
216	0.00330058329621
214	0.00998441546989
955	0.0029088831471
761	0.0
767	0.00152610426089
764	0.0044208140705
765	0.00338450298345
957	0.000711423448936
289	0.00170437571132
288	0.00512141552095
4	0.000750070341531
280	0.00439286469524
284	0.0022382934303
674	0.00153616901307
676	0.0
671	0.0
260	0.000806876592721
267	0.000768553837215
264	0.0
58	0.000806876592721
56	0.00149686418023
53	0.00157689842921
52	0.00752389302957
535	0.00534013006955
534	0.0
532	0.00172965646901
531	0.00144964406709
530	0.00735854738543
538	0.000757947891992
988	0.00146490551815
200	0.00727099479449
980	0.00330882428153
987	0.00364805060206
984	0.0
114	0.00167055053739
112	0.00384471555531
119	0.000822151629824
118	0.00355528280986
207	0.00646816485043
429	0.00308175468175
428	0.00364477543858
918	0.0
421	0.0
423	0.00206801045224
422	0.0022382934303
425	0.00579976727392
424	0.00215325775549
427	0.000725562488289
912	0.00661082187101
302	0.000732024382507
306	0.0
846	0.00293021572872
844	0.0
843	0.000785282144078
840	0.0109562781572
849	0.000728960179333
823	0.00075575826395
752	0.000785733733171
750	0.000738969586184
561	0.000738969586184
759	0.00164685431423
758	0.000661473451402
565	0.00322850602285
229	0.0
228	0.000757947891992
226	0.000735569901841
224	0.000732024382507
223	0.000785282144078
220	0.000764973979155
724	0.00160551598255
722	0.000762259163902
723	0.000641955925156
720	0.00227488569359
721	0.00507812720307
605	0.0159247173943
607	0.0015739939971
152	0.0
157	0.002498269418
602	0.00254347004383
159	0.00078534020343
609	0.00711529400691
976	0.000757947891992
634	0.0
48	0.00136691658239
951	0.00626317296985
950	0.0021356676901
953	0.000732024382507
952	0.00508817249514
42	0.0
954	0.00142818817443
40	0.0060557148643
956	0.00465304953563
638	0.0
5	0.00350411777679
486	0.00217825855546
485	0.00153791269595
484	0.0036722373497
472	0.0100480821663
470	0.000757947891992
476	0.00078534020343
474	0.0
479	0.00162057186235
