344	0.00088010736349
0	0.000886239817655
347	0.0
343	0.00187507464471
810	0.0008951932178
812	0.000968311938323
349	0.00193411144843
817	0.00190164126088
719	0.000966354082019
718	0.00744175959869
716	0.00453952166234
715	0.000927969313824
713	0.000938094146661
711	0.00191865879319
710	0.000926258083453
915	0.00479248189557
424	0.00277073949152
299	0.000963275488955
294	0.00774288034323
912	0.00585592202031
291	0.00189097437427
591	0.00282041361356
593	0.000929276825919
592	0.000938094146661
199	0.000968774615035
599	0.0
191	0.000924076574377
190	0.000890141734626
193	0.00389716766555
192	0.000886690911765
272	0.000960280075002
274	0.00277582767866
278	0.0056636249639
443	0.00683265044491
445	0.000881781067969
102	0.000940734961786
103	0.00381135462753
101	0.0009491156969
107	0.00366345985254
104	0.00390848165474
105	0.00287231632449
900	0.000960280075002
38	0.00377738018995
904	0.00191583143464
32	0.000925457901691
31	0.00189868385651
30	0.00195438821322
35	0.000902575062636
643	0.00178508876345
644	0.0
647	0.000963801460923
439	0.000975233122782
648	0.00386052082905
435	0.000961135453068
433	0.000966354082019
338	0.000975028808017
335	0.0206449531599
334	0.0104200995092
333	0.000886239817655
332	0.002904919903
854	0.00383806693941
857	0.00766232026381
850	0.000970533416547
851	0.00280051602031
6	0.000886239817655
98	0.00938586139363
90	0.0135723943648
92	0.00193411144843
96	0.0
740	0.000943716745512
742	0.00478350923152
743	0.00685245072493
558	0.000902575062636
746	0.0254817220921
556	0.000975233122782
550	0.00190241224729
553	0.0008951932178
239	0.00188234784585
236	0.00360897404677
230	0.000975028808017
231	0.000959235653914
232	0.00392469089452
233	0.000946350449537
992	0.000943860510508
147	0.00278686107213
142	0.000963801460923
143	0.000943601378298
141	0.00192923651545
617	0.00191865879319
614	0.00178430014234
149	0.000905968027523
948	0.000961135453068
949	0.000975233122782
946	0.00295422108591
947	0.00287600797805
942	0.000966993341038
688	0.0017994705177
685	0.000897445079959
684	0.000943405246876
687	0.00381901124661
680	0.00271135803538
682	0.00192679918076
133	0.00195788650072
136	0.00192333481879
135	0.0125619463748
134	0.00188657659672
495	0.000956107725565
497	0.00187771801987
491	0.0
493	0.0017843561306
24	0.00187024657233
29	0.0008951932178
939	0.00094385012163
404	0.000934295250907
401	0.000941411736574
933	0.0
936	0.00389135774203
935	0.00377692947747
379	0.00190567036326
371	0.000966993341038
373	0.00266836049812
372	0.00280659017669
374	0.00193199929431
823	0.000956477709717
707	0.00188765678436
700	0.00386609979858
702	0.00194574619478
393	0.000914300746166
392	0.0019404062813
391	0.00264933847512
82	0.000966993341038
181	0.000924416352026
86	0.000977194365187
795	0.000902575062636
791	0.00185333874204
790	0.0106752024128
586	0.00773411432688
581	0.00194080286575
245	0.000959235653914
246	0.00190341826579
243	0.00190685629209
249	0.00355602457641
248	0.00189262447158
924	0.0029066989567
510	0.00191633145707
1004	0.00184557127566
1003	0.000949562637696
514	0.000950378057862
1001	0.00677768545213
516	0.000971338223236
458	0.0
624	0.000964681998188
450	0.00767851526462
629	0.000881781067969
628	0.00193720442399
454	0.0189900556335
178	0.00185443476791
595	0.00188289216715
175	0.00371494029662
173	0.000978716396817
170	0.000966993341038
977	0.00760213977675
517	0.000977507659824
971	0.000963801460923
978	0.00272283877771
656	0.00179108872958
657	0.00390894154999
2	0.00580577264931
187	0.00192159198709
650	0.00384462951129
188	0.00193821931992
659	0.000964661932261
10	0.000978716396817
13	0.00183343917326
15	0.00181325895637
14	0.00485015124284
16	0.000966354082019
865	0.000949562637696
866	0.00183524485344
883	0.00478702898546
881	0.000974627242293
880	0.00097646680171
886	0.000960142227066
885	0.00194275355692
322	0.00472111000528
329	0.0
775	0.000943405246876
774	0.000959131941937
777	0.000966354082019
776	0.00189044237961
773	0.000938186744621
772	0.00561890723276
209	0.00195788650072
208	0.0008951932178
77	0.00292618395484
76	0.000966354082019
75	0.00283245253493
74	0.00194532781762
70	0.000970533416547
78	0.0
668	0.00188726575738
664	0.0017789636161
663	0.00279672500722
662	0.000977194365187
660	0.000957638465257
692	0.00378644151728
693	0.00279051828916
696	0.000959994786137
697	0.000964681998188
695	0.00192159198709
698	0.00575726643792
542	0.00285959274371
543	0.000963801460923
540	0.00675180919508
541	0.00194507047884
546	0.00376647791084
547	0.000911035592053
994	0.00287444132708
997	0.000970533416547
996	0.00580688394465
990	0.00283637370775
868	0.00292724714269
120	0.00555125724951
122	0.00290600424358
126	0.00680700186896
415	0.00187068856249
416	0.00289351875772
410	0.0183449059267
413	0.00378823886546
920	0.000943405246876
923	0.00950000435114
418	0.00481021091957
926	0.00095729365439
313	0.00291214501326
310	0.00095305596811
316	0.0182887256931
832	0.00192536632823
830	0.000959994786137
837	0.00193133897654
834	0.000943405246876
838	0.00096862489783
369	0.0
360	0.000949562637696
381	0.00178508876345
383	0.000905058195317
388	0.00384361638631
780	0.000950378057862
782	0.00484808506656
783	0.00289252541137
788	0.000943716745512
573	0.00194238198501
572	0.0019080120259
607	0.0
575	0.000975233122782
574	0.000977507659824
61	0.00478499209224
62	0.0
67	0.00617676083716
250	0.00191998548707
251	0.00290724893527
256	0.00389197005558
731	0.00365476328226
730	0.00195461428894
737	0.0008951932178
736	0.000970533416547
506	0.00486679795073
502	0.00279002077823
500	0.00768596826431
630	0.00269771730228
633	0.000914300746166
469	0.00179882299182
468	0.0008951932178
638	0.00192657473902
464	0.00181158259093
466	0.000967153946207
168	0.0126645402577
169	0.000934295250907
164	0.00385086131577
165	0.000963801460923
166	0.00194759812474
167	0.00269405979546
160	0.000959533357863
966	0.000986234996655
963	0.00088010736349
969	0.000966354082019
908	0.00196130297055
909	0.000949562637696
873	0.00191629484545
870	0.00193752675759
890	0.000957960459955
891	0.00094848245006
899	0.000904277299903
356	0.019526543919
808	0.0008951932178
353	0.00266122999203
802	0.00289887657347
214	0.00569876431551
211	0.000969389813968
762	0.00191665263864
955	0.000964681998188
764	0.00191684626565
765	0.00979094591346
956	0.0
288	0.00530430115546
4	0.000966993341038
280	0.00368558649601
284	0.000901888061548
670	0.0008951932178
263	0.0
260	0.0038957418569
267	0.000976604820378
266	0.000975233122782
268	0.000938094146661
56	0.000970361436704
537	0.00179523570547
535	0.00286933662789
534	0.00379153135318
532	0.0054377623362
531	0.000949650770953
530	0.00379361198082
201	0.0008951932178
988	0.00273676068752
200	0.000963801460923
980	0.00367161063135
987	0.000964681998188
984	0.00193615641118
985	0.0008951932178
117	0.000938094146661
111	0.0009801647108
112	0.00390096902612
118	0.0008951932178
207	0.00903965192571
429	0.00470873428866
428	0.0037844712479
421	0.000923009609127
420	0.0
423	0.00664334704383
422	0.00271268625593
425	0.00393005307231
910	0.000941276794224
426	0.000949562637696
309	0.00094385012163
301	0.00097067514897
302	0.000963801460923
304	0.000973809524714
306	0.00482042520204
846	0.0017569942288
840	0.000959235653914
849	0.0009491156969
568	0.00382298404762
752	0.00182913476969
561	0.00263793759268
509	0.00385593383914
739	0.0018815919915
229	0.00094703713273
225	0.000968311938323
223	0.000943405246876
220	0.000943601378298
724	0.000905968027523
723	0.0
720	0.00362887939681
721	0.00783743163971
153	0.00481739993681
152	0.000977194365187
157	0.00284805152828
602	0.00391579086547
159	0.00474416123951
609	0.00376975174228
976	0.00096862489783
634	0.000961463745424
48	0.0
950	0.000950378057862
953	0.000963801460923
952	0.000963801460923
42	0.00190824246779
957	0.000966654996716
41	0.0
5	0.0008951932178
485	0.0
482	0.00290794312589
472	0.00391236251683
471	0.00285399313519
479	0.00289682236928
