344	0.00310847487695
0	0.000727837554888
346	0.0007798519459
343	0.00232708495499
811	0.00137273715122
812	0.00223337700942
813	0.00351213846181
349	0.00233587555095
817	0.000508375779963
718	0.0110573602971
716	0.00374269576136
715	0.00185189704272
712	0.00224607335472
710	0.00146106258761
915	0.0163417358916
299	0.00156247598136
294	0.00876962428645
293	0.00219081701365
290	0.000735286094575
591	0.00147782351633
590	0.00153123238843
595	0.00820552934426
198	0.000756868874821
597	0.000735071102552
195	0.000745836756007
598	0.00080880633761
196	0.000756868874821
191	0.00218349101179
190	0.000772865395713
193	0.00380910578616
270	0.00137364901422
272	0.00302906670429
273	0.000775460222059
275	0.00150357699896
278	0.00147779022289
521	0.00240977003133
522	0.000779619636183
599	0.000727837554888
443	0.00379013320671
106	0.00153299675276
107	0.00154851628036
104	0.00318996243446
105	0.0
902	0.000741212756966
900	0.000754327492308
38	0.00236552065537
907	0.000739804398091
905	0.000740406842254
32	0.00298050856377
31	0.00233074771733
30	0.0032281200274
35	0.000508375779963
641	0.00160324164283
640	0.000772865395713
643	0.00217444648947
644	0.00221207031182
647	0.00233136079472
439	0.00321229017527
649	0.000774295968829
648	0.00160701961185
435	0.00621674196208
433	0.00164498615109
338	0.00319231035977
335	0.00217124884845
334	0.00149800882309
337	0.00077559514653
336	0.000590776642015
333	0.00217863713439
332	0.0029222564012
855	0.0015846418403
857	0.00389567021967
850	0.000801094870922
851	0.00179979230289
6	0.00145295759365
99	0.000733225032717
98	0.000755828511815
90	0.0111859477179
92	0.00233587555095
95	0.000789663460041
740	0.00229923530242
742	0.00224180173911
559	0.00157019702263
558	0.00127575358029
746	0.00179003329618
748	0.000593756894515
749	0.00291327264818
556	0.000802590748952
551	0.000778332013588
552	0.000508375779963
239	0.00236514897176
235	0.000735127068198
236	0.00139293985911
231	0.0039318453959
232	0.00233875476591
233	0.00240454214161
147	0.00238016856327
142	0.00233611859932
141	0.00100737361147
610	0.000741212756966
617	0.00230966135636
614	0.000508375779963
1004	0.0028980480401
948	0.00862569974231
949	0.00481792813567
946	0.00403400178829
947	0.000750039810915
942	0.00079960893771
943	0.000769492493812
688	0.000729462394477
685	0.00145149922356
684	0.00864107632009
687	0.00447781328614
686	0.0
680	0.000660111179982
682	0.000764037846519
133	0.00320806199583
132	0.000762547250263
136	0.00309675196786
139	0.0022967540939
24	0.00193395390538
25	0.00130329261202
939	0.00235419069226
404	0.000745836756007
402	0.000774315336881
401	0.00377961879549
936	0.000762547250263
409	0.000727837554888
379	0.000750039810915
373	0.00077742826187
374	0.0
377	0.00147139977141
376	0.000769492493812
704	0.000662236536203
706	0.00157525550667
707	0.000759861099715
700	0.00223454280527
702	0.000727706415743
703	0.000756868874821
88	0.00151625627889
390	0.000790014860587
83	0.000785032902593
399	0.000775732491932
796	0.000824447075571
795	0.000508375779963
790	0.00595474401353
799	0.00155514382768
586	0.0118118750791
587	0.000773902504985
584	0.000670361590795
580	0.0
581	0.00239327521904
245	0.00875608359617
249	0.00218472425628
248	0.00151536952402
924	0.00147392998467
518	0.00232913174916
511	0.000779619636183
510	0.000775741604075
513	0.000762547250263
512	0.000508375779963
514	0.00149407204805
1001	0.00219286555456
1000	0.00446550762003
458	0.00398278988874
622	0.00391776623335
951	0.00154987989271
624	0.00395846070925
450	0.00149102234021
628	0.000733225032717
454	0.00225588723206
178	0.0124755464137
199	0.00221091257147
173	0.00153841645485
170	0.000797692581002
977	0.00290590080693
517	0.00306606935335
974	0.00397731920045
971	0.00155688822886
978	0.00974504527326
656	0.000772865395713
657	0.000733225032717
654	0.00229222452477
2	0.00297753402528
187	0.00377136713298
188	0.00100737361147
189	0.00445147000652
868	0.000794909447737
15	0.00132697018215
14	0.0014570667551
17	0.00311598764062
16	0.00146978438106
863	0.0
862	0.000727837554888
866	0.00305006363601
883	0.00370203279221
885	0.00714538908705
569	0.000727837554888
888	0.00155795555453
929	0.000733225032717
322	0.00152377530082
323	0.00386211214988
320	0.00350560164283
321	0.00132216904003
327	0.000623910834548
324	0.000769492493812
329	0.00239514230403
201	0.00138463113131
200	0.00389437901954
776	0.00151136713171
771	0.00158612777352
207	0.000986830359663
772	0.0208499447737
208	0.000699672355589
779	0.000735071102552
77	0.00240736162711
75	0.00377740498058
74	0.00476522167368
72	0.00228746244802
71	0.000745836756007
70	0.0076936334539
78	0.000727837554888
669	0.000772865395713
668	0.00179003329618
663	0.00155126467313
662	0.00302530714985
692	0.000742504128311
693	0.00146106258761
696	0.00231277761144
697	0.00548496017065
699	0.000802590748952
542	0.00379325908726
543	0.00232092607538
540	0.00636783832207
541	0.000737321583929
547	0.00110539664545
8	0.000623910834548
994	0.00245005843947
997	0.000777555954815
996	0.00146574514005
991	0.00150920028346
990	0.00155688822886
120	0.00908105520541
122	0.00222493294626
125	0.0015598247259
126	0.00476474296277
127	0.00225809653286
414	0.00188023042467
415	0.0170833905119
416	0.00160577225915
410	0.000741561910532
411	0.000699672355589
920	0.000772865395713
923	0.00514995668852
418	0.0014581117273
925	0.000785032902593
926	0.00179384346301
499	0.00198735390055
319	0.00196462758328
318	0.00205901004863
313	0.00322638002116
310	0.00303392935978
316	0.020227064066
832	0.00153203974408
833	0.00068452886021
835	0.000803587226861
838	0.000779479775577
369	0.00610226157325
367	0.00233188317754
365	0.000763110852814
381	0.000684958775718
383	0.0
387	0.000805945223295
388	0.000733225032717
784	0.00236554265476
780	0.000745530023716
782	0.000730177104334
783	0.00221560817052
788	0.00309655884181
789	0.00309350287445
151	0.0036791726938
573	0.00395727036312
577	0.000590776642015
575	0.000807129648323
60	0.000750039810915
61	0.00149106259682
62	0.00225539510287
65	0.00151893064927
66	0.0024027654453
67	0.00154841497852
253	0.00148711415304
250	0.000730177104334
256	0.000799010670669
731	0.00269343243415
730	0.00643269655217
506	0.00663896075131
738	0.00147326739534
502	0.0021998434358
503	0.00126595739997
500	0.000778119545731
630	0.000967000367455
633	0.0022790188357
469	0.000508375779963
465	0.000744078926699
460	0.000744159450463
168	0.00640951850745
169	0.000745836756007
164	0.000744159450463
165	0.0046417679981
166	0.00238339774862
167	0.000986830359663
163	0.0
966	0.00241520059009
962	0.000698822308087
963	0.000774390094233
969	0.00145895974529
935	0.00269093709301
909	0.0
878	0.000733225032717
879	0.000766490975384
874	0.00478333714836
873	0.00396703817044
870	0.000755504694777
890	0.00210229108385
891	0.00192199811054
895	0.00311201575522
899	0.000774947199456
646	0.00147808177954
356	0.00790323697918
351	0.000778335918352
803	0.00159019585423
802	0.00150616149767
800	0.000751739123663
807	0.000748959277749
806	0.00155756628881
216	0.00127575358029
214	0.00449505846192
952	0.0031157382355
762	0.00152204634242
955	0.000803548778184
767	0.00145295759365
764	0.00159660450267
765	0.00239867799009
957	0.000508375779963
956	0.00130239104707
281	0.00222266728711
280	0.00370852786985
284	0.000670361590795
679	0.000662236536203
676	0.00239445302345
670	0.00292139799266
260	0.000799540782988
267	0.00158689754898
266	0.00401643264515
264	0.00155980012252
56	0.000818559653499
50	0.000785609753792
53	0.00451987891003
52	0.00396634531496
537	0.000694890941877
535	0.000742504128311
534	0.00930654989497
532	0.000718124785294
530	0.00064234297585
538	0.000727837554888
988	0.000508375779963
980	0.000741029748694
987	0.000772865395713
984	0.00477818418926
113	0.00149029525153
119	0.00148831265143
118	0.00143913418618
429	0.000755828511815
428	0.0062342280836
919	0.0015092968919
918	0.00129525135271
421	0.00116412008011
423	0.00220598500636
425	0.00957363613731
424	0.000508375779963
912	0.0128119708035
309	0.00233494707567
301	0.000508375779963
302	0.00155688822886
306	0.00225150020587
844	0.00200673591883
843	0.00367920950708
841	0.0
840	0.00241045506271
849	0.000799759391868
823	0.000778332013588
568	0.00600025665657
752	0.00228694404736
751	0.0016054909581
754	0.00147487550064
759	0.000799010670669
758	0.0019088999337
565	0.00200907077981
739	0.000741212756966
229	0.00328840689521
228	0.000727837554888
224	0.00155688822886
223	0.000742504128311
220	0.00152837009049
724	0.00441492918879
722	0.00075887091024
723	0.0019087683968
720	0.0
721	0.00240953166101
605	0.0153048104844
150	0.00280076123177
153	0.00072573471257
601	0.000769492493812
157	0.00227495890019
602	0.00320243766757
976	0.000727837554888
634	0.00233856726876
48	0.00644108860984
46	0.00152087834619
950	0.0015027851724
953	0.00235798309979
45	0.00159775333799
42	0.00232260389083
954	0.000508375779963
40	0.00526292482562
41	0.00253836853641
638	0.00223256749462
484	0.000967000367455
483	0.000746065253561
472	0.00320243322407
470	0.00150174005987
471	0.00138347171251
474	0.000775741604075
