344	0.00286488772892
0	0.00980017492792
347	0.0
341	0.000572952957992
343	0.000547966809147
810	0.000549650897528
812	0.000548891429828
814	0.000568007381207
817	0.000581644755658
719	0.00218825413525
718	0.00442907910178
716	0.000547018812537
713	0.00227259587589
711	0.000553357080189
710	0.0016295272389
915	0.018886769027
916	0.000554346730218
299	0.000363342452737
294	0.00228346702774
295	0.00108725263188
292	0.000541570151441
293	0.000557150630247
290	0.00112551054704
291	0.00284223221087
591	0.00168041854375
590	0.0
592	0.00340849548653
595	0.000547018812537
596	0.00169502636651
599	0.00163696442552
194	0.000561800261501
197	0.000555906310486
196	0.00282309272259
191	0.00113400989144
190	0.00170458528167
193	0.00283216091234
270	0.000547583029405
272	0.00113018875421
274	0.00114863632593
275	0.00163834269965
277	0.00169911817032
278	0.00112657567592
526	0.000550503569964
522	0.00111822182349
528	0.000566484146956
443	0.00169532642837
447	0.000568283950977
445	0.000575069750829
444	0.00171911655623
103	0.00324416996891
101	0.000545045723156
106	0.000568062923015
107	0.00275028057995
104	0.00113651127057
105	0.00107988110335
39	0.000564090206999
901	0.000578053384675
904	0.000547018812537
32	0.00110746314446
31	0.00229775344156
30	0.00285046257556
35	0.00058013004945
641	0.00106560534876
643	0.0011095391364
645	0.000581644755658
644	0.0016396631977
647	0.0028689898816
646	0.00284310527199
648	0.00343560008592
435	0.000573231567851
432	0.000544614770134
433	0.00272606545267
335	0.00109437073437
334	0.00448440417429
337	0.00110985410242
333	0.00218063509457
332	0.00114151551883
745	0.00109355322215
855	0.00267297994797
857	0.00228042840843
850	0.00166815685111
851	0.00285960910701
819	0.0
858	0.00112425958803
6	0.00163427144442
98	0.0045446612572
91	0.00111582364841
90	0.00797434374252
92	0.00114773299417
97	0.000519601849554
96	0.000352410475194
740	0.00113425583353
742	0.00792105531321
743	0.00113161887177
559	0.00146710145799
558	0.00172657371101
746	0.000535427781151
557	0.00114334663682
551	0.000568883956933
550	0.000568007381207
552	0.00115429967705
239	0.00167464046102
235	0.000564090206999
236	0.00328796761361
230	0.000565075844446
231	0.00216692062837
232	0.00343419920992
233	0.00271255891543
1	0.00038580471854
147	0.00169590523181
618	0.00113923565188
142	0.00172469783919
143	0.00115555457707
141	0.00229768576995
612	0.00113192758915
613	0.000547424301572
617	0.00336098122327
614	0.00229710037258
149	0.000553357080189
949	0.00114410028347
947	0.0
945	0.000547583029405
942	0.000541570151441
940	0.00111835056904
688	0.000548958560506
685	0.00224942595521
684	0.00797769286908
687	0.00337590081517
686	0.00225121628463
680	0.00164066383507
683	0.00113834761887
682	0.0021994362434
459	0.000571550585259
133	0.00171549998586
137	0.000533540765565
136	0.00172274830677
135	0.00596595470647
134	0.00284140553099
139	0.000568553674695
497	0.000526330683343
493	0.00228876615336
24	0.00288837074536
25	0.000572051375439
29	0.00163358615342
404	0.0
401	0.00398523775141
933	0.0
936	0.00106935220796
409	0.00108725263188
828	0.00164055335312
371	0.000541570151441
372	0.0
374	0.000539057889397
377	0.00386191211541
704	0.00169905186865
707	0.00282614128718
700	0.00336152766572
702	0.002185984842
703	0.00051313373017
392	0.00173174321663
397	0.00114333550884
176	0.00804698647779
82	0.0010822648056
181	0.000552144051072
86	0.00113029637785
87	0.000576716076743
84	0.00104059118765
796	0.000546189005971
795	0.00232513710106
790	0.00109883776782
798	0.000560944605949
607	0.0106685824483
586	0.014765448467
587	0.00111422779027
585	0.000580977572456
582	0.000531754733911
581	0.00268990817145
588	0.000535427781151
245	0.00214027949136
246	0.000545045723156
241	0.00348347158422
243	0.00110928149771
249	0.00163427144442
248	0.000562009734829
924	0.00109516584026
510	0.00106966534035
513	0.00170494896211
1004	0.00164068795368
514	0.000539940854434
1001	0.0027610482192
516	0.000547583029405
458	0.00743045219249
622	0.00159150026949
951	0.00336984847526
450	0.00626147815697
629	0.0097942821284
628	0.00162894525753
454	0.00680201695611
178	0.00275114594562
199	0.000547583029405
175	0.00273090009996
174	0.00038580471854
173	0.00164265156546
171	0.0
170	0.001088671775
977	0.00437398935133
517	0.00628101530111
975	0.000572228645874
971	0.00114773299417
979	0.000547583029405
978	0.00517078553493
657	0.000547583029405
654	0.00219883549301
2	0.00385661461534
186	0.00229209657721
184	0.00113273067494
185	0.00108380521538
652	0.000547018812537
188	0.00287653698958
189	0.00930914250984
658	0.00115368092176
659	0.00113050052037
650	0.0033083659829
868	0.00342471439123
13	0.000547583029405
12	0.000547101623561
15	0.00164041130252
14	0.00109516584026
17	0.00114773299417
16	0.0010936927864
863	0.000546029585976
862	0.00108725263188
866	0.00109636473589
883	0.00165268455549
881	0.00109219779954
880	0.00112959155782
887	0.0
886	0.0
885	0.000570992647932
752	0.000566403245733
322	0.00106409341532
320	0.000549650897528
327	0.00110747126828
329	0.00106259274701
201	0.000547018812537
200	0.00344567616586
777	0.000547582810853
776	0.00571182015678
771	0.00154537933949
207	0.00347507337447
772	0.00338614330654
209	0.00228543670587
208	0.00109366914114
779	0.000566699441553
77	0.00228827021273
75	0.00224558892494
74	0.00170969300364
73	0.00114598848069
72	0.00163951409001
78	0.0016339969722
663	0.00164994272959
662	0.0028241650816
692	0.00272708247106
693	0.00980017492792
696	0.00331506188028
697	0.0026241813242
695	0.00113685985562
698	0.00320445927885
542	0.00450846327374
543	0.00114773299417
540	0.00584586774413
541	0.00382640845294
546	0.00112841352624
547	0.00289967996871
995	0.000535427781151
994	0.00109308136715
996	0.00163913244362
991	0.00385818606402
990	0.00345412564452
120	0.00452906224889
122	0.00111823041841
125	0.000777698759589
126	0.00284273342895
127	0.00277295285518
415	0.00227668915698
416	0.0062703774678
410	0.0120567775967
413	0.0
920	0.00171880530981
921	0.0010941472591
923	0.0129692290609
418	0.00109202574651
925	0.00210888141581
499	0.0022591796121
319	0.00114268750181
318	0.00114348212164
313	0.00342594876387
311	0.00211423471742
316	0.0120552179747
832	0.00162833670392
833	0.00162957013732
836	0.000535427781151
837	0.0021880702788
838	0.00226845308281
369	0.00228722922972
365	0.000547018812537
362	0.00283448682486
360	0.0011563559277
952	0.00229429889203
381	0.00223928998491
383	0.00278771468882
388	0.00216486881135
787	0.000570106760091
780	0.00107083033502
782	0.00229067607429
783	0.00275907506506
788	0.00113565805555
789	0.00112271536091
573	0.000568283950977
577	0.00112848204395
576	0.000547583029405
575	0.000572916757027
61	0.00612592607479
62	0.00169717665105
64	0.0005216985312
65	0.000560580795794
66	0.0
67	0.00345200806148
68	0.000535427781151
253	0.000567301433523
250	0.0
251	0.000547582810853
256	0.00458036057437
257	0.000568602696294
731	0.00218956073272
730	0.00114245932202
732	0.00110810602841
737	0.00163834269965
506	0.00384563848058
738	0.0191817258603
502	0.00275638549422
500	0.00283822411255
630	0.00230472792953
633	0.00282426540238
469	0.00115528757707
638	0.00221052689146
927	0.00170059621356
900	0.00112594437789
462	0.0106755022132
168	0.011425513393
169	0.0
164	0.000539940854434
165	0.00572875258164
166	0.00227840082523
167	0.00228251895436
160	0.00403128417381
966	0.0
963	0.00114067483708
969	0.00109377181682
935	0.0
908	0.00451829641039
879	0.000530889480589
875	0.00113078964855
873	0.00107385368763
870	0.00108184363397
890	0.00166918004582
891	0.00402036577617
437	0.000547583029405
356	0.014255042978
808	0.000543670669058
353	0.000568666721903
803	0.000578129497018
802	0.00113443417868
216	0.00172145397251
214	0.00677221640767
769	0.0011015206605
762	0.000565000773409
761	0.000547583029405
767	0.0016295272389
764	0.0015988584574
765	0.00628283375336
957	0.00115693851524
956	0.00114523658334
4	0.00051313373017
281	0.000568283950977
280	0.00173517362249
283	0.000570106760091
284	0.000547424301572
674	0.000577905202099
676	0.000916692369642
670	0.0011218979737
671	0.00513029922362
672	0.0011285918717
260	0.00457441934979
267	0.00516162287061
266	0.00228827021273
268	0.00568251368732
56	0.00111768957094
53	0.00112916605144
52	0.00114245932202
535	0.00114558967238
534	0.00313408250282
532	0.00109392323826
531	0.000541363085783
530	0.00915114662551
538	0.00108725263188
775	0.00109374825384
988	0.00115139746763
774	0.0
980	0.00165048811289
987	0.00487924878975
984	0.000568283950977
114	0.000547018812537
117	0.000568602696294
111	0.00171148918329
112	0.00173112755849
119	0.000560330780473
118	0.00165357952941
773	0.00158328001638
429	0.0028389364322
428	0.00228535472828
918	0.00113819233463
421	0.00116308818756
420	0.000712066326775
423	0.00381955466709
422	0.00383616888616
424	0.002898593073
427	0.000528265239308
912	0.00571076481937
301	0.000580977572456
302	0.00114773299417
305	0.00114334663682
306	0.00169256090657
846	0.000576108895996
844	0.00111303011448
843	0.000554346730218
840	0.000532928206832
849	0.00273840314766
823	0.000573405544495
569	0.000561645729783
754	0.000553357080189
561	0.000576108895996
758	0.00400877007064
565	0.0010973535349
739	0.00115630700277
229	0.00168450168827
228	0.00163481046518
227	0.0
223	0.00164428503446
220	0.00167106150284
724	0.00334326490169
723	0.00171917368859
720	0.0049290389315
729	0.00110570780554
605	0.00219278743621
150	0.000560187902136
153	0.000547582810853
157	0.00398049479282
602	0.00228373526208
159	0.0106568142598
609	0.00226489017487
976	0.00108725263188
83	0.000523273643027
634	0.000363342452737
48	0.00228081008085
46	0.000777698759589
950	0.00108954650251
953	0.00172469783919
45	0.0
955	0.00317766220931
40	0.0016936862524
41	0.00172025689169
485	0.00170116438466
483	0.000556763079142
482	0.001083010592
472	0.0022886076469
470	0.00163427144442
471	0.00109825937768
476	0.000564090206999
478	0.00114733939348
