344	0.00347726840017
0	0.00165371592589
347	0.00137389942724
343	0.00121112171144
810	0.00168727583051
811	0.000815493128673
812	0.000758652954793
813	0.0039736917735
814	0.000532319572817
349	0.0035591693788
817	0.00139404873992
719	0.00353309813811
718	0.00418574819107
715	0.0
713	0.000765885012702
712	0.00204317810282
710	0.00148504598485
915	0.00911437771806
295	0.000803618002656
293	0.00299579904936
290	0.000773546775324
591	0.00276780750404
595	0.00360262081364
599	0.000803618002656
197	0.00165563016142
196	0.001264713192
190	0.00338663618273
193	0.0
270	0.00175433454122
272	0.00201810459323
273	0.000613979646947
274	0.000675288083721
275	0.0
277	0.00198817462821
278	0.00154209004223
526	0.000706374238385
527	0.0013619231328
522	0.00134038532887
523	0.000660594855785
443	0.00206705801304
441	0.0
440	0.0
445	0.000706374238385
109	0.000624675084762
102	0.00085009792323
103	0.0
101	0.000840684903027
107	0.00413478712627
104	0.00277123723708
105	0.00173072877828
900	0.00201134096931
38	0.0
906	0.000589365274938
907	0.0
32	0.00169010556705
31	0.00208492314589
30	0.00132110420244
35	0.00139404873992
641	0.0014274965246
644	0.00264247751801
647	0.00140050768486
439	0.00211726978347
649	0.00112355129489
437	0.00175433454122
435	0.00114141140773
432	0.000714267071734
433	0.00148385510062
339	0.000803618002656
338	0.00358910292149
335	0.000902138335088
334	0.00773674567139
337	0.0
333	0.00243373079536
744	0.00135861682867
854	0.000571601584014
855	0.00213862908565
857	0.0041954236814
850	0.0033591118762
851	0.0118730805534
858	0.000846697805264
6	0.000803618002656
99	0.000803618002656
98	0.00763830059238
91	0.000732204725171
90	0.0024988974489
92	0.000700136655572
95	0.000714267071734
96	0.000344547133445
740	0.000318411937943
742	0.00554509521216
743	0.00191275220917
559	0.00118466566636
745	0.00175433454122
746	0.00735296406956
749	0.00150674112146
551	0.00137974603898
550	0.00197513894114
552	0.000694705257533
239	0.000670986727382
231	0.00784361227402
232	0.00269031188088
233	0.00357125338528
147	0.000688724967067
142	0.00279490958511
143	0.0
610	0.000706374238385
611	0.000888142976792
617	0.00162505137852
614	0.00139404873992
149	0.00146375060654
951	0.00364608188266
948	0.00406237147972
946	0.00268528017275
947	0.000665093126104
945	0.00175433454122
942	0.000690942810661
943	0.00100623755503
514	0.00123039981103
685	0.00236663118419
684	0.00124963924386
687	0.00137509038109
680	0.00146809679729
682	0.00175433454122
132	0.000617261337615
136	0.00140050768486
135	0.00484373469237
134	0.00303499962337
139	0.00061786637526
490	0.000706159337493
493	0.000706374238385
24	0.00348550965567
28	0.00142704253632
29	0.00260635465348
407	0.0
402	0.00305610862038
401	0.00218194884494
400	0.00133124375295
933	0.000685510353891
936	0.00130329613736
409	0.000803618002656
378	0.00123039981103
828	0.00175433454122
373	0.00206120416746
372	0.00146176453265
374	0.0008707626177
823	0.000575988224931
704	0.00118696190179
705	0.0016882685132
707	0.00455479439037
700	0.00069840910115
701	0.0
702	0.00175433454122
703	0.00140231684729
391	0.00415652092848
390	0.00131869597466
397	0.0
394	0.000647789299349
82	0.00129058010828
181	0.000675288083721
86	0.000688178572992
796	0.000714267071734
795	0.00348144256111
790	0.00303144624852
799	0.000896603778496
586	0.00282481191715
585	0.0020560653927
582	0.000714267071734
581	0.0020603798813
245	0.00992304332405
246	0.000840684903027
241	0.00139404873992
249	0.000803618002656
248	0.00139264216589
924	0.00175433454122
518	0.00464163547181
513	0.000575988224931
1004	0.00166593239031
1002	0.000613090915739
1001	0.00420449646218
516	0.0304865066745
626	0.000657819274468
624	0.00213089369277
450	0.00666895765916
451	0.000696405204839
629	0.0162614367117
454	0.00223513678996
178	0.0248013204112
199	0.00175433454122
175	0.0
173	0.00175433454122
171	0.00073133011991
170	0.00351058598982
977	0.00123039981103
976	0.00151518725536
975	0.0
971	0.00209921017519
979	0.00175433454122
978	0.00207583774626
656	0.000675288083721
657	0.00261312833663
654	0.00260103234648
2	0.000712775464586
187	0.000665093126104
650	0.00175433454122
185	0.000715867535437
188	0.00139404873992
189	0.00227968725264
658	0.00277659048729
659	0.000657819274468
184	0.0
869	0.0
868	0.00203400418384
13	0.00175433454122
15	0.00141536874326
14	0.00353309813811
17	0.00140050768486
861	0.0
863	0.00461932428829
862	0.000803618002656
865	0.000688724967067
866	0.0
881	0.00175433454122
880	0.00156561462558
887	0.000715569626936
569	0.000803618002656
888	0.00211285470116
929	0.0016151554833
322	0.000318411937943
321	0.000732785954469
327	0.00422055835483
324	0.00124202892389
329	0.0028475024372
201	0.0
200	0.00209492553404
776	0.000647789299349
771	0.00130011356042
207	0.00487825157504
772	0.00144956942124
77	0.000672211015328
75	0.0027700242786
74	0.000706157693731
73	0.0
71	0.000720585336754
70	0.00189438387122
78	0.00161824386636
669	0.0
668	0.00198995064955
664	0.000831748030879
663	0.00124963924386
662	0.000688178572992
692	0.00211903589772
693	0.00164153142161
696	0.00212051599367
697	0.00289887154274
695	0.000665093126104
698	0.000714267071734
542	0.0012274984243
543	0.00139905998824
540	0.00641447955467
541	0.00175433454122
546	0.0027009526817
547	0.00214433605594
544	0.0
8	0.0
994	0.00142653170151
997	0.000688724967067
996	0.00260868734743
991	0.00252667240792
990	0.00420459736225
993	0.000657819274468
120	0.00584848170927
122	0.0
125	0.0
126	0.00179801746126
414	0.000702738698466
415	0.00572261313388
416	0.00342557062801
410	0.000888142976792
921	0.00512635539055
923	0.00723412407778
418	0.00254874492782
925	0.00215076367161
926	0.0
499	0.00146461116028
319	0.00122894557558
318	0.000589365274938
313	0.000624675084762
311	0.00143912595136
310	0.0
316	0.0161207276402
314	0.0016151554833
832	0.00742285128841
833	0.00140461705312
837	0.00175433454122
835	0.000713939371533
838	0.00140370620682
369	0.000562067697397
367	0.000694705257533
362	0.00138655635432
360	0.000706374238385
361	0.000714267071734
381	0.00167982073683
383	0.00357732838162
387	0.00141321316202
784	0.00538066286216
780	0.00307259034968
782	0.00274944477304
783	0.00264247751801
788	0.000960436372684
789	0.0014274965246
151	0.0
573	0.00141232535028
572	0.000665093126104
571	0.0123500186132
576	0.00175433454122
61	0.0027688471197
62	0.00352587720796
65	0.00965607435311
66	0.000545743614755
67	0.00486180529974
68	0.000714267071734
253	0.0
250	0.000999950237943
251	0.000714267071734
256	0.00122034287774
157	0.00276450256722
731	0.00272762416349
733	0.0
506	0.00251535680061
738	0.0288444490528
505	0.0
502	0.00372715959554
500	0.00107352195898
630	0.00344403891269
631	0.000706374238385
633	0.00149077828493
469	0.0118532698324
638	0.000618790538676
168	0.00618985605562
169	0.00145014514423
164	0.00100623755503
165	0.00420830575966
166	0.000634753612271
167	0.00208977653327
160	0.0041732347315
161	0.000647789299349
963	0.00138221730375
969	0.000691192631105
935	0.00330115184049
909	0.000696104321648
878	0.00151901460323
879	0.000970851159773
874	0.00498469027783
872	0.000714267071734
873	0.00213816942175
870	0.00129060178913
890	0.00184956278869
891	0.00422093811092
895	0.000896603778496
896	0.0
897	0.000848072705955
646	0.00291917900031
648	0.00136343648386
356	0.0033134790189
809	0.000714267071734
353	0.00136678631828
351	0.000700136655572
802	0.000665093126104
800	0.00115523182734
807	0.0
359	0.000803618002656
804	0.000875599608407
214	0.00950160874272
769	0.000657819274468
762	0.00143143966069
955	0.000714267071734
761	0.00175433454122
767	0.00243185727581
764	0.00284692927706
765	0.00397686444131
957	0.00139404873992
956	0.00142497353569
289	0.000849411116306
288	0.00348224529346
280	0.00140107949592
676	0.0
670	0.00171404884196
671	0.0
260	0.00135861682867
266	0.000672211015328
264	0.00213719723917
268	0.00151257528459
55	0.000720585336754
56	0.0014274965246
50	0.000390459371343
53	0.00149894733323
537	0.0
535	0.00113332987714
534	0.00313778165485
532	0.00175433454122
531	0.00138088052847
530	0.0040943532914
538	0.00240451707528
987	0.022155870129
114	0.0
117	0.000765885012702
111	0.000647789299349
113	0.00116333936827
118	0.000746587565389
773	0.000695358805999
429	0.00222772791571
428	0.00210053417484
421	0.0027853832217
420	0.00104843178238
423	0.000617261337615
422	0.000680646485924
425	0.00606412216485
424	0.00418092030588
912	0.00876276947662
309	0.00185885990066
300	0.000670986727382
301	0.00208497703732
302	0.000700136655572
304	0.0
305	0.000669359935573
306	0.00201503185878
846	0.00278833476108
844	0.00141873373596
843	0.0
841	0.000666613456733
840	0.00427045000319
849	0.00230471654161
568	0.000665093126104
752	0.000575988224931
750	0.00140247856003
561	0.000706374238385
758	0.0
229	0.00274866804881
228	0.000803618002656
226	0.00147752699335
224	0.000700136655572
220	0.00138045475468
88	0.00118696190179
724	0.0050145683753
723	0.0
720	0.00333509094151
721	0.00502245930857
605	0.00405964088735
150	0.000706374238385
607	0.004138469464
601	0.000625529808419
603	0.0
602	0.000624675084762
609	0.00219612605999
83	0.000657819274468
634	0.00137353266537
48	0.00121112171144
46	0.0
950	0.00123039981103
953	0.000700136655572
952	0.00209891678601
42	0.00113618183104
954	0.00208977653327
40	0.00207041775453
41	0.0
5	0.0017871044011
485	0.00287976285818
484	0.00278079978682
482	0.0014274965246
480	0.000714267071734
472	0.0013570553428
470	0.000803618002656
