344	0.00117537660731
0	0.00206384784945
347	0.00190595620506
341	0.000622446156161
343	0.00320848462481
812	0.000565958530403
817	0.000597745959063
719	0.00208197482603
718	0.00526032172547
716	0.000643460663284
713	0.000649633144641
712	0.0
711	0.000658419752064
710	0.00132921615185
915	0.00754934855584
910	0.000628069253407
299	0.00131041446366
295	0.000685755488568
292	0.00062493125363
293	0.000685755488568
290	0.00258479795331
291	0.0012930553231
591	0.00325293311772
592	0.00196990317967
595	0.00190403812932
596	0.00196047236105
599	0.00206601314287
197	0.000691899444526
191	0.00329293627694
193	0.00598785225849
192	0.00071599714411
270	0.00069154439554
272	0.00256903484502
277	0.000628069253407
278	0.00259106042074
526	0.00186970943678
522	0.000658060863454
523	0.000579670495071
528	0.0032832720272
443	0.00384527450701
444	0.00127527327583
102	0.001309591943
103	0.00256652926948
101	0.00128447288096
106	0.0039247446989
107	0.00461403991045
104	0.00174467011537
105	0.000649542778059
900	0.00192077882424
38	0.00125007512986
907	0.000621387017468
904	0.00067587484936
32	0.00317596323401
31	0.00117976313924
30	0.000627459512659
35	0.000597745959063
641	0.000689963753381
643	0.000644596363496
644	0.00478754482014
647	0.00186807134792
646	0.00191219382693
648	0.00112622074323
435	0.00188176198674
432	0.0
334	0.00452277219684
337	0.000646706679251
333	0.00137904847368
332	0.000506739027935
745	0.000691899444526
854	0.00127527327583
818	0.000657381530865
857	0.00125262086123
850	0.0193161539224
851	0.00431807508057
853	0.00193198006842
6	0.00137904847368
98	0.00584315745007
91	0.00249428641189
90	0.0121402358182
92	0.000576065406315
95	0.000663422550006
96	0.000641851534696
740	0.00321759556265
741	0.000623047095475
742	0.00387514459705
743	0.00187442661425
558	0.00414560471839
746	0.00319078123891
551	0.00191225899008
550	0.00127864627038
553	0.00197844655752
552	0.00180704863146
239	0.002570698848
236	0.00198780270701
230	0.000666301637294
231	0.00463951241201
233	0.000637828063683
1	0.00130858950798
147	0.000643057807491
618	0.000501155162601
143	0.00125764017026
141	0.000597745959063
612	0.00199485166212
617	0.00129127264097
614	0.00123575419851
149	0.00190720471361
1004	0.00264503341523
947	0.00129338747797
942	0.0018707192614
514	0.00128266309172
517	0.000644215451573
685	0.00451195167752
684	0.00230877063562
687	0.00324515880803
686	0.00190900970728
680	0.00376862853667
682	0.00207395938108
133	0.000560707311825
131	0.00138344384007
136	0.00125283768752
135	0.00688484224701
134	0.00131226390841
139	0.000657836812613
138	0.000685675134401
491	0.000657678782654
493	0.00309252524771
24	0.00310497723161
25	0.00308082385659
29	0.00135849644829
407	0.000658419752064
405	0.000622330923752
402	0.0
401	0.00385928361244
933	0.000634825106426
936	0.00187672545758
409	0.000685755488568
453	0.000634151824991
828	0.00065421824976
371	0.00124998126228
377	0.00254108542227
822	0.0
709	0.000590740736982
704	0.00416485976168
707	0.00127689529614
700	0.00194177924134
144	0.000623047095475
702	0.00207395938108
392	0.000632453994871
394	0.000628069253407
82	0.0018848303361
399	0.000641078146435
86	0.00192327484962
796	0.00069154439554
795	0.00180593192654
791	0.00253403895781
790	0.00227165727478
607	0.00517186749517
586	0.00629751902408
587	0.00124516999583
585	0.0023741571151
582	0.00066842210729
580	0.0012557690521
581	0.00252022487546
245	0.00268871482726
246	0.00256516032336
249	0.00206850997244
248	0.00127863557348
924	0.00550839130694
519	0.000694166458434
510	0.00264902045389
513	0.00127527327583
512	0.000597745959063
1002	0.000501155162601
1001	0.00606587887217
516	0.00206433246756
458	0.00372321029149
624	0.000688331580072
450	0.00255976268759
629	0.0093720431868
628	0.00124998126228
454	0.0052340934354
456	0.000625050008652
199	0.0034392957292
175	0.00194841826805
173	0.0034392957292
170	0.0012885713624
977	0.00584629740312
976	0.000685755488568
971	0.0025001468048
978	0.0113890735176
656	0.00184595503399
657	0.00138344384007
654	0.00138277546584
2	0.00307750245231
187	0.00581342294253
650	0.00207691831752
185	0.00380737989656
188	0.00121742255485
189	0.00200381870384
658	0.000623955450236
659	0.00130933036829
184	0.0012708427829
11	0.000645107342805
13	0.00138344384007
12	0.00187032338024
15	0.00188037768007
14	0.0186173409314
17	0.000625399712164
16	0.00134838769456
863	0.000663521353749
862	0.00207562240823
866	0.000643460663284
883	0.0013041906147
881	0.00138344384007
880	0.00264664893301
887	0.000662720317898
885	0.00125750845259
752	0.000659306592794
322	0.00711615850987
323	0.000646706679251
321	0.00154015576059
327	0.00140789658864
329	0.000669020443702
201	0.00132014484506
200	0.00250136187954
758	0.000519328795451
770	0.000638024147751
207	0.00404740121373
772	0.00193971846181
209	0.00064853098224
208	0.00132513265706
779	0.000643460663284
75	0.00392360041946
74	0.00125621108469
78	0.000685755488568
669	0.000623047095475
663	0.00253808460641
662	0.00385422502674
660	0.000683897710848
692	0.00192658311194
693	0.0034388103566
690	0.0
696	0.00191133453956
697	0.00264715677661
695	0.00129974876432
698	0.00402698586247
542	0.00382315879152
543	0.000624098883978
540	0.00467633153662
541	0.00275213323536
546	0.00319137670865
547	0.00121742255485
544	0.00561892448784
8	0.000623047095475
548	0.00193337251723
994	0.00133774436361
996	0.00274499382383
991	0.000685755488568
990	0.00177613289344
122	0.00067587484936
124	0.0012744454802
126	0.00180092292365
127	0.00323075607232
414	0.000625498809795
415	0.00265443072724
416	0.00503799266401
410	0.000623740414165
920	0.00123541485629
921	0.00207341178256
922	0.000662720317898
923	0.00838563069887
418	0.00129912225071
925	0.00133084115094
499	0.00104372566337
319	0.002019482079
318	0.00102049457938
313	0.000622898103554
311	0.00133084115094
310	0.00128261659461
316	0.00190512742552
832	0.00128266309172
833	0.000644215451573
497	0.000649612847464
837	0.00138344384007
838	0.000644596363496
368	0.00192578920178
369	0.00127527327583
364	0.00135099175716
362	0.00130713840976
360	0.00124363204602
380	0.0
381	0.00142583673996
383	0.00463416952688
388	0.00198159798759
787	0.00129158878973
780	0.00193979660537
782	0.00129572632131
783	0.00404654040013
788	0.00194427095781
789	0.000693292985114
151	0.00258591046656
573	0.000627948408554
572	0.00193372178851
571	0.0113167281557
576	0.00208197482603
61	0.00390385764862
62	0.0108371444194
64	0.000646878492528
65	0.000649183822905
66	0.0
67	0.00233520288917
253	0.00193965320175
250	0.00127527327583
251	0.000669342689509
256	0.0018833585905
254	0.00064683995168
731	0.00438536871371
732	0.00136591714536
735	0.0
509	0.0012943963997
506	0.00618771598656
738	0.00411884959405
502	0.00405742489465
500	0.00249351569435
630	0.00374119991953
631	0.00124363204602
633	0.00130120602151
469	0.00298289736651
468	0.0
638	0.00129891339797
927	0.0108493720843
462	0.00901911445637
168	0.000591827744568
164	0.00515119866917
165	0.00416626252925
166	0.0012571956653
167	0.00119263680147
160	0.00250651447388
161	0.001913716811
966	0.00190856349095
963	0.00058181219542
969	0.000649612847464
935	0.00188999620107
909	0.000657147288057
879	0.00320775854967
873	0.000672275318958
870	0.00250038143944
890	0.000662462897703
891	0.00501026388576
356	0.00188136191872
809	0.00137594530491
808	0.000680895303166
353	0.000625498809795
802	0.00129270957083
359	0.00064853098224
216	0.00153468275341
214	0.00707455766182
952	0.00124852419202
762	0.00127863557348
955	0.00534015343186
761	0.00339665011017
767	0.00137656449989
764	0.00201902895792
765	0.0011403778069
957	0.000597745959063
4	0.00124998126228
281	0.000646129751244
280	0.00931055112409
285	0.000628069253407
284	0.0006272621515
678	0.000636751852609
679	0.000516579762842
674	0.000632453994871
670	0.00258824052474
672	0.000506739027935
267	0.0031641999717
264	0.000654882377545
268	0.000649633144641
56	0.00133408779152
53	0.00265534492975
52	0.000565958530403
535	0.00127527327583
534	0.00460155084416
531	0.00265048578042
530	0.00501458501953
538	0.00205685801825
988	0.000597745959063
774	0.000646629172347
987	0.00267321174881
984	0.00193473873255
117	0.000649633144641
776	0.000628069253407
113	0.00127527327583
119	0.000614807051829
773	0.00066842210729
429	0.00194793770065
428	0.00251577528816
918	0.00104501071277
421	0.0018112185287
420	0.00128477017756
423	0.00772368221174
422	0.00251351932861
424	0.00355549904079
427	0.0033344687608
912	0.00064853098224
309	0.000654341395121
855	0.00129164833642
301	0.00183459442528
302	0.000628184063803
304	0.000625050008652
305	0.000623490889562
306	0.00326985691102
847	0.000588073030506
846	0.00124336996119
844	0.00102049457938
843	0.00592118497513
840	0.000672275318958
849	0.0
823	0.00127527327583
568	0.00194356784797
569	0.0170964870362
754	0.000658060863454
561	0.00248177593648
759	0.00188482848397
563	0.000623047095475
565	0.00155952198849
566	0.00129338680303
739	0.00124861029112
229	0.000654354184224
228	0.0020701918007
227	0.0
226	0.000689461498757
223	0.00257564542629
220	0.000654366069826
724	0.00266944273919
722	0.00127527327583
720	0.00939072113619
605	0.00344506277431
153	0.000649612847464
152	0.0012814710059
157	0.00510964639225
602	0.000624477722045
159	0.0123190620268
158	0.00139242201138
609	0.00134678182207
634	0.0
48	0.00154213472053
951	0.00477523329948
950	0.00321034439236
45	0.0
42	0.00125755483209
954	0.000597745959063
40	0.00840913300762
956	0.000514792002154
5	0.00262819022382
485	0.00127527327583
482	0.00202604791555
472	0.00124764024785
470	0.0076015184499
479	0.00067587484936
