344	0.000820522052039
0	0.000807553218109
347	0.00170097044168
341	0.000412148255732
343	0.00163778766865
810	0.000402512836785
812	0.00329823761506
813	0.00293350711559
814	0.000419202343147
349	0.00204901831002
817	0.000407946197688
719	0.00117940854154
718	0.0102073696401
716	0.00244271495697
713	0.000824993854453
712	0.00124112183017
710	0.00202752264163
915	0.00618224274547
299	0.0
294	0.00253035452811
293	0.00122647569916
290	0.00164861268159
591	0.00287289335176
199	0.00157456825533
599	0.000403944575882
197	0.000392149187034
196	0.000826922377532
191	0.00166130882737
190	0.00496204224994
193	0.000416203960186
192	0.000399120121339
270	0.00157359247176
272	0.000822329658236
273	0.000409739925468
274	0.00164878554477
275	0.000405283510774
278	0.000412002625451
526	0.00123732945734
527	0.000819583865767
520	0.000400238320039
521	0.000847300624551
522	0.000817050577399
523	0.000414754989534
528	0.00370465066165
448	0.000394274818197
443	0.00165786914086
441	0.000416487518128
440	0.00079794532608
445	0.00123083644955
444	0.0
109	0.000428809401656
103	0.000811527608222
106	0.00723441208858
107	0.0104765222129
104	0.000422863629094
105	0.000414754989534
902	0.000819539476445
900	0.000826765811215
901	0.0012374596269
906	0.000401423417701
32	0.00284653708558
31	0.00164067303793
30	0.00126807920788
35	0.00163352866484
641	0.000407399145547
643	0.00121290435142
644	0.0129955735093
438	0.000414525594082
439	0.00127282903287
649	0.00122620647981
437	0.000787259354503
435	0.00379331713248
433	0.00243185104052
338	0.00204161846432
335	0.00201598659365
334	0.0057576284713
337	0.00128523152522
333	0.00121169165923
332	0.0025304267361
744	0.00211974733035
745	0.00157139041325
854	0.0
818	0.0020718301897
857	0.00205901652202
850	0.0106112220911
851	0.00491317723794
819	0.000816646927158
6	0.00120271293191
99	0.00202829995537
98	0.00247007223944
91	0.000414309062975
90	0.00252343413377
92	0.00164488713005
95	0.000815312488054
740	0.000423754361905
742	0.00208233586526
743	0.000422863629094
559	0.0
558	0.000433843048786
746	0.010764174997
554	0.000421123155454
551	0.000846423176859
550	0.00166394911845
553	0.000805298449067
552	0.000407946197688
239	0.000411109669253
236	0.000804064984346
231	0.00409442881792
232	0.00338547109527
233	0.00372587478676
147	0.00250057953785
618	0.000850369270377
142	0.00206948940987
143	0.000410471655886
141	0.00122994302188
610	0.000409295723908
611	0.000787764767168
617	0.00124073990846
614	0.00163699777698
149	0.000814698804731
951	0.00450872574641
1004	0.00162146417664
948	0.0101331702662
949	0.00127235497316
946	0.00125997409009
515	0.000414356018952
945	0.000787259354503
942	0.000418841405967
943	0.000401423417701
514	0.00281244349702
768	0.000410680435468
517	0.00296440613716
685	0.000403920848551
684	0.00806374733626
687	0.00248202109499
516	0.00157168618369
680	0.00240547403549
682	0.000787259354503
133	0.0012711209342
132	0.000401423417701
137	0.00082993267985
136	0.00288416866923
135	0.000411437646354
134	0.00124042390266
139	0.00120821120466
497	0.0
491	0.000806910251796
24	0.00287547550457
22	0.000410488741341
28	0.000407399145547
29	0.00199607842214
407	0.000405921266615
939	0.00041072535541
404	0.000816712335388
403	0.0012176363556
402	0.000401423417701
401	0.0020602598291
400	0.000834282055159
933	0.00169336998263
409	0.000403944575882
934	0.000816712335388
378	0.000401299680017
828	0.00157171564391
371	0.00124637434984
373	0.00164218039386
372	0.00244810755627
374	0.000828883340658
377	0.00163346773061
376	0.00043632110407
708	0.000408202186635
704	0.00171522565796
706	0.000409739925468
707	0.0016327584055
700	0.00369783510986
701	0.00041256881403
702	0.00198765017846
703	0.00165519452909
393	0.00080840277814
392	0.00127396665821
391	0.0028692312975
390	0.000414060963155
397	0.000828613950252
82	0.000411651080685
181	0.000413599013823
399	0.000803891058358
398	0.000827342128296
86	0.000829376993952
796	0.000407399145547
795	0.00122413899725
791	0.000811760474456
790	0.00545526602119
799	0.000423954772457
798	0.000414754989534
607	0.00123335430565
586	0.00843054637013
587	0.000402227998383
584	0.0011998167013
585	0.00123338322926
582	0.000814863310299
580	0.00040561586142
581	0.00251086721228
588	0.000411437646354
589	0.000412212319248
245	0.00246048123714
241	0.000809868803619
243	0.00122907843307
249	0.0016093989018
248	0.0012429249704
924	0.00196565169043
518	0.000836031920577
513	0.00083755363303
512	0.000407946197688
1003	0.000411711182947
1002	0.000414754989534
1001	0.00158070822155
1000	0.00432755030155
458	0.00169475649216
622	0.000401423417701
626	0.000414754989534
624	0.00121683922668
450	0.00330384086989
629	0.00452516780858
454	0.00329364204294
456	0.0
178	0.00447017300393
177	0.000420142008471
595	0.00245413361189
175	0.000807796347559
173	0.00157456825533
171	0.00127387437031
170	0.000407464164752
977	0.00487412661245
656	0.00165048157836
975	0.000414457955374
971	0.000411822420729
979	0.00117940854154
978	0.00857305375281
182	0.000422863629094
657	0.00117940854154
654	0.00158856642858
2	0.00287961134316
652	0.000402512836785
187	0.000413044725402
650	0.00157014277408
185	0.00331826376301
188	0.00163224628623
189	0.00244146655919
658	0.000809439780538
659	0.00082993267985
184	0.00203078065453
868	0.00126690586199
13	0.00117940854154
15	0.00199742102646
14	0.00434447311216
16	0.000408128171764
863	0.0149254789277
862	0.00202506344122
865	0.00041174160098
866	0.0016361641798
883	0.000408128171764
881	0.00157359247176
880	0.00124139316085
885	0.00168670137287
752	0.000413599013823
929	0.00161916066463
809	0.000814863310299
322	0.00122730156652
323	0.000401423417701
320	0.000402512836785
321	0.00169811273024
326	0.000805858735375
327	0.000787259354503
329	0.00163477533267
201	0.000402512836785
200	0.00205924026167
203	0.000414754989534
758	0.00129251173551
207	0.00449843895048
772	0.00614084337564
208	0.000402512836785
77	0.0021191111039
75	0.00246323140814
73	0.00130311700212
72	0.000409284932834
70	0.00246430690507
78	0.000403944575882
686	0.000391655458912
669	0.000815827190259
668	0.00124475153526
665	0.000414159043775
664	0.000402512836785
663	0.00164212316615
662	0.00165599556455
660	0.000824494915002
692	0.00537020230686
693	0.00242926645353
696	0.00205963977978
697	0.000822352144522
695	0.000413044725402
698	0.000407399145547
699	0.00127129070336
542	0.00588767070991
540	0.00369043108294
541	0.00235896361006
546	0.00124546429851
547	0.00163224628623
544	0.00205267059055
8	0.000410471655886
995	0.00370491375215
994	0.000812402611818
997	0.00288761874784
996	0.00158129567261
991	0.00121424163284
990	0.00245288748432
993	0.000414754989534
120	0.00947495243015
122	0.000408128171764
126	0.00337834207046
127	0.00122764801604
414	0.00164501963412
415	0.00207081410974
416	0.00295590780198
410	0.000814202827547
920	0.00288509214376
921	0.00237788572405
923	0.00574368991815
418	0.00160933141218
925	0.00163749324792
499	0.00254756491378
319	0.000433843048786
318	0.000425127231979
313	0.000847367383543
311	0.000816646742811
310	0.00161969456069
317	0.000414754989534
316	0.0057650098671
315	0.000821711651309
314	0.0016180069563
832	0.0036475342731
833	0.00124366835446
837	0.00157139041325
834	0.000413187477468
835	0.000414754989534
838	0.000836803431771
369	0.000854390882908
367	0.00452898262517
364	0.000408202186635
365	0.000408922405636
362	0.00122474193624
360	0.000823078277819
361	0.000407399145547
381	0.00199848025088
383	0.00165833437787
387	0.000409223541225
388	0.00123265341172
784	0.00165573207711
780	0.00120864436433
782	0.003774346565
783	0.00238508312645
788	0.000401423417701
789	0.00121186290702
573	0.000422128835075
572	0.000414057706702
570	0.00082993267985
577	0.000426065329328
576	0.00196589957414
575	0.0
61	0.00162844616769
62	0.0024984177915
152	0.000414754989534
65	0.00329274900864
68	0.000407399145547
69	0.000787231058741
250	0.0
251	0.000814863310299
256	0.00084729583448
157	0.00423071812687
731	0.00281040551835
730	0.000848372703873
732	0.000408128171764
735	0.000797244496542
509	0.000819261917761
506	0.00554253086685
738	0.014616403732
505	0.000429223268453
502	0.00448478157436
503	0.0021646682332
500	0.00335000082495
630	0.00245535979035
633	0.00206090913072
469	0.00530346549888
468	0.00122232593592
465	0.000412339003546
464	0.00121472806369
168	0.00804440970038
169	0.00122358592804
164	0.00080745895202
165	0.00164092565351
166	0.00381589312348
167	0.00163108406813
160	0.00164463335115
161	0.000414754989534
163	0.000421088155119
966	0.0
962	0.00083637746545
963	0.000414356018952
969	0.000408128171764
935	0.00207968464389
909	0.000823498766264
878	0.000404441107161
879	0.000780798355866
876	0.000411365265034
874	0.00286320544954
872	0.000407399145547
873	0.00204052022136
870	0.000422348737733
890	0.0053806279859
891	0.00699990287866
895	0.00126322220135
898	0.000402512836785
899	0.000803563666565
646	0.00124816308757
648	0.00169096282107
356	0.00888897522936
355	0.000424054679079
808	0.000801128240387
353	0.000823340661975
351	0.00041985345787
803	0.000422863629094
802	0.000413044725402
800	0.000416710966903
807	0.000829280583616
806	0.00124996912802
216	0.00126364048901
214	0.0124256775317
769	0.000414754989534
213	0.000414754989534
762	0.00168391650901
955	0.00204717400131
761	0.00117940854154
767	0.000403944575882
764	0.00204705455844
765	0.00465110733957
957	0.000816012580654
289	0.000401293245205
288	0.00286629528375
4	0.00083244682404
281	0.00163137113926
280	0.00493167791011
284	0.0011998167013
679	0.00127323212693
674	0.000851103029113
676	0.000440189051825
670	0.00081748359697
671	0.00206933731997
673	0.000414754989534
260	0.00127256578744
267	0.00420814325349
266	0.00169249698163
264	0.000818085530967
269	0.000407399145547
268	0.00330581843358
56	0.00122414824313
50	0.0
53	0.00248117365056
52	0.00169276492149
537	0.000804064984346
535	0.00297359743611
534	0.00287528102051
532	0.00118637947584
531	0.00123591420827
530	0.00370615466809
538	0.00120944034919
775	0.00330300217148
988	0.000407946197688
774	0.000414754989534
980	0.00202240184851
777	0.000408128171764
984	0.00211138671993
985	0.000402512836785
114	0.00203738248396
117	0.000413323363709
776	0.00165224286121
113	0.0
112	0.00340449590007
119	0.000412339003546
118	0.000402512836785
773	0.0
429	0.00164974983138
428	0.00575907413098
919	0.00174075444418
918	0.000425127231979
421	0.00163121275883
420	0.00038929064578
423	0.00325757729496
422	0.000398723262014
425	0.00296086937182
424	0.00163272365854
913	0.00128353444365
912	0.00802795005428
309	0.000402289752378
855	0.00206513156387
301	0.000815587002924
302	0.00041130287958
304	0.0
306	0.00290493859533
307	0.000414754989534
846	0.000409295723908
844	0.00253890203599
843	0.00122312490892
840	0.00652276649358
853	0.000414057706702
849	0.00202800243685
823	0.00168119560646
568	0.000413044725402
569	0.00122441974926
751	0.000844230964452
750	0.00204760016515
754	0.00122602073857
759	0.000847076246962
736	0.000826120254567
565	0.00128940864731
566	0.00123855739499
987	0.0118208647016
739	0.000819824856301
229	0.00165597455854
228	0.00161961016485
224	0.00123273887432
223	0.000414159043775
220	0.00164810765128
88	0.000401423417701
724	0.000813187985633
723	0.00260151122858
720	0.0041422336463
721	0.00168994212453
605	0.00808631190748
153	0.00576018801385
606	0.000414754989534
601	0.000877831118804
603	0.000401423417701
602	0.000847964529198
609	0.00370023590801
976	0.000813606119939
634	0.000401423417701
749	0.000414135028942
48	0.0021535405538
46	0.000401423417701
950	0.00120868398318
953	0.00041130287958
952	0.000823125300309
42	0.000828188676495
954	0.00204173950678
40	0.00124153437883
41	0.00260060515009
638	0.00121887957239
5	0.00159933872325
486	0.000412670815605
485	0.00166819952831
484	0.00163526416513
482	0.00122495594632
480	0.000407399145547
472	0.00635754365029
470	0.0052519537784
478	0.00083589292944
