344	0.00112268195283
0	0.0113074234089
347	0.00167817559178
343	0.00277702279794
810	0.00110394966514
812	0.000559091267088
813	0.00168037326371
814	0.000564582109191
349	0.00165544343191
817	0.00169801331304
719	0.00112061148644
718	0.00502869631213
716	0.000555972607489
715	0.000560726394759
713	0.00112354992712
712	0.0028076299593
711	0.000558865167492
710	0.00161371298038
915	0.00111855389237
294	0.00569200403681
295	0.00161371298038
293	0.000544557462361
290	0.00112182828101
291	0.00505143455211
591	0.00223616882394
593	0.000558865167492
592	0.00449353169088
199	0.00165111857649
198	0.00056185528115
597	0.000547336350279
195	0.000561367525095
197	0.0011183383155
196	0.00168100031939
191	0.00225465559782
190	0.00450815264329
193	0.0039418794981
270	0.000557798169959
271	0.000558755823071
272	0.00112719853459
273	0.000557218757854
274	0.00113030766233
275	0.00164722643828
277	0.000558755823071
278	0.00168024360812
526	0.0
522	0.00055026386895
523	0.00113925128031
599	0.00161371298038
528	0.0
443	0.00282244155576
442	0.000547556268928
440	0.00162139880916
447	0.00399627704468
445	0.00111993923408
102	0.0
103	0.0016102322667
101	0.0010829856891
107	0.00220536948441
105	0.000530293622557
900	0.00112063391431
38	0.00055540797365
907	0.000557218757854
32	0.00167691109914
31	0.00112143052177
30	0.00112796511248
35	0.00112387351499
641	0.000555296502897
643	0.000547556268928
644	0.00219132671484
439	0.00228296224228
648	0.00171033856512
435	0.00225831695197
432	0.000555296502897
433	0.00111043172144
339	0.00107631204561
338	0.000555296502897
335	0.00329138012599
334	0.008968862976
337	0.0
333	0.00325696420847
332	0.00226832899917
854	0.0028189275295
855	0.00168403037558
857	0.000560125495316
850	0.00613252397274
851	0.00335342664216
819	0.000558383124906
858	0.0
6	0.00270330292667
98	0.00224674312342
91	0.000559798069298
90	0.00736476280427
92	0.000560081174606
95	0.00111251526075
96	0.000210486659736
742	0.00672344392601
743	0.00282792679921
559	0.00047429911196
558	0.000881248902055
746	0.0184347390905
748	0.000560726394759
556	0.00114276856404
550	0.00224986246568
553	0.00109462058265
552	0.00111974292568
238	0.0
239	0.00222894059306
236	0.00107704684728
230	0.00111977769223
231	0.00335291191275
232	0.00171497175753
233	0.00167844568777
147	0.00385056470614
142	0.00222970661924
141	0.00168691547852
617	0.00168037568477
614	0.00112635916649
149	0.00166798719081
951	0.008914435996
1004	0.00106531621058
948	0.00735599056887
949	0.0022746130031
946	0.00513659360768
943	0.000275670005249
940	0.000560125495316
517	0.00169353125122
685	0.00165932963855
684	0.00165009196219
687	0.00449106821893
686	0.0
680	0.00281244999578
132	0.0
137	0.0
499	0.00105493082909
135	0.000558755823071
134	0.0022329171176
495	0.00056502433651
139	0.0
497	0.000517759941648
491	0.00106233646938
493	0.00112037798929
24	0.00110734252146
25	0.00147932827556
28	0.000555296502897
29	0.00219286809953
407	0.0
404	0.000559498059425
401	0.00392771825897
400	0.0
933	0.00111825837892
936	0.0
409	0.00161371298038
934	0.00167973075201
379	0.000564531331651
828	0.000557592987376
373	0.00112725635762
372	0.0027967386419
374	0.0
377	0.00275250055983
704	0.000365538800707
706	0.00111340866856
707	0.00561554117746
700	0.00223572653613
702	0.000547475006234
703	0.0011205106474
393	0.000534373290213
391	0.00112119036083
397	0.0
82	0.000564110314845
181	0.000563834998664
399	0.000555424360949
86	0.0011290637646
84	0.000555424360949
796	0.000547556268928
795	0.0022508874825
791	0.0
790	0.00340115985938
586	0.0112732646447
587	0.00111484992473
582	0.00165662054637
580	0.0
589	0.0
245	0.00502324741776
246	0.00218174901239
243	0.000558865167492
249	0.00216126924931
248	0.00390493598771
924	0.00330195471745
519	0.000537400934766
510	0.000110960344566
512	0.00168698809496
1003	0.0011230811501
514	0.000867978080184
1001	0.0032906902142
516	0.00391731154214
458	0.000743286963361
622	0.000567912329081
626	0.0011189929492
624	0.00167570992802
450	0.00280278764195
629	0.00504014004317
628	0.00112961960583
454	0.00336720764152
178	0.0129562282929
595	0.0039277142957
175	0.00272061796362
173	0.000547556268928
170	0.00281123247478
977	0.00466628527502
976	0.00271780194906
975	0.0
971	0.000560081174606
180	0.0
978	0.0118085826987
656	0.00168937793708
657	0.000535215473721
654	0.0016731537528
2	0.00112732789781
187	0.00112679357751
184	0.0
651	0.000557218757854
188	0.000562524167828
189	0.00660269108356
650	0.000552617416766
185	0.00225421201506
868	0.00455107626095
13	0.00111189933606
15	0.000562791240059
14	0.00164749567909
16	0.0
863	0.000560508418994
862	0.00270354308305
865	0.000558933114238
867	0.000557476329615
866	0.000547556268928
883	0.000558933114238
881	0.00221175190432
880	0.000561852976533
885	0.00570065436606
752	0.00170017031827
928	0.00111015681869
809	0.00112238452817
322	0.000560796537918
320	0.000534373290213
327	0.000535215473721
324	0.0011108214568
329	0.00223560826355
201	0.000547336350279
776	0.00223833939688
771	0.00394681725478
207	0.00281159547154
206	9.87576079221e-05
209	0.000570453342635
208	0.00108510869116
779	0.00161963477425
77	0.0017154729469
75	0.00448457822534
74	0.00512660947817
73	0.0
70	0.00335214116561
78	0.00161371298038
668	0.00168037326371
663	0.00278086962674
662	0.00112826044539
692	0.00446628371485
693	0.00161371298038
697	0.00168820420989
698	0.0038992705159
542	0.00336647021358
543	0.000560081174606
540	0.00502572115496
541	0.002214417854
546	0.0028141184672
547	0.000562524167828
994	0.00111405232597
997	0.00111497023985
996	0.00273458618338
991	0.00161371298038
990	0.000560081174606
120	0.0168473189651
125	0.000405490710283
126	0.00170506149197
127	0.00334528243379
414	0.000557514043333
415	0.00112101681058
416	0.00964188407188
410	0.00165845721653
920	0.00280685918481
921	0.00110672205418
922	0.0
923	0.00670816715847
418	0.00212364519155
925	0.00166764825812
926	0.00168162676892
319	0.000743286963361
313	0.00513391109956
311	0.00111188497594
310	0.00332680205261
317	0.0
316	0.00783893501581
832	0.000350218138537
833	0.000557592987376
837	0.000560542683152
834	0.000558755823071
838	0.00112028572591
369	0.00112952706939
362	0.00110475001778
361	0.000555296502897
381	0.00109574509123
383	0.00223754162224
388	0.000560508418994
784	0.000560508418994
780	0.000517759941648
782	0.00284318784681
783	0.00333981013117
788	0.000211431999824
789	0.00111043172144
573	0.00114210818485
570	0.00057153375729
577	0.00223928775562
575	0.000567685935291
61	0.00392451402715
62	0.00227210241329
65	0.000563499334188
66	0.0
67	0.00392879694319
68	0.00165272087862
251	0.000555296502897
256	0.00228246431574
257	0.00056082864559
254	0.000563597623203
731	0.00110862392987
730	0.00114004777825
732	0.000557634216235
737	0.0016314883794
506	0.0175341881122
738	0.00111696395522
505	0.0
502	0.00490694312875
500	0.00451320938414
501	0.000563952124658
630	0.0039098965472
633	0.00280329234334
469	0.00224701895649
638	0.00105650204875
462	0.0123088983141
901	0.000567088025277
168	0.0114142674487
169	0.000559498059425
164	0.000834000098057
165	0.00336718973293
166	0.00284504666585
167	0.00224309771546
160	0.0
161	0.00111687016841
963	0.000561332605662
969	0.000530293622557
935	0.00224063684931
909	0.00109185347858
874	0.000555826792592
872	0.000555296502897
873	0.00111235096815
890	0.00224727694378
891	0.00334526817645
892	0.00111757055487
898	0.00054714186401
899	0.000548188822303
646	0.00113576941127
356	0.0125333066231
355	0.0
808	0.00219003945513
353	0.000563834998664
802	0.00224738022533
800	0.00056868138599
804	0.00334376858071
216	0.0011057330319
214	0.00951828351379
769	0.0
762	0.00283726179951
955	0.00333964537026
767	0.00161371298038
764	0.00166439349596
765	0.00171322819594
957	0.000562524167828
956	0.000740810586297
288	0.00391886861351
4	0.0
281	0.000564125994693
280	0.0016529754429
285	0.00110876578808
284	0.000562791240059
674	0.00113921377922
676	0.000209717952488
670	0.00110723285974
671	0.0
260	0.0017154729469
267	0.00336997778377
266	0.00114308663425
264	0.00111721566045
56	0.0016626821162
50	0.000155484752452
53	0.00224569783156
52	0.00340651889761
537	0.00214527281472
535	0.00112491408318
534	0.00335884561701
532	0.00220110591941
531	0.000555296502897
530	0.00445325114428
538	0.00161371298038
775	0.00167961948296
988	0.000562524167828
980	0.00166532777028
987	0.0166608137515
984	0.00285400015435
112	0.00511910641055
118	0.00165077935778
773	0.000556588473044
772	0.00949963085295
429	0.00112289227063
428	0.00110885982977
421	0.00168834080915
420	0.000639071321492
423	0.0037691350134
422	0.000562791240059
425	0.00057153375729
424	0.0022508874825
427	0.00111508274061
912	0.0108383668055
301	0.000562524167828
302	0.000560081174606
304	0.0
952	0.000560178937432
306	0.0011344238705
307	0.000567088025277
846	0.00112185283979
844	0.00151625723634
843	0.00160595943476
841	0.00112195943257
840	0.00278716720714
853	0.000554547191297
849	0.00218569384187
823	0.00113234511131
568	0.00112944446204
569	0.0113081824169
754	0.0021907709499
561	0.00280244228745
759	0.00057038272866
565	0.000367398822669
566	0.000558933114238
739	0.000558755823071
229	0.000559798069298
228	0.00161371298038
226	0.00108719064307
223	0.00111843241388
220	0.0033717891691
727	0.0
724	0.00663260965938
722	0.0
723	0.0
720	0.00448860014527
721	0.00114089311551
605	0.00271113735611
150	0.00110791268332
607	0.00895413204972
152	0.000564531331651
157	0.00446652950853
602	0.00284839914902
159	0.00391744301741
158	0.000547556268928
609	0.00617380595167
83	0.00169323919205
958	0.0
48	0.00227592372006
46	0.00010309357425
950	0.00106595032846
953	0.00111262765517
45	0.0
42	0.000560008791484
954	0.000562524167828
40	0.00225117354602
41	0.0
5	0.003814916139
487	9.87576079221e-05
485	0.00169960717563
484	0.00167652767424
482	0.00164825785514
480	0.000555296502897
472	0.00342646054836
470	0.00161371298038
477	0.00111455598278
