344	0.000943254754526
0	0.00224520211416
343	0.00453358071634
812	0.00108273356956
817	0.00194189058312
719	0.00121397341034
718	0.00419418177072
715	0.0
714	0.00100638779931
713	0.000903146826481
712	0.00268796626086
710	0.00109735735709
915	0.0114756088652
299	0.00137956780314
294	0.000803257947603
295	0.00109735735709
290	0.00396015239806
291	0.00182470697022
591	0.00316867399669
590	0.00185802540503
592	0.00445439054311
595	0.0
198	0.0
596	0.00104805809156
599	0.00109735735709
197	0.00119536699937
191	0.0028500445186
193	0.00313177175885
19	0.00114784475707
275	0.0025821661721
524	0.0
526	0.00186480857041
522	0.00117319884767
528	0.00077303798872
443	0.0017482008907
442	0.00130232243917
444	0.00079423696074
103	0.00902809595407
101	0.00129252156903
107	0.00419563088199
38	0.0
32	0.0160227603038
31	0.00493426387002
35	0.00298372467711
34	0.00307589774303
641	0.00119536699937
643	0.000930137058346
644	0.00234580667193
647	0.00581834911423
646	0.0111972533135
649	0.00132899185142
648	0.00093314732537
432	0.00234321175644
433	0.00235562789067
338	0.00223720109336
334	0.00398045032308
337	0.000832907921621
333	0.00109735735709
332	0.00088390608328
745	0.00120284914782
854	0.00335040214806
855	0.00448513268948
857	0.000937495643568
850	0.00121397341034
851	0.00491777212374
859	0.00089243029727
6	0.00221849702022
98	0.00102225315254
90	0.0104101141951
95	0.00119536699937
96	0.0
740	0.00130460217599
742	0.00177302674094
743	0.000790084510992
558	0.00443368431209
746	0.00220278401654
749	0.00438032690369
551	0.00079423696074
552	0.000975716757681
236	0.00350393749878
231	0.00470483924179
232	0.00089243029727
1	0.00228125855776
147	0.00165222572949
618	0.00078407513004
619	0.0
142	0.00469943979732
141	0.000975716757681
612	0.000985681393457
613	0.000997187673096
617	0.00201826667742
614	0.00196486876804
948	0.00985151109103
942	0.000924050042474
688	0.0
685	0.00186493468193
684	0.00174950074588
687	0.0050609297816
680	0.00620164558151
137	0.000869879914461
136	0.0019370855142
135	0.00370260290139
134	0.00271855975462
497	0.00115214543465
491	0.0
493	0.00278999814313
24	0.000937184724773
25	0.000773057078357
28	0.00119536699937
939	0.00116026089129
404	0.0
401	0.00377508672701
933	0.000917366774462
629	0.0216049718237
409	0.00109735735709
934	0.0
370	0.00102413874387
372	0.0
374	0.0
377	0.00411388017893
704	0.000870680258083
707	0.00409222562101
700	0.00329454936349
702	0.00237795053749
703	0.00104183409399
393	0.00104958068686
392	0.00185412509549
397	0.0011093606931
395	0.0
795	0.00194189058312
794	0.000832907921621
791	0.00115214543465
790	0.0043273600467
586	0.00727305530575
582	0.00119536699937
580	0.00109735735709
581	0.00262901647902
588	0.00119536699937
245	0.00238150513835
246	0.00102850101454
241	0.000966173825441
249	0.00336634177729
248	0.00167672653909
924	0.00358784441914
511	0.00119536699937
513	0.00079423696074
1004	0.00115214543465
515	0.000853121846629
514	0.0012950110006
1001	0.00355694088825
516	0.00225775238353
458	0.00233712170898
450	0.00179558434338
452	0.0
454	0.00554452754137
457	0.0
175	0.00647750344609
174	0.0
171	0.00184064532676
170	0.00114784475707
977	0.0149327509022
517	0.000908343524581
978	0.0166138507382
656	0.000943254754526
657	0.00368402078589
654	0.0035859484595
2	0.0064714693596
185	0.000790084510992
188	0.00194189058312
189	0.00444843941065
658	0.000937184724773
11	0.0
868	0.00065432330158
13	0.00110624992226
15	0.00410357571449
14	0.0012339268503
861	0.0
862	0.00436256971916
885	0.00160236183046
884	0.0011144765652
322	0.00263138762096
321	0.0023694539423
324	0.00441510921548
329	0.00245171527234
775	0.0011093606931
200	0.000968177529035
777	0.00114784475707
202	0.000937184724773
207	0.0183908496684
772	0.00487365283949
209	0.000794567218675
77	0.00127656521999
75	0.0030420518257
72	0.000873468591483
71	0.0
663	0.0
662	0.0
692	0.00110353826939
693	0.00331520027554
696	0.0
697	0.00112455628303
695	0.00209694268508
698	0.00708964318092
542	0.00233728572679
540	0.0104490793845
541	0.00115214543465
547	0.00299125219219
544	0.000903146826481
8	0.000954431941263
548	0.00397017970245
994	0.00119536699937
997	0.00102626232212
996	0.00359361780188
991	0.00347078624865
990	0.00195399982811
120	0.00180620867455
122	0.00110724610549
126	0.00328394482369
127	0.00203476443262
415	0.00690545382937
416	0.00241220046189
410	0.0
920	0.00116026089129
921	0.00120394730706
923	0.00489373618451
418	0.00350283933954
925	0.00116508456512
926	0.0
499	0.00565989350566
319	0.000883005769514
318	0.0
311	0.00348500784752
832	0.00239989236292
833	0.00186611507996
838	0.0
368	0.00130460217599
369	0.00079423696074
364	0.00119536699937
365	0.00114784475707
362	0.00314877800952
360	0.00186982640568
361	0.00119536699937
380	0.00114784475707
381	0.00219742544393
388	0.0011357250805
782	0.00088390608328
783	0.00361815076128
788	0.00271047803388
789	0.0023165066625
573	0.00240964481661
577	0.0
153	0.00115214543465
575	0.00065432330158
61	0.00233814439314
62	0.00169738378722
64	0.00132119838357
65	0.00486599433356
67	0.00472756986945
68	0.00119536699937
250	0.00079423696074
251	0.00119536699937
731	0.00102413874387
737	0.0025821661721
506	0.00959165349383
738	0.0096693548616
502	0.00332785771332
500	0.0026631255462
630	0.00283308614778
631	0.00372005565947
469	0.00401466042069
638	0.00133091023073
927	0.00600053282291
462	0.00264981397705
168	0.00264734416798
164	0.00662639607686
165	0.00376324224651
166	0.00477190739398
167	0.00392704207836
160	0.00307970607152
963	0.000943254754526
969	0.00334655987837
936	0.0
879	0.00779605911504
872	0.00119536699937
873	0.00354658970347
891	0.00279632528628
894	0.000937184724773
896	0.0
356	0.00559624983017
809	0.00119536699937
802	0.000890524660108
216	0.00158732234205
214	0.00565749389217
769	0.0011093606931
762	0.000803257947603
763	0.0012339268503
764	0.00351291701058
765	0.00187125186781
956	0.00168625298152
4	0.00101479117258
281	0.0
280	0.00186982640568
284	0.00103238147136
679	0.000803247212006
260	0.000630335232778
267	0.00551747830255
264	0.00123170677558
268	0.000887547140184
56	0.0024878885684
53	0.00399163518349
52	0.00072367032166
535	0.00157044792049
534	0.00110488136232
532	0.00220842326236
531	0.00235562789067
530	0.000937184724773
538	0.00109735735709
988	0.000975716757681
980	0.00206139261279
987	0.036910706978
113	0.00079423696074
112	0.00182237253148
119	0.00107993787851
206	0.0012950110006
429	0.00186325216328
428	0.00582279835727
918	0.00158343528247
421	0.00194189058312
420	0.0
423	0.00514561388796
422	0.00205652021523
424	0.00194189058312
427	0.00118971004807
912	0.00151823754033
309	0.00114306412642
301	0.000975716757681
303	0.0012950110006
306	0.0
307	0.000903146826481
847	0.000966173825441
846	0.00186237429748
844	0.000883005769514
843	0.00114784475707
840	0.00354658970347
849	0.00509350435355
823	0.00234658600042
568	0.0
569	0.0273854421644
754	0.0
561	0.00463818387775
758	0.000786018659828
739	0.00185757876774
229	0.00228125855776
228	0.00220571891981
223	0.00357422376038
220	0.00407704760914
724	0.00207758405371
722	0.00164735880737
723	0.0
720	0.00305115664854
605	0.00553081778705
150	0.000985681393457
607	0.0110742601784
157	0.00255225710754
602	0.000790084510992
159	0.0117830536126
609	0.00199555390547
976	0.00109735735709
634	0.002746912142
48	0.000773057078357
951	0.00624961521068
950	0.0012950110006
953	0.0030324391677
952	0.0
955	0.0035550253545
954	0.00194189058312
40	0.00268239448875
41	0.0
5	0.0
488	0.0
485	0.00079423696074
483	0.00114306412642
482	0.00229272435646
472	0.00291963246757
470	0.00783004545013
