344	0.00147784190602
0	0.0117974881839
347	0.00347810352904
343	0.000518194670997
810	0.0
812	0.000986629335451
813	0.0019831045259
814	0.000499334049485
349	0.00197682405858
817	0.00147578987086
719	0.00147807114711
718	0.00642079763678
716	0.00147172413642
715	0.000993543936288
714	0.000494300368997
712	0.000496263082296
711	0.000986675024307
710	0.00344088502062
915	0.00640676059572
916	0.000490453039759
296	0.000492796349826
294	0.0055159715259
295	0.00049166450343
293	0.00196736058116
290	0.00099116321897
291	0.000993731984386
591	0.000495212550812
590	0.00149035738408
592	0.00149858315876
595	0.00545081066257
195	0.000495588669415
194	0.000493230336083
191	0.000493656257381
190	0.00295318023063
193	0.00593168875412
192	0.000490556553518
272	0.000994641078691
273	0.000493230336083
274	0.000984235652667
275	0.000981322136268
277	0.00049663137849
278	0.00198198859422
279	0.000492796349826
526	0.00197721747602
522	0.00148033732016
599	0.00343525808789
528	0.000991355188556
443	0.00298404352167
441	0.000498509619084
440	0.000954451143044
447	0.000501838698072
445	0.00147691906459
109	0.000500213773203
102	0.000492001907651
103	0.00148050070451
101	0.0108067120878
107	0.00443706015479
104	0.00150358546635
105	0.000490982795318
900	0.000990430615157
38	0.00198630245245
907	0.000492796349826
32	0.00245551978983
31	0.00197018826921
30	0.00100163362273
35	0.00196803165336
641	0.000978733028902
644	0.00393834053295
647	0.00049222498811
439	0.0035127358799
648	0.00150279082188
432	0.000488279989143
433	0.00195391112321
339	0.00049166450343
338	0.0009793884183
335	0.000984895582389
334	0.00593233695402
337	0.00148732130549
333	0.00245855385628
332	0.00150048558786
745	0.000492222456022
854	0.00197641978383
855	0.0
857	0.00443702697345
850	0.00198167475819
851	0.00493493819904
819	0.000490686458799
6	0.00147742409018
99	0.00147414209508
91	0.000500433231881
90	0.00596245709605
92	0.000985524564061
95	0.000488279989143
96	0.000514422037775
740	0.00101067838227
742	0.00692744264305
743	0.0029974721805
558	0.00148813971583
746	0.00594637940816
748	0.000993543936288
551	0.000990156899722
550	0.000985944377799
553	0.000986737549741
552	0.000492152206764
239	0.00197578991721
235	0.000494088640857
231	0.00146559467758
232	0.0040085814583
233	0.000493656257381
147	0.00348120106406
142	0.000985012998302
141	0.0019680437493
617	0.000990737261327
614	0.00147827312431
149	0.000981420648723
912	0.00800917775782
1004	0.000984536360628
948	0.00899323084578
949	0.00250749949766
946	0.00200013515612
947	0.0
940	0.000992472108157
517	0.00298471245965
685	0.00196792730813
684	0.00148595973919
687	0.0108572743857
686	0.00049663137849
680	0.000984341288571
136	0.00147798745739
135	0.00148177931845
134	0.000499820722508
497	0.000490409811893
491	0.000982215163154
493	0.00295644120814
24	0.00246231113346
25	0.00099137291157
28	0.000488279989143
29	0.00196185995181
407	0.000490442723542
939	0.0
404	0.000994098288498
401	0.00198185213254
933	0.000993543936288
931	0.00049663137849
409	0.000983065104257
934	0.000495588669415
379	0.000497489729078
828	0.000492222456022
373	0.00049206955139
377	0.00295060564035
376	0.0
708	0.000492796349826
704	0.00198720320154
705	0.000494934891464
706	0.000493230336083
707	0.000493230336083
700	0.00348836019588
701	0.000492796349826
702	0.00148153342866
703	0.000495455494202
393	0.000492796349826
392	0.0010010789384
391	0.00147684037497
396	0.0
82	0.000492796349826
181	0.000983531301844
86	0.000994463107995
795	0.000983972755312
791	0.000490915846437
790	0.00300000291345
607	0.0019808932452
586	0.00449808121392
587	0.00147833479158
584	0.000492655923199
585	0.000495751379018
582	0.00195332274
245	0.00244215708113
246	0.00098384389293
241	0.00147591250481
243	0.000494939224996
615	0.000492796349826
249	0.00196605698986
248	0.00099066401676
924	0.000990067075728
519	0.000491400600828
512	0.000992111640249
514	0.000491740010801
1001	0.00148305845639
516	0.000991851381575
458	0.000992105880678
951	0.00986584438558
624	0.00147379672503
450	0.00248080267014
629	0.0123204290928
628	0.000493899557185
454	0.00198874140946
178	0.0172134400286
175	0.000979063568702
171	0.00149035738408
977	0.00737808561582
976	0.00147725415696
972	0.00049663137849
971	0.000985365196343
978	0.0113224680126
656	0.00147821490762
657	0.00145903183067
654	0.00147607159655
2	0.00249543682287
186	0.000499913877238
187	0.000993058856237
184	0.0211938235805
188	0.00344581143229
189	0.00295617518589
658	0.000984943759377
659	0.0
868	0.00200715184996
13	0.000493230336083
15	0.00196724429737
14	0.00246888932713
17	0.000492788010192
16	0.00196846400024
862	0.00344952801209
866	0.000982679461721
883	0.00196918431786
881	0.0
885	0.00100364914114
752	0.00248191818898
889	0.000502188478741
888	0.000494189052698
929	0.00393004232489
809	0.000488279989143
322	0.00103391949504
321	0.000988811303177
326	0.000492700782851
324	0.00149848793867
329	0.00245430768794
201	0.000492796349826
200	0.0039417590652
758	0.0024742127541
771	0.0
207	0.00393584860583
772	0.000495524710515
779	0.000981281412878
77	0.000502228154327
75	0.00149875325638
74	0.00400919671734
73	0.001485443255
71	0.000495588669415
70	0.00199159011879
78	0.00196737243116
668	0.00148741241722
664	0.000491618234876
663	0.000493230336083
662	0.00298100627482
692	0.00543059898141
693	0.00245775594444
696	0.0
697	0.0
698	0.000978733028902
542	0.00247264661845
543	0.00295605990343
540	0.00635650223736
541	0.000490453039759
546	0.000492853035392
547	0.00344543067705
544	0.000495212550812
994	0.00244200738036
996	0.00196410072707
991	0.000983065104257
990	0.00147757122028
999	0.000492796349826
120	0.00593201844464
122	0.000983241049951
126	0.00450848200848
127	0.00247141240093
415	0.0148550368674
416	0.00751562073713
410	0.0044352296526
920	0.000984377194874
921	0.000976785503606
923	0.00594559266903
418	0.00147342496984
925	0.000976671692414
926	0.00049663137849
499	0.000989059667355
319	0.000495474502188
318	0.000495898409382
313	0.00651857596686
311	0.000488279989143
310	0.00100924087917
316	0.0118290268
314	0.00393015419173
832	0.00396926640341
833	0.000991189827512
830	0.000493656257381
836	0.000488680075968
837	0.00441566069433
838	0.00147844689988
369	0.00148413285258
364	0.000979366534767
365	0.000492796349826
362	0.00249836289601
360	0.000984943759377
361	0.000488279989143
381	0.00196701702434
383	0.000499959433485
388	0.00148352801883
784	0.0
780	0.000491740010801
782	0.0040048304467
783	0.0019763812765
788	0.000501546979121
789	0.000488279989143
151	0.000495524710515
573	0.000501170456032
577	0.00844238519281
576	0.000981495474021
60	0.000496658040474
61	0.00494914383727
62	0.00247271441163
259	0.000492796349826
67	0.00344592610595
68	0.00195867941095
69	0.00105762502269
250	0.00197503269162
251	0.000488279989143
256	0.00200496469039
257	0.000501401672013
255	0.00049663137849
884	0.000492796349826
731	0.00344916959703
730	0.00150320731726
732	0.000984196950654
735	0.00105762502269
737	0.000476206062128
509	0.0
506	0.00245361547932
738	0.00245812109903
505	0.000988647789605
502	0.00394042632949
500	0.00249539693754
630	0.00688905439225
631	0.000984943759377
633	0.000498095273302
469	0.00787148986469
465	0.00197534905876
464	0.000492938014615
466	0.000496970658916
462	0.000495212550812
168	0.0065121801184
164	0.00101485526966
165	0.00295794904517
166	0.00600987799481
167	0.00246146634451
160	0.0024632473186
966	0.000501296357952
963	0.000492146298488
969	0.000492796349826
935	0.0029735898594
909	0.000984925248385
879	0.001575788132
876	0.000491047543103
874	0.00292826811776
872	0.00146938749372
873	0.000975998227093
870	0.000495663003033
890	0.00296948888319
891	0.0019702650905
894	0.000491936005647
897	0.000491047543103
356	0.0045100092017
355	0.00049663137849
808	0.00049025759538
353	0.00049206955139
803	0.00150103837189
359	0.000491032139447
804	0.000496247689313
216	0.0014855069678
214	0.00792872452762
769	0.000989808372414
762	0.000501838698072
955	0.00244346352947
767	0.00245607203845
764	0.00146401425269
765	0.0050111991391
957	0.00147580666525
956	0.0049599310382
288	0.00492112894016
281	0.00246557529833
280	0.0182168628377
285	0.00049663137849
284	0.000492655923199
674	0.00199663769699
670	0.00148147139802
672	0.00149112474772
260	0.000502228154327
267	0.00449667053075
266	0.00200609782565
264	0.00195927058983
269	0.000488279989143
58	0.000492349077258
56	0.00245344631663
50	0.000514422037775
53	0.00247025411157
52	0.00451158524204
537	0.001440507228
535	0.000994071635122
534	0.00247237326155
532	0.000982196538914
531	0.000975893310916
530	0.00493058621099
538	0.0019674626341
988	0.000983931508181
774	0.0
987	0.0151459795664
984	0.00250647733368
114	0.00098092759568
112	0.00500302997423
119	0.000500308733167
118	0.000492938014615
773	0.00196248822513
429	0.00198509641171
428	0.00246329804718
918	0.000494609036057
421	0.00196813218313
420	0.00359368531168
423	0.0019658165025
422	0.00147656627668
425	0.00799869470361
424	0.00196829997399
427	0.000488391703271
426	0.000492796349826
301	0.000983972755312
302	0.000492788010192
306	0.000494358985927
307	0.000495455494202
846	0.00246142520248
844	0.000991375840317
843	0.000492796349826
840	0.00195280520845
849	0.00293481861833
823	0.00197643066632
569	0.000983265683442
751	0.00049990848237
750	0.00148386381384
754	0.000492796349826
561	0.00344734522571
759	0.000501170456032
563	0.0
565	0.000988268972394
229	0.000493834057367
228	0.00196575750645
225	0.00098384389293
224	0.000994808586292
223	0.0020118458625
724	0.00393289744554
723	0.00197766503124
720	0.00347126225057
721	0.00100303349867
605	0.00786803636572
150	0.00345198189897
153	0.00197540163542
601	0.0
157	0.00247410405515
602	0.00149752940195
159	0.00297238000831
609	0.00100149594591
83	0.0
634	0.00100236493185
48	0.00297368130799
49	0.000495389478883
46	0.000505194659957
950	0.000985195440031
953	0.00147774955217
952	0.00197072401126
42	0.000494475324503
954	0.00147580666525
40	0.000493067714474
41	0.00148367866543
638	0.00400101762331
5	0.00147622531494
484	0.00196989567776
483	0.000993915709437
482	0.000975893310916
480	0.000980019999944
472	0.00300713544708
473	0.00047932552629
470	0.00147466628427
471	0.000496492952095
474	0.000496692855505
478	0.000499913877238
479	0.00049037310562
