344	0.00420493883
0	0.0025849142361
346	0.000899483182444
347	0.0011175961268
343	0.0017449091461
813	0.00285006782027
815	0.00113992423782
817	0.00198110289821
718	0.0221420743348
716	0.00183725173376
712	0.00401099974281
710	0.00259972399881
299	0.0018063723231
294	0.00396798396119
293	0.0
290	0.0
591	0.000922060305389
590	0.0011175961268
592	0.00402280495585
595	0.00184159874394
599	0.000863587603779
191	0.000997633884293
193	0.00199114480966
192	0.0
275	0.00132982377792
278	0.00200030940589
522	0.00198578082443
523	0.0
528	0.00101092155782
441	0.0
447	0.00198328838746
445	0.00102009669342
444	0.00196330907543
102	0.000906889140654
103	0.00585432317455
101	0.00124494020331
107	0.00286404830147
104	0.00689722189862
105	0.0020547304793
900	0.00180542761469
38	0.00200542429103
904	0.000922060305389
32	0.0
31	0.00210993033114
909	0.0008294613923
641	0.00142523129072
643	0.00174417089249
644	0.00101144326381
439	0.000994802632739
649	0.000985640904519
648	0.00395323734877
435	0.00301054325823
432	0.00153070533256
433	0.00240892214514
338	0.000716307885289
335	0.00394089053422
334	0.0129523334482
337	0.000804271934413
333	0.015603575849
332	0.000995212919884
558	0.00308955864938
854	0.00395688220124
855	0.00226279759472
857	0.00623120564458
850	0.00201885776777
851	0.00184159874394
853	0.000901646439935
858	0.000936826282062
6	0.000863587603779
98	0.00100727159539
91	0.000799836150582
90	0.00423483328048
95	0.000716307885289
96	0.00179308172049
153	0.00438911542338
742	0.00257200538274
743	0.00770537504567
559	0.00355769522857
745	0.0
746	0.0039084253393
748	0.00109750578817
749	0.0
557	0.0
550	0.00194382240194
552	0.00102694915967
239	0.00206313907191
235	0.00197025298831
236	0.0
230	0.00103618991225
231	0.00410166245963
232	0.00196514166586
147	0.00535469517099
142	0.00195617301762
617	0.000997633884293
614	0.00280628457534
948	0.00802999020255
946	0.000989762986048
947	0.000691379868961
942	0.000804271934413
943	0.00117649508643
517	0.00486939540641
685	0.0027856153624
684	0.00261559453983
687	0.000997633884293
680	0.00138172432933
819	0.000701394708192
133	0.00197809909147
132	0.0018063723231
137	0.000804271934413
136	0.00209638216713
135	0.00726923327362
134	0.00199722269069
495	0.0
139	0.000906889140654
493	0.00301075033749
25	0.000649297464705
28	0.000716307885289
405	0.000804271934413
402	0.00180813457519
401	0.00105429965432
409	0.00181579149636
378	0.000906889140654
828	0.0
371	0.000804271934413
372	0.000920184308636
377	0.00387551605569
704	0.000963392184788
707	0.00102694915967
700	0.000955669411863
393	0.00167948162106
392	0.00204783962128
391	0.00102009669342
176	0.000998658475967
82	0.000792907685149
83	0.0014802659243
795	0.00287496279452
790	0.00476221876038
586	0.00997079898546
585	0.00163789831937
582	0.000716307885289
580	0.0
581	0.000804271934413
589	0.000857681838447
245	0.00143876057476
246	0.00247595290367
249	0.00255723015933
248	0.000997633884293
924	0.00315313202291
510	0.00189253004517
1004	0.00227006571279
1003	0.00100142204967
514	0.00346450912653
1001	0.00110172702454
516	0.0047845869201
622	0.000885944133181
450	0.00293955861128
629	0.00310632954694
628	0.00159331650834
454	0.00502866864659
178	0.00514897831968
199	0.00419968109945
175	0.00132982377792
173	0.00207094197496
171	0.00332878847826
977	0.00784432789561
972	0.0
657	0.00201894457458
654	0.000949823117925
2	0.000859065227442
187	0.0
184	0.000835404983927
185	0.000678144309309
189	0.00190249052254
659	0.00169994481292
868	0.00293987733979
13	0.00190657094113
15	0.00139339772332
14	0.00105473793699
17	0.00104252153318
16	0.00190914623747
863	0.000855847611557
862	0.00250209202663
866	0.00183214591076
883	0.0040280829937
881	0.000955669411863
887	0.000997445954115
322	0.00300962443795
323	0.000906889140654
321	0.00145411687978
326	0.0
324	0.0020101753086
201	0.000955073103023
774	0.00139436442479
771	0.00257236200171
207	0.00266905748474
772	0.00604922357743
209	0.000979128935792
77	0.00297994865242
75	0.00200761072677
74	0.00196106592523
70	0.00502081890994
78	0.000863587603779
668	0.00194530643414
663	0.00116289805774
692	0.00191969418968
693	0.00259972399881
696	0.000857681838447
697	0.00376981397791
695	0.000813792980559
698	0.00509318238462
542	0.00287523296869
540	0.00714321659038
541	0.00394245970263
546	0.0078356212854
994	0.00142163262264
996	0.00533713166982
120	0.0120418011956
126	0.00492357151166
414	0.00207445849854
415	0.000855396928496
416	0.0148808044909
410	0.00102694915967
920	0.00201568705193
921	0.000949823117925
923	0.00393072659315
418	0.00432845560772
925	0.00217483354559
926	0.00218136092821
319	0.00200572109574
313	0.00691055823956
312	0.000863587603779
311	0.00142523129072
310	0.00201844318083
316	0.00934388718988
315	0.00122391681778
832	0.0018063723231
830	0.00205273024703
837	0.00311342164225
838	0.002052656616
369	0.000972742446151
366	0.0
364	0.00148740927158
365	0.000915191428372
362	0.0038691598127
361	0.000716307885289
381	0.0
383	0.00298524056567
388	0.00359351861408
784	0.000735452376261
780	0.00203200512302
782	0.0129036225281
783	0.00501571020162
788	0.00180813457519
789	0.00142163262264
151	0.0
573	0.00200400908324
572	0.00201707620835
577	0.0031002679196
576	0.00103242104708
61	0.00277392811264
62	0.0
67	0.00314907856541
68	0.00148740927158
253	0.0
250	0.000855396928496
251	0.000716307885289
257	0.00107663682048
254	0.0
939	0.000906889140654
731	0.00285577100774
737	0.000986523527496
509	0.0172796338826
506	0.00926560509796
738	0.00664672770234
502	0.0078789167751
500	0.00397516030565
630	0.00389811896347
633	0.00179350713172
469	0.00187138171967
468	0.00163316364668
638	0.00455651743956
168	0.00692120425742
164	0.00180823281238
165	0.00734959273891
166	0.00396061034661
167	0.0
160	0.00412828516096
963	0.00105385994006
935	0.00389677978852
879	0.00100469486243
872	0.000716307885289
873	0.00143876057476
890	0.000997633884293
891	0.00312235925705
893	0.000906889140654
646	0.0
356	0.0136945809246
809	0.000716307885289
353	0.00206390922228
803	0.00100575710847
804	0.00191201798722
216	0.000770652833693
214	0.00909448422804
769	0.000678144309309
762	0.00196556390157
761	0.00095674782321
767	0.000863587603779
764	0.00215007076734
765	0.00493266931829
957	0.00196988429839
956	0.00212707646473
288	0.00609674005556
4	0.0
281	0.000922060305389
280	0.00103970842079
284	0.00070850796072
679	0.000980430217149
674	0.00398440111151
260	0.00391762573755
267	0.00406153512869
56	0.00226809376718
50	0.000885944133181
53	0.00247731401657
52	0.000979128935792
537	0.0
535	0.00388827131164
534	0.00492369464927
532	0.00191201798722
531	0.000716307885289
530	0.00410419244789
538	0.000863587603779
988	0.0
200	0.00723412458591
980	0.000922060305389
987	0.0216462781066
984	0.000989617839485
112	0.00401531563117
206	0.000906889140654
429	0.00100741534884
428	0.00620916505435
918	0.000649297464705
915	0.0091384947991
420	0.00177932662947
423	0.0036520527708
422	0.00139339772332
425	0.0039543453289
424	0.000920184308636
912	0.00492934729556
304	0.0
305	0.000987687801656
306	0.000847455651597
844	0.00133276151079
841	0.000980430217149
840	0.00215007076734
849	0.00203306355397
823	0.00201885776777
568	0.0
569	0.000863587603779
508	0.00103242104708
754	0.00193165861051
561	0.00102009669342
758	0.00271661484351
565	0.00206170688628
566	0.0
229	0.000857681838447
228	0.00344974500076
220	0.00295327027046
724	0.000872738871457
722	0.000972742446151
723	0.00135865156143
720	0.00387726602895
721	0.00197619795182
729	0.000771101386292
605	0.00172265283122
607	0.00516033991095
157	0.00097485512785
602	0.00593036154626
159	0.00702580856547
609	0.00301488232216
634	0.00541372898592
48	0.00137012301298
951	0.00921983652133
950	0.004630139487
953	0.00202736826984
955	0.00212091617417
954	0.000936826282062
40	0.00302810293706
41	0.000675187515343
485	0.00101144326381
482	0.00146784498159
480	0.000716307885289
472	0.00393967537427
470	0.000863587603779
471	0.000985746264334
