344	0.00231547370322
0	0.000579475560039
347	0.000588288540823
340	0.000579399816025
343	0.00175079726549
812	0.000583331712602
817	0.00174883278874
719	0.00116141533476
718	0.0122050884976
716	0.00232123986078
714	0.000577310077798
713	0.00115514475371
712	0.00173870983231
711	0.00232439072542
710	0.00114654830064
915	0.0173685770105
299	0.0011641449389
294	0.00584395326598
295	0.000579475560039
292	0.000581994014071
293	0.0029001529668
290	0.0017378993134
291	0.00115403938188
591	0.00232956039344
592	0.00289149626435
199	0.00406157234608
599	0.0011590361244
194	0.00232273675988
197	0.00115434111975
191	0.00229523872081
190	0.00115749483923
193	0.0028754631341
272	0.000580183698149
274	0.000583229351397
275	0.00114849166759
277	0.00116176589687
278	0.00115694644787
279	0.000583114752711
526	0.0011598055148
522	0.00174509091698
528	0.0
443	0.000580702252018
441	0.000574213078364
447	0.00408144150274
445	0.000579841348677
103	0.0
101	0.00115957819265
106	0.0
107	0.00115970420653
104	0.00292063084118
105	0.000577514589545
900	0.00290874913545
38	0.00116620399635
907	0.000583114752711
904	0.000581370187041
32	0.00289880922533
31	0.00231534097589
30	0.000564863970109
35	0.00174073120366
641	0.000565092500036
644	0.00232044657813
647	0.0040565147599
439	0.00234508414217
648	0.00233730693949
434	0.000562238923206
435	0.000587795113534
432	0.000565092500036
433	0.0016961034863
339	0.000579475560039
338	0.00114129637297
335	0.00116732417226
334	0.00115529712451
337	0.000581801426999
333	0.000579475560039
332	0.0023483170812
745	0.00116206287827
854	0.00350862488056
855	0.001126408233
857	0.00346910222735
850	0.00464220381636
851	0.00522326982503
858	0.0005805378588
6	0.000579475560039
98	0.0017342544563
91	0.00872956796056
90	0.00698803464265
92	0.00115694644787
95	0.000565092500036
96	0.000581801426999
740	0.0
742	0.00349080085239
743	0.00521366438793
559	0.000562591668524
558	0.0123881051477
746	0.00287981399152
554	0.0
557	0.000586317725588
550	0.00230079006319
553	0.00114698242913
552	0.00116094097825
239	0.000579432882582
236	0.0011500547166
231	0.00398648309603
232	0.00351639502444
233	0.000573031376538
147	0.00057797511688
618	0.00112534500472
142	0.00231078911777
143	0.0
141	0.00174165098065
612	0.00057797511688
617	0.00115968692114
614	0.000580485061353
615	0.000583114752711
912	0.00876877212988
1004	0.00288877380458
949	0.00117346182704
947	0.00174133719559
940	0.00115674296038
514	0.000567072740601
517	0.00291331900733
685	0.00348103202681
684	0.0045541828218
687	0.00232078884394
686	0.0
680	0.00115749672858
682	0.000577691419436
133	0.00116988771168
136	0.00115694644787
135	0.000573543588411
134	0.00174026962235
139	0.00113117251631
490	0.000583114752711
491	0.00115966824219
493	0.0040619928487
24	0.00405897950181
25	0.00169417334149
927	0.00057797511688
28	0.000565092500036
29	0.00231737734769
407	0.000583114752711
405	0.000573543588411
404	0.00115506237989
402	0.0
401	0.00173225868875
936	0.00113117251631
409	0.00115496060788
934	0.00058024770051
379	0.000580557891198
828	0.000580901542102
371	0.00114919290115
373	0.000580404793626
374	0.0
377	0.00347892199495
704	0.00171841905174
707	0.00289550169698
700	0.00232090545794
702	0.000580901542102
393	0.000583114752711
392	0.00115572971238
399	0.00116870476467
86	0.000580702252018
796	0.00116108760008
795	0.00232236848612
790	0.00408100614329
586	0.0110796492986
582	0.00283518205765
580	0.00116167483279
581	0.001126408233
245	0.00169295982573
246	0.00231833346484
241	0.00115860404697
243	0.000580605977228
249	0.00115932884861
248	0.00172487939786
924	0.000580901542102
519	0.000579475560039
513	0.000567072740601
512	0.000580485061353
1002	0.000562523066923
1001	0.00929247800268
516	0.00116273152863
458	0.00113101453964
622	0.0022537514995
624	0.00227090969996
450	0.0017415965607
629	0.0110180689849
628	0.00172178402788
454	0.00288633739763
178	0.0254950590944
595	0.00290214360468
175	0.0022850123536
173	0.00174033283592
170	0.000561626774249
977	0.00345396779583
976	0.00115972326055
971	0.00057897133099
180	0.000576377249546
979	0.00174153407506
978	0.0127688004678
656	0.00115967632604
654	0.0005805378588
2	0.00116325182009
652	0.000583114752711
187	0.000581480626704
650	0.000580901542102
185	0.0
188	0.00637753293916
189	0.00579027998776
658	0.0011598055148
659	0.000583331712602
184	0.00115982780521
868	0.00116764296821
13	0.000575036737834
15	0.0017353335759
14	0.00464402503292
17	0.00115694644787
16	0.00116572569655
863	0.00231462865778
862	0.00522084418649
866	0.00057992010749
883	0.00290479518761
881	0.000580613593873
880	0.000578717806547
886	0.000585994272334
885	0.00350771574982
752	0.0005737463846
322	0.00291817356108
320	0.000583114752711
321	0.00169173272622
324	0.000581088381982
329	0.00170676281123
688	0.00115373531122
201	0.00116305459971
200	0.00057897133099
776	0.00172980017141
771	0.00116496705357
207	0.00348198957201
772	0.00231339544626
209	0.000586317725588
779	0.000583114752711
77	0.00175385419868
76	0.00175123674186
75	0.000576101725202
74	0.0093619352584
73	0.0011156401939
71	0.000580542029939
70	0.00232929097025
78	0.00115886201991
669	0.0
662	0.00348354800944
692	0.0040122522601
693	0.0017369736482
696	0.00115081210594
697	0.00168724952236
695	0.00116083357085
698	0.00451674437841
699	0.000586317725588
542	0.00525569321106
543	0.00115694644787
540	0.00790475772856
541	0.00406159129519
546	0.00519176081815
547	0.00348062373667
544	0.00057797511688
994	0.00339607349976
997	0.00057797511688
996	0.00347863152823
991	0.00290206888472
990	0.00403541095463
993	0.000582610943834
999	0.000583114752711
120	0.00231659854688
125	0.00169160102418
126	0.0040903534349
127	0.00115468816938
414	0.000580064878446
415	0.00230519952665
416	0.00640823546847
410	0.00114612455662
413	0.00115119609693
920	0.00173645663856
923	0.00346569614998
418	0.00173275565679
925	0.00225300336723
499	0.00170478729914
319	0.00281683854907
318	0.0022612262325
313	0.00117040830977
311	0.00169137659298
310	0.0
316	0.0213863742491
832	0.00908278187299
837	0.00116206287827
838	0.00115694644787
368	0.000583987071701
366	0.000562238923206
364	0.00113993490038
365	0.000580613593873
362	0.00172705869842
360	0.00173928107484
361	0.000565092500036
383	0.00116420329364
386	0.000563963508571
388	0.0046513402338
780	0.000567072740601
782	0.000587682918607
783	0.00232339911568
788	0.0
789	0.00112980834652
573	0.000585591643213
572	0.00231997685892
570	0.000582199272751
577	0.0
575	0.00058501946622
61	0.00464351582177
62	0.0029248613703
259	0.000583114752711
67	0.00289785448851
68	0.000565092500036
250	0.00175649868718
251	0.00114418575162
256	0.00467418239358
254	0.000580183698149
884	0.000583114752711
939	0.00116560859477
731	0.00288933713026
732	0.00174948257447
509	0.000582299453036
506	0.00579291059066
738	0.00116181403015
502	0.00580313511331
500	0.0017615577262
630	0.00290173125997
631	0.00173928107484
633	0.00288126683093
469	0.00232136455097
635	0.000583114752711
465	0.0
464	0.000583266736396
466	0.000580702252018
901	0.000580884265644
168	0.00761538732635
169	0.000580542029939
165	0.004631250303
166	0.00466241201406
167	0.00116094097825
160	0.00231620352516
161	0.000581957981342
966	0.00117529192402
963	0.000579608287371
969	0.000579475560039
935	0.00230082154313
908	0.000584296068466
909	0.0
879	0.0
872	0.000565092500036
873	0.00112900875003
870	0.00057539562377
890	0.000576101725202
891	0.00348071464054
646	0.00116978203789
356	0.00465857228657
809	0.00112940124309
808	0.0
353	0.00115895295852
802	0.00116074158935
807	0.000582738166541
216	0.00112931166381
214	0.00869093024934
769	0.00174520230613
762	0.00117007527538
761	0.000582610943834
767	0.000579475560039
764	0.00169442475178
765	0.00525506562694
957	0.000580485061353
956	0.00169233863631
288	0.0011598055148
281	0.000579475560039
280	0.0214518736493
283	0.000577691419436
284	0.000577766093693
678	0.000580557891198
679	0.000562238923206
674	0.000577812755584
676	0.00112563727769
670	0.00115287309861
671	0.00114677776114
672	0.000562238923206
260	0.00117133719181
267	0.00697553333077
266	0.00175972382406
264	0.000563916249992
268	0.00346230665092
56	0.00225876832054
50	0.0
53	0.00288686598007
52	0.000582199272751
537	0.00057480630748
535	0.00233717619571
534	0.00348532042013
531	0.00225990890402
530	0.00521927146979
538	0.00173937359379
988	0.000580485061353
774	0.00058052078923
980	0.00174893604158
987	0.0169716033259
984	0.00233894889657
117	0.000576903534048
111	0.000585057538592
113	0.00058348304821
112	0.000581480626704
119	0.0
118	0.00116744879067
773	0.000562333017249
429	0.000577135847834
428	0.00461989588276
918	0.00112356301988
421	0.00406452467165
423	0.00288396114868
422	0.0023154700284
425	0.00116883237101
424	0.00174191387932
427	0.00112628409295
426	0.000583114752711
301	0.00116086046501
302	0.00173627964636
306	0.0
307	0.000582199272751
846	0.0011598055148
844	0.00224892614454
843	0.0145705821971
840	0.00112900875003
849	0.00171336869193
823	0.00232552365845
568	0.00290241532167
569	0.000579475560039
754	0.00116448493975
561	0.00231978920583
759	0.000584688529157
758	0.0011200686081
565	0.00170474482074
566	0.000579336853815
739	0.000579819979437
229	0.00116144408595
228	0.000579475560039
223	0.00175267330824
220	0.00057917589028
724	0.00580370401992
722	0.00116991245533
723	0.002235708802
720	0.00115151870529
729	0.00057992010749
605	0.0011590361244
607	0.00057548480018
157	0.00116242656784
602	0.00116369588449
159	0.00521148930203
609	0.0028936420588
634	0.0
48	0.000562238923206
951	0.0063817282341
953	0.00173828823971
952	0.00057897133099
955	0.00337854208159
954	0.000580485061353
40	0.00754140932881
41	0.00167672722974
638	0.00232644890837
5	0.00172882503434
487	0.000567072740601
485	0.00233737760435
483	0.00116086275101
482	0.00283668717534
480	0.000566780070184
472	0.0017559183836
473	0.0
470	0.00115716697947
477	0.000564863970109
