344	0.00268418097423
0	0.0144885994018
343	0.00133223898673
810	0.00192145546445
812	0.00197770557217
813	0.00066841988252
349	0.00132649419505
817	0.000690317726222
719	0.0013181949008
718	0.0066233977638
717	0.000674559419871
716	0.00199190988056
710	0.00329109623563
915	0.0127471240327
294	0.00333256507273
295	0.00131664088565
292	0.00133729543057
290	0.0
291	0.000667334477677
591	0.00333234732143
590	0.0
592	0.0026571817771
199	0.000616611153369
198	0.000619377716633
599	0.00394987493065
197	0.000667020383535
196	0.00127572659866
190	0.00408075845369
193	0.0026699235204
192	0.0012897649885
272	0.00200223615078
274	0.00136428725643
277	0.0
278	0.000669063191113
526	0.0020141542245
527	0.00134838854929
522	0.00133747998955
443	0.00262181379038
442	0.000662300982216
440	0.000636088089272
447	0.00333125112573
444	0.000661015879716
103	0.0038789286678
106	0.0
107	0.00389432737506
104	0.00266484666542
105	0.000627034319971
900	0.00198037258243
38	0.00134022205935
32	0.00201955948089
31	0.00134272487739
30	0.00133132245868
35	0.000672069077125
641	0.00066157222724
643	0.00129889556842
644	0.00066485300282
647	0.002013406764
439	0.00132508370137
649	0.000671377254966
435	0.0026626314549
432	0.00196318789407
433	0.00198119768765
339	0.000658354637914
338	0.00132526929029
335	0.0141003711596
334	0.0066732682406
337	0.00202232893801
333	0.0118556785301
332	0.00198970701193
854	0.0138875890424
855	0.000677939567905
857	0.00133820252601
850	0.000616611153369
851	0.00206814266532
6	0.00197500652619
98	0.00198020953419
91	0.00066695474253
90	0.00201157967368
92	0.000671414036329
95	0.00132645152269
740	0.0
741	0.000666708922986
742	0.00800917034729
743	0.00264500910604
559	0.00067573469737
558	0.00131913759255
746	0.0113573220994
557	0.000664879295455
556	0.00132378215589
551	0.000661015879716
550	0.000681751903077
553	0.000639870783387
239	0.0033267752284
236	0.00193847265854
230	0.0
231	0.0053086984524
232	0.00664534608797
233	0.00066579943419
147	0.00200320219031
142	0.00133930585105
143	0.00135037441842
141	0.000662699355637
614	0.00204800035562
1004	0.00192387960793
948	0.00600029362609
949	0.00129955165926
946	0.00133099511348
947	0.00245036849316
941	0.000639870783387
517	0.00465842760504
685	0.00263649928696
684	0.00263954714339
687	0.0039865136974
680	0.00404937748115
133	0.000662156225781
136	0.00134217135921
135	0.00812384808905
134	0.000664466841522
495	0.00061218377177
493	0.000669979861703
24	0.00469177721629
25	0.001317046952
28	0.00066157222724
29	0.0012812275569
407	0.00131584161147
404	0.0
402	0.000671134494762
401	0.00400197853336
931	0.000668930241262
936	0.00136073196284
409	0.00197500652619
379	0.00061218377177
829	0.0
371	0.00270633376158
373	0.0013529082004
372	0.0
821	0.000661015879716
374	0.000668669151081
823	0.000661015879716
822	0.000670978072754
704	0.00133242361143
707	0.00134567888196
700	0.00324443185962
703	0.000681540538597
394	0.000661015879716
82	0.000677939567905
181	0.000680839123272
86	0.000654230382532
84	0.000671377254966
796	0.000643829071441
795	0.00134201815773
791	0.000673877542736
790	0.00528986638217
7	0.000639398205341
586	0.0106692349214
587	0.000671891673599
584	0.000674559419871
582	0.00132390389487
581	0.00135925330404
245	0.00265161232427
243	0.000666967071244
249	0.0026373075084
248	0.000667627093222
924	0.00131644727428
513	0.00264087853904
512	0.00198839609871
514	0.00128960020161
1001	0.002624421509
516	0.00193006149319
458	0.000657425834853
450	0.00183819269358
629	0.0133910327313
628	0.000677939567905
454	0.00199916824313
178	0.01383141215
176	0.000667020383535
175	0.00194344595687
173	0.00199410494666
171	0.0
170	0.00135288171844
977	0.00709108577007
976	0.00329951197543
971	0.000671414036329
253	0.0
656	0.00271399236947
180	0.0
2	0.000665011251147
187	0.00372684689379
650	0.000657809421676
185	0.000671414036329
188	0.000683448133155
189	0.0059217891259
658	0.00133676835139
868	0.00465393606177
13	0.000640291844468
15	0.00135219589594
14	0.000657809421676
17	0.000671414036329
16	0.0019781581317
862	0.00396199167119
883	0.000666967071244
881	0.00257061782155
886	0.00065943761242
885	0.00399712987947
569	0.00197907181954
889	0.00199645973036
322	0.00133900434819
321	0.000661711757696
326	0.000667020383535
327	0.000641356773511
324	0.00603645263519
688	0.00128016262786
201	0.000662300982216
774	0.000610449142904
777	0.00131711897161
776	0.00200603138772
205	0.000668365189306
773	0.000676875690382
772	0.0033216177753
208	0.00256479135298
77	0.0026495579771
76	0.000657809421676
75	0.00200096322185
74	0.00666106199628
73	0.0
70	0.00133467579082
78	0.00263471223155
668	0.00134031155612
664	0.000639870783387
663	0.000674942150534
662	0.00193468206986
692	0.00199678818735
693	0.00329193343038
695	0.000619377716633
698	0.00463925485788
542	0.00465683997914
543	0.00067353037191
540	0.00398102467758
541	0.00330931226721
546	0.00204170121022
547	0.000690317726222
549	0.000677939567905
994	0.00131938164892
997	0.000668365189306
996	0.00185597100336
991	0.00131664088565
990	0.00200888441262
993	0.000668930241262
120	0.00264868657724
122	0.0046591020506
124	0.000661015879716
126	0.00133275528748
127	0.00199538061156
415	0.00267390212255
416	0.0106522133596
410	0.0138172624941
920	0.00136951184069
921	0.00132082197216
923	0.0026655868343
418	0.00188582580414
925	0.00132393635097
499	0.00198549237137
319	0.000657425834853
318	0.000663097976492
313	0.00466085569642
312	0.000658365640538
311	0.00132393635097
310	0.00134341398901
316	0.0013405470418
832	0.000671134494762
837	0.00197629112004
838	0.00270471687945
369	0.00329819376083
364	0.00132390389487
360	0.00201341309608
361	0.00066157222724
381	0.00578123498836
383	0.000671891673599
388	0.000661191674727
784	0.000670423651474
780	0.00128960020161
782	0.00332817301078
783	0.00132093883482
789	0.00198895901152
151	0.0
573	0.000665906759742
572	0.0012888125468
577	0.0
153	0.000657809421676
575	0.00198966751807
574	0.000665208967241
61	0.00800051661867
62	0.00397787287735
67	0.0046943006705
68	0.00066157222724
69	0.0
250	0.00263948628706
251	0.00131938164892
256	0.00266376778222
731	0.00539063874134
730	0.000664915970283
732	0.000658286247737
735	0.000670978072754
737	0.00127465553543
506	0.00397382686423
738	0.00264712024195
505	0.00133721309377
502	0.00991936978472
500	0.0020012873777
630	0.00269102991488
631	0.000669979861703
633	0.000666680193809
469	0.00133476843276
468	0.0038653963377
638	0.00134686919213
464	0.00128827899838
461	0.000664033329876
168	0.00927935076095
169	0.0
164	0.00135029822007
165	0.00402486890302
166	0.00666735454815
160	0.00268685345459
963	0.00067104561453
969	0.000657809421676
935	0.00133735012378
908	0.00133252478821
909	0.000660168176753
879	0.0
872	0.00066157222724
873	0.00198802556121
870	0.00134836321938
890	0.00935271050691
891	0.00469516773222
898	0.000643329419092
646	0.00264285023196
356	0.00931165123391
809	0.00066157222724
808	0.000639870783387
353	0.00135202255821
803	0.000666899546456
802	0.000610595437361
801	0.00066841988252
800	0.000662831934662
804	0.00128190086436
216	0.000657425834853
214	0.0133710560185
769	0.0
762	0.000661743882683
761	0.00128164861798
767	0.0026330116171
764	0.00397366041003
765	0.00466190760995
956	0.000657425834853
288	0.000669979861703
4	0.00135544096886
280	0.00333964542582
284	0.00135025844012
674	0.00333607972181
670	0.00258614359657
260	0.00198552561295
267	0.00467341547253
266	0.000662766276174
56	0.00198426094437
53	0.00200791839047
52	0.00265978276647
537	0.00192542504592
535	0.00263945590971
534	0.00402547587536
532	0.00513109635118
531	0.00199270592384
530	0.00335708284299
538	0.00263619820092
988	0.000672069077125
200	0.00269169738507
980	0.000639870783387
987	0.0198467126556
984	0.00199365975564
985	0.000639870783387
110	0.000667441738503
113	0.000661015879716
112	0.00334006933361
771	0.00535959746168
118	0.000639870783387
207	0.00470182157423
429	0.0013340338137
428	0.00466566895357
421	0.000669949080605
423	0.00194367763063
422	0.00337820640402
425	0.0033312977449
424	0.00267857537119
912	0.00132902056185
306	0.00400973738552
846	0.00201224265769
844	0.000659621117148
843	0.000657315221789
840	0.00198673302881
849	0.0013088156183
568	0.00245702817746
752	0.0013203274349
561	0.00201224265769
759	0.000664598191852
758	0.0
565	0.000661240176493
566	0.0
739	0.00134282510734
229	0.000670423651474
228	0.00329521979589
225	0.000662351541083
223	0.00201143838161
220	0.0013373690791
727	0.0
724	0.00264715702089
722	0.000661015879716
723	0.0
720	0.00537066989721
721	0.00133246017206
605	0.0052740929595
150	0.000668874623762
607	0.0112971443546
152	0.00130908690784
157	0.00133165458171
602	0.00331075036841
159	0.00199931709564
609	0.00199688020982
83	0.0
958	0.0
48	0.00460493660239
951	0.00664746966638
950	0.00128960020161
953	0.000671414036329
952	0.00202182009862
955	0.00264921647194
40	0.00251204117956
41	0.0
5	0.000639870783387
485	0.00330228784438
482	0.00264865101706
480	0.00066157222724
472	0.00332425379099
470	0.00197500652619
471	0.000659756745363
477	0.00134356452986
474	0.000671134494762
