344	0.00224155391093
0	0.0020199372744
347	0.00106844116817
343	0.00311156834875
812	0.00272091445116
814	0.00266773851132
349	0.00223878950302
817	0.00266669306871
718	0.0209918565049
716	0.00364662195303
712	0.00494577935662
710	0.00101159348343
421	0.0023654266414
910	0.000794308391712
299	0.00149615459535
294	0.0117970127423
295	0.00101159348343
293	0.0022683235461
291	0.00196019160832
591	0.00421870038655
590	0.000752603839614
592	0.000975208058327
199	0.00163871541791
195	0.0
194	0.0
197	0.000894102515603
192	0.000936688674368
272	0.000995247175428
275	0.00331808968313
277	0.000752603839614
278	0.00100074601828
526	0.00110915782851
522	0.00110570198576
523	0.0
443	0.0
447	0.00260187872754
101	0.000871703335986
107	0.0039385021087
104	0.0
900	0.00203482821888
901	0.00114969288425
32	0.00211971406945
31	0.00112070613119
30	0.00259482522625
37	0.0
35	0.00222978419716
643	0.00190754371105
644	0.00611944785692
647	0.0022298639597
439	0.00651060247091
648	0.00260761524594
339	0.00101159348343
338	0.00100074601828
335	0.00285007020863
334	0.00782978882292
337	0.00306957290988
333	0.00192719980607
332	0.00128412962265
854	0.00137010507307
857	0.00559911324331
850	0.00159756245942
851	0.00210990384678
819	0.00117834884347
6	0.0020199372744
98	0.00196019160832
91	0.00252191776712
90	0.00625624704733
92	0.00112070613119
96	0.00145909346722
742	0.00936423132231
743	0.00382657435525
558	0.0046636237263
550	0.000984942018369
553	0.00206785226991
552	0.00134102451686
235	0.000381676109605
236	0.000922073162922
230	0.000381676109605
231	0.00154131654335
232	0.006523752775
1	0.000826034456762
147	0.00503079603373
142	0.0022298639597
141	0.00112396520018
617	0.00100074601828
614	0.00107425766147
149	0.000922073162922
951	0.000748568485039
512	0.00112396520018
949	0.00128676492148
947	0.00190752238087
942	0.00122831746188
940	0.00101055624095
517	0.00227907737544
685	0.00292042277621
684	0.00393726314999
687	0.00198568803665
686	0.000381676109605
680	0.00327621731366
133	0.00261835510675
132	0.00078012183849
136	0.0022415448451
135	0.0171427265678
134	0.000791802622735
139	0.00213449796288
493	0.0021883599085
24	0.00110915782851
25	0.000928594517241
939	0.00189157508628
404	0.0
402	0.0
401	0.00491160889822
933	0.000726321558649
409	0.00101159348343
408	0.00112070613119
379	0.000961879709754
371	0.00122831746188
373	0.00112062636865
372	0.0
374	0.0
823	0.00102163982214
706	0.00137370942857
700	0.00435042790115
702	0.00261470122036
82	0.00122831746188
181	0.0
399	0.00167740861772
398	0.0019820033425
86	0.0
795	0.00112062636865
790	0.0107501395905
586	0.0127811669423
582	0.0
581	0.00122831746188
245	0.000673192421612
246	0.0033560682224
241	0.00110915782851
243	0.00117834884347
249	0.00555477736616
248	0.00191635234092
924	0.00255741188878
510	0.00550717224434
1004	0.0012187004846
515	0.00133368032796
1001	0.00543785125405
516	0.00419850838322
458	0.00473788151665
622	0.000659082451894
626	0.0
450	0.00797937052101
629	0.00223025305322
628	0.00122831746188
454	0.00293288076692
178	0.0243146857488
595	0.0
175	0.00222371139985
173	0.000915606322638
171	0.000752603839614
170	0.00122831746188
977	0.00612562206748
976	0.00101159348343
972	0.000381676109605
971	0.00224351492328
978	0.00239016457108
656	0.00110915782851
599	0.00101159348343
654	0.00274895230064
2	0.00400121288221
186	0.00127833135716
185	0.00218360807746
188	0.00537127856479
189	0.00217627830355
868	0.00793524625818
15	0.00327621731366
14	0.00440040457529
17	0.0022415448451
16	0.000915606322638
863	0.00114969288425
862	0.00208216980122
866	0.000967087556922
883	0.00111303175967
885	0.00392386883569
889	0.00131486596209
321	0.000943808116122
327	0.000936688674368
329	0.0
201	0.000922073162922
774	0.000949784103996
771	0.00574196111952
204	0.00128412962265
207	0.0123155315219
209	0.0012883148417
77	0.00131232599417
75	0.00112494387066
74	0.00131774910489
70	0.00242053095532
78	0.00101159348343
663	0.00151196386437
660	0.000961879709754
692	0.00447798864142
693	0.00312200934795
696	0.00321855460437
698	0.00408832658116
542	0.00511428428271
543	0.00112070613119
540	0.000673192421612
541	0.00176222663734
546	0.00197391070116
547	0.00452966020115
549	0.00122831746188
996	0.00178960011469
991	0.00192420736966
990	0.0257530179789
120	0.00111303175967
125	0.000869467201511
126	0.00262902740063
415	0.0220476994701
416	0.0154717328499
410	0.000922073162922
920	0.00110915782851
921	0.00262913149276
923	0.00628786221185
418	0.00277215660652
926	0.00116959447411
499	0.000922296458543
319	0.00270085827461
318	0.00182437613266
313	0.0039121269472
317	0.0
316	0.00223878950302
832	0.00249584111589
838	0.00112145370781
368	0.00151196386437
369	0.0
362	0.00408653890467
360	0.00110915782851
381	0.00470102726244
383	0.00128412962265
388	0.000869467201511
780	0.00200369240299
783	0.00369936945739
577	0.000381676109605
575	0.0026531299635
61	0.00587742188176
62	0.00102163982214
66	0.00132028121671
67	0.0033595582633
256	0.00259608046205
157	0.00158144659997
731	0.00327621731366
730	0.0
732	0.0
509	0.00314728079409
506	0.0055168358804
738	0.00610973950276
505	0.00102210788477
502	0.0117768524445
500	0.00397859585508
630	0.00427188310193
631	0.00110915782851
633	0.00245938765577
469	0.0044914943199
638	0.00273227181201
462	0.00100074601828
168	0.0102452826914
169	0.0
165	0.00336217121375
166	0.00129772677492
167	0.00220162929804
160	0.0022311151315
966	0.00105049577573
963	0.00112084777974
969	0.000870211627878
935	0.000695306911337
908	0.00260398459031
909	0.0
879	0.000748568485039
873	0.000673192421612
870	0.00122831746188
890	0.00129558316783
891	0.00333403815904
899	0.00143365728037
356	0.017954065939
355	0.000752603839614
353	0.00111216968139
802	0.000995247175428
807	0.000967087556922
214	0.00506150487259
952	0.00224351492328
761	0.000921412031389
767	0.00101159348343
764	0.000673192421612
765	0.00256468186797
4	0.00357490152713
281	0.00110570198576
280	0.0254930081046
285	0.000381676109605
670	0.00198295826116
672	0.000935928614506
260	0.00259829076796
267	0.00890732237446
266	0.00259558717256
264	0.00128412962265
58	0.0
50	0.0
53	0.00160151366973
52	0.00656764631214
537	0.0
535	0.0
534	0.00437031023175
532	0.00421752639452
530	0.006625878167
538	0.00312200934795
988	0.00112062636865
200	0.00223373789086
980	0.00110570198576
984	0.00261333227272
114	0.00110478883566
112	0.00258264686094
118	0.0
429	0.00491160889822
428	0.0100541301067
918	0.000935928614506
915	0.0122338333102
422	0.00545838500364
424	0.00112062636865
912	0.0052224501627
302	0.00336128826796
304	0.00119425117955
306	0.0021892739277
844	0.00563981975216
840	0.000673192421612
849	0.00110478883566
568	0.00386150753788
569	0.00101159348343
754	0.00110570198576
561	0.00223000560824
759	0.0026656882409
758	0.00185357847579
565	0.00382111357857
228	0.00208216980122
226	0.000982212242883
223	0.00270354003376
220	0.00224664137821
724	0.00347293579962
720	0.00122831746188
605	0.00101159348343
607	0.00145909346722
152	0.0
603	0.000659082451894
602	0.0052143735807
159	0.00872869496975
83	0.00114969288425
634	0.0014483105029
46	0.00078012183849
950	0.000716067590001
953	0.0022298639597
45	0.00132028121671
40	0.000986756167075
5	0.00325723216843
483	0.00107267133906
472	0.00519810814819
470	0.00101159348343
477	0.000703474270554
474	0.00078012183849
478	0.00127833135716
