344	0.00111615934338
0	0.000578595990685
343	0.00151356477204
810	0.00118502065894
817	0.00164613600743
719	0.00413829061302
718	0.00518021151932
716	0.00173178750048
714	0.000579928040436
713	0.00173635723444
712	0.00103394792244
711	0.000575998270186
710	0.00117093531225
915	0.0145409843719
910	0.000538522615197
299	0.00164510299194
294	0.00166704360244
295	0.000578595990685
293	0.00174089474716
290	0.00227674264251
291	0.00232293968391
591	0.00278408801203
592	0.00401314548828
199	0.00176957393752
198	0.00051943972732
596	0.00158930248873
599	0.00116108059016
194	0.00110311502462
197	0.000579992839738
196	0.000581407618685
191	0.00171970380499
190	0.000559277837723
193	0.00347529221918
270	0.00118602021582
272	0.000516500015651
274	0.0
275	0.00118383273805
276	0.000554213744996
277	0.000538522615197
278	0.0017272155324
526	0.0033839419557
528	0.00166176195788
449	0.0011452422253
443	0.00162361695854
447	0.00109827618269
444	0.00109524322941
103	0.00164419387173
101	0.000592339321566
106	0.00342314111047
107	0.00470738628464
104	0.000545992995191
105	0.000596594858815
39	0.000583553721693
38	0.00111575849622
904	0.000588398525553
32	0.00227079339877
31	0.00226175179958
30	0.00273314189337
35	0.00164289432933
641	0.000579992839738
643	0.0011674967614
644	0.00354081836548
647	0.00224410706616
646	0.00438052479841
437	0.00118518428295
435	0.00181309051027
432	0.000579992839738
433	0.00115856192542
338	0.00115992139097
335	0.00176961082604
334	0.0044842904241
337	0.000526040218803
333	0.000578595990685
332	0.00120614329188
745	0.000592763219749
854	0.00272937664769
818	0.0
857	0.00284434801864
850	0.017171193945
851	0.00385305208988
858	0.000591391307558
859	0.00107038600493
6	0.0017526074511
98	0.00579995725209
91	0.000505631116717
90	0.00116496134038
92	0.00223973070312
95	0.000579992839738
97	0.00111813960612
740	0.000570713375988
742	0.00327870200903
743	0.00374888950851
559	0.0
558	0.00100464080768
746	0.000553531156698
747	0.000592763219749
749	0.00455953977419
557	0.000543621231137
556	0.000547564819577
551	0.00273455331511
553	0.000589595831892
552	0.000547948176606
239	0.00221502040772
235	0.00116416881678
236	0.00177517342433
230	0.000539104619758
231	0.00230259247847
232	0.000543621231137
1	0.0
146	0.00055799958396
147	0.00108005247349
142	0.00112151772126
143	0.00112419080909
141	0.000547948176606
617	0.00111324114027
614	0.00110722199327
948	0.00112498663853
1003	0.000581407618685
944	0.000560987268114
945	0.00118602021582
942	0.00111150228965
940	0.00111969554859
688	0.00232748939605
685	0.00344769362944
684	0.00678521736926
687	0.00279759911477
686	0.000592707873277
680	0.00116013555773
683	0.000581407618685
682	0.00296388218219
133	0.0010855301928
131	0.00118602021582
137	0.000546853669107
136	0.00112128978917
135	0.00780073417286
134	0.00231754243454
491	0.00117335197594
493	0.00168979942576
24	0.00225045308353
23	0.000550320191242
927	0.0087698483533
28	0.000579992839738
29	0.0011777088517
939	0.000494751312042
402	0.0
401	0.00229415225816
933	0.00049140532887
936	0.00109627749485
409	0.00116108059016
758	0.000516002350953
828	0.000570713375988
371	0.00166660843497
821	0.000547564819577
374	0.000559054989413
377	0.00114991025362
822	0.000530565654679
704	0.00157022653302
706	0.000553362745756
707	0.00232961195673
700	0.00291173884948
701	0.0
702	0.00295536401198
703	0.00273950316473
392	0.00110519219467
391	0.0
397	0.0
394	0.00163342027785
82	0.000556982335272
86	0.00107781414716
84	0.000502308489599
796	0.00118382940245
795	0.00164499397613
791	0.000567804078046
790	0.0045814427222
607	0.00504377594141
586	0.00605910120007
587	0.00391253972527
584	0.000571886028196
585	0.00110961716706
582	0.00115782181197
580	0.00112981122297
581	0.00165908763666
588	0.000579992839738
245	0.00289765678882
246	0.00117730724731
241	0.000547900320912
240	0.00054129940333
249	0.00116699451624
248	0.00277743054248
924	0.00295329839767
519	0.000573076953572
511	0.000579992839738
510	0.0
513	0.00273647451127
1004	0.00295812366373
515	0.000560584075389
514	0.00268707375498
1001	0.00469155746435
516	0.0035478117458
458	0.00155247441273
459	0.000548633929607
450	0.00311427969406
629	0.00903246581624
628	0.00221205795361
454	0.00289694787277
456	0.000555300735808
595	0.000588398525553
175	0.00295710577542
173	0.00118602021582
170	0.000563600533227
977	0.00532756708951
517	0.00329504044588
975	0.0
971	0.00111615569267
180	0.000601782681556
979	0.00176957393752
978	0.00987968342903
656	0.00110338163756
657	0.00118602021582
654	0.00237206735973
2	0.00286167570043
186	0.000546690242863
653	0.000592763219749
650	0.00473300451087
185	0.00117211803001
652	0.000588398525553
188	0.00219639600692
189	0.00940076354547
658	0.00337706756708
187	0.00153926185301
184	0.000592339321566
868	0.00487790219298
13	0.00472927708727
15	0.00115268686799
14	0.00412850468157
17	0.00112796527444
16	0.00177145951342
861	0.0
863	0.000546853669107
862	0.00173083865758
865	0.000559277837723
866	0.000577653807524
947	0.0
659	0.000554564007662
881	0.00235686899337
880	0.00116684860453
886	0.000546690242863
885	0.000538522615197
752	0.000579928040436
322	0.000994478172963
321	0.00204769279063
326	0.00111647465475
327	0.00177876114178
324	0.0
329	0.00116075626184
201	0.000588398525553
200	0.00166139866128
202	0.000564348301196
771	0.00328467949166
770	0.000547678409828
207	0.00388695325114
772	0.0028231677154
208	0.00237171181326
77	0.00220337629394
75	0.00169507317857
78	0.00116309969456
664	0.00059104107385
663	0.0010408311048
662	0.00159490545517
660	0.000570132246059
769	0.00164714632339
692	0.00498599247565
693	0.000578595990685
696	0.00109510476391
697	0.0
695	0.00154523230848
698	0.00347077009592
542	0.00327281063909
543	0.000558927579002
540	0.00346664485562
541	0.00353328087305
546	0.00112006282912
547	0.00109584849752
8	0.000571886028196
548	0.00109389848449
549	0.0
994	0.00115782181197
997	0.00058065249882
996	0.00176957393752
991	0.00115852454192
990	0.00165746424084
120	0.00288986977525
122	0.00118524698517
124	0.000547564819577
125	0.0
126	0.0021776239497
127	0.00173109844199
414	0.000592763219749
415	0.00285299828347
416	0.00759802450691
410	0.00411506997533
920	0.0027784845695
921	0.00295221457648
922	0.000549391183231
923	0.0221445958375
418	0.00119082774979
499	0.00155199101022
319	0.000592339321566
318	0.00159501657533
313	0.000537661689517
311	0.000579992839738
316	0.00112056363656
833	0.00112456649247
830	0.00058685577254
837	0.00354839356083
838	0.000557665336408
368	0.00109371837194
369	0.00218966170156
364	0.00171135296866
365	0.000588398525553
362	0.00274997697328
360	0.00169149485927
361	0.000579992839738
952	0.00111219447074
381	0.00295790857404
383	0.000549391183231
388	0.000547710545952
784	0.000549568817662
780	0.00161873215166
782	0.00060628488421
783	0.00532931242168
788	0.00114180864783
789	0.00346909065794
573	0.000550320191242
572	0.00103394792244
571	0.00917016077349
577	0.0
576	0.00177045880468
575	0.000537661689517
61	0.00347592647035
62	0.0065740358739
64	0.0
65	0.00226921661864
66	0.0
67	0.00223073023492
68	0.00115856192542
250	0.00164146106945
251	0.00174980808917
256	0.000537661689517
257	0.000581407618685
157	0.00107112980699
731	0.00457336612265
732	0.000584897099444
735	0.000530565654679
508	0.000592763219749
509	0.00165699816376
506	0.0248488931655
738	0.00354977402695
505	0.0010550562943
502	0.00350232832479
500	0.00179476417556
630	0.0022525353646
631	0.00112968793759
633	0.00116496134038
469	0.00713491086904
638	0.0
639	0.00119438785373
466	0.000511284386038
900	0.00108432542657
462	0.00169247536474
168	0.0070772371121
164	0.0
165	0.00449475426888
166	0.00379507644827
167	0.00219208427017
160	0.00222864866162
161	0.00163296163131
963	0.00055723176438
969	0.000588398525553
935	0.00108535739314
875	0.000583553721693
872	0.000579992839738
873	0.00115877306271
870	0.0016481443947
890	0.00114381941576
891	0.00393545781681
894	0.000564348301196
896	0.0
648	0.00108978349871
356	0.00378833240461
809	0.000579992839738
808	0.000582484599471
353	0.000561975826939
803	0.00220347877748
802	0.00103394792244
216	0.000509884090296
214	0.00560721254354
215	0.00120124934284
762	0.00108320836499
955	0.00115807620396
761	0.00352236701014
764	0.00288775578573
765	0.00329076123201
957	0.00109755133683
956	0.00253193526286
4	0.000556982335272
281	0.00115397224476
280	0.00341375023673
285	0.000538522615197
284	0.000571886028196
679	0.00102079937862
674	0.00221809036682
676	0.0
670	0.000584967925742
671	0.0
672	0.00152348534676
260	0.00163633348329
267	0.00392767672648
268	0.00986764575734
58	0.0
56	0.00345060846199
53	0.00289062456987
52	0.00216605522278
535	0.00109524322941
534	0.0
532	0.00586804367386
531	0.00115704486942
530	0.00226384769782
538	0.00174800250528
775	0.000553531156698
988	0.00110131092236
774	0.0
980	0.000589595831892
987	0.0173883045
984	0.000548559360804
114	0.00177493232642
117	0.000581407618685
776	0.00109894032606
113	0.00109524322941
112	0.0049625183647
119	0.000573076953572
429	0.00231713636852
428	0.000558927579002
918	0.000520293038491
421	0.00275561645031
420	0.0
423	0.00413959496244
422	0.00114721573525
424	0.00330004085728
912	0.00325933151798
855	0.0
301	0.000547948176606
302	0.000558927579002
303	0.000536346985562
305	0.00214805764367
306	0.00385053655884
307	0.000548442966091
847	0.00450996101026
846	0.0017023434878
844	0.00362468902119
840	0.00173685642694
849	0.00354275726818
823	0.0104123587048
568	0.00156290329181
569	0.0138753960076
754	0.000575998270186
561	0.00169644698943
759	0.00108303480616
736	0.000579843329856
565	0.0030173518553
229	0.00276057047457
228	0.000578595990685
227	0.0
223	0.00168503122391
220	0.00112986388943
724	0.00701045949695
722	0.00164146106945
723	0.00148238618871
720	0.00277412436475
605	0.000578595990685
150	0.00113556470345
153	0.000593010377112
603	0.00265936890028
602	0.00161400384543
159	0.00727289936495
158	0.00118505776117
976	0.000578595990685
634	0.00114180864783
48	0.00103596270073
951	0.00463986558607
950	0.000536346985562
953	0.00167829230723
45	0.0
42	0.0
954	0.00165938285301
40	0.00518127462224
41	0.000991911669001
5	0.00176215917977
485	0.00273647451127
483	0.000551685667677
482	0.00346034093292
472	0.00592530574938
473	0.000593925310095
470	0.00174556360192
476	0.000583553721693
478	0.0
