344	0.00339639860124
347	0.00252435553529
343	0.00225816906056
812	0.000754109772071
817	0.00342052787708
719	0.000749345496076
718	0.0051817326105
716	0.00215170659737
715	0.0
713	0.0038209630786
712	0.00466949796176
915	0.0102252106515
910	0.00235804980099
299	0.0
294	0.00285644323891
293	0.000765613034651
290	0.00500283039114
291	0.00310862463241
591	0.00382476338762
592	0.00543195748351
199	0.00370993120354
198	0.00081288631147
596	0.00161500141163
599	0.000775513291411
196	0.00237868380309
191	0.00232818279893
190	0.00334470658188
193	0.00310374120591
272	0.00482805830989
273	0.000755456026372
274	0.00066674345318
275	0.00147627607967
277	0.0
526	0.00203460297326
522	0.000748639747973
528	0.00279775529464
448	0.00140126807256
443	0.0032122144231
440	0.00149783781677
444	0.00074806646161
103	0.00174343792236
101	0.00148449636444
107	0.00305912970727
104	0.00507665857941
901	0.000725712724882
905	0.000715875379775
32	0.00276364854812
31	0.00277752808205
30	0.00220733176426
35	0.00202925790178
34	0.00155497751685
641	0.000775390574337
643	0.00149143506523
644	0.00146430846858
647	0.00339654197226
439	0.000729098430191
648	0.00217051599374
435	0.000702485322981
335	0.00302345698532
334	0.00374254463327
337	0.0007617830001
333	0.00155496690754
332	0.00281361340275
854	0.00311171401957
855	0.00233008836501
857	0.00283031013013
850	0.00381977980663
851	0.00270295669217
853	0.000544927722814
859	0.0021813672131
98	0.00389542282711
91	0.00294860436679
90	0.00468192652527
92	0.00203168329336
96	0.00054490351808
740	0.00124082743105
742	0.00162095636913
743	0.00365202250567
558	0.000575118515435
746	0.000776011006801
749	0.00387729282667
557	0.000725917250555
556	0.00148269226867
551	0.000775190338433
550	0.00163892393064
553	0.00073609037043
552	0.000678204944282
239	0.00224092471461
236	0.00212603713953
231	0.0023091638087
232	0.00145756552415
233	0.00158108564181
147	0.00408983490199
142	0.00203654671537
143	0.000689471898387
141	0.00135325939317
612	0.00136819817204
617	0.00317263730223
614	0.0013924003395
149	0.00145050619963
947	0.0
944	0.000658374023377
942	0.00144380933551
940	0.000778006757148
688	0.0
685	0.000676034781595
684	0.00113638181267
687	0.00228267868032
686	0.00167104884603
680	0.00570050515202
682	0.000735395492836
132	0.0
137	0.00162070229769
136	0.00342664702635
135	0.00452111063095
134	0.00310445944824
495	0.00249623117734
139	0.000739741214081
497	0.00144478835552
491	0.000749345496076
493	0.00202506952624
24	0.00269510868034
25	0.000857825497862
927	0.00155740199151
29	0.0
406	0.00164394272954
402	0.0
401	0.00382037928079
930	0.0
936	0.00225202539942
408	0.00067505444889
758	0.0017731884629
379	0.00081288631147
371	0.0
373	0.00134416408044
372	0.00159098961717
377	0.00375088465663
708	0.000745223399812
704	0.00111608943263
706	0.0
707	0.00313885611452
700	0.0028563703238
702	0.000735395492836
703	0.00163234547665
392	0.000649931722155
82	0.000720215800547
83	0.000815434370497
87	0.000671352850959
796	0.00075077392475
795	0.00270697817535
791	0.00151133529597
790	0.0043539167559
607	0.00152950663827
586	0.00146864712086
587	0.000790753121065
582	0.00154525963277
581	0.0030439834612
589	0.000714195395213
245	0.0030704658345
246	0.00148138548943
241	0.000675998508605
249	0.00152043620174
924	0.00735664099212
513	0.00152325680004
1004	0.00296312017752
515	0.000726583441221
514	0.00133162902757
1001	0.00295985995599
516	0.00296735091693
458	0.00170603356159
626	0.000815434370497
624	0.000775146223295
450	0.00543679535584
629	0.013557721718
628	0.00226507869368
454	0.00859079879161
456	0.0
457	0.0007503926945
595	0.00400529524241
175	0.00442860599888
173	0.00296972232512
171	0.000846270434769
170	0.000755456026372
977	0.00583269854737
971	0.00203972534095
180	0.0
978	0.0135993704473
656	0.00134179790207
654	0.000760732128363
2	0.00500432463784
187	0.000778604524136
184	0.00168501968758
185	0.000780873358578
188	0.00202925790178
189	0.00285067590703
658	0.00203100424447
650	0.00330690710663
868	0.00363495327619
13	0.00150706670296
15	0.00246883040435
14	0.00445941566606
17	0.000679915013981
16	0.000753277987842
861	0.0
863	0.00570260904229
862	0.000836024299341
867	0.000698517988261
866	0.00372498733097
883	0.000847967071032
881	0.00075077392475
886	0.0
885	0.000729098430191
569	0.00619415881246
322	0.000557086869324
323	0.000593581282354
321	0.00177860930698
326	0.0
327	0.000756624714112
324	0.000561870497007
329	0.000772648322648
775	0.000821005617107
774	0.0
776	0.000749385831518
771	0.00326042737508
207	0.00678569392035
772	0.00311661726973
208	0.000707866228595
77	0.00218479153776
75	0.00540726800582
72	0.00149066843623
663	0.00228592022842
662	0.00405083082525
660	0.000698517988261
692	0.00697446717102
693	0.000775513291411
696	0.0
697	0.00310633990386
695	0.000778604524136
698	0.00463516926789
542	0.00234673101025
543	0.00205062143347
540	0.00929872269135
541	0.00301192126598
546	0.00251685386265
547	0.00339644784365
8	0.000754545244066
548	0.00219185402212
997	0.000777730072002
996	0.000728458734974
990	0.00272142978672
993	0.000815434370497
120	0.00540809895035
122	0.002789775742
126	0.00144137423751
415	0.00471119359174
416	0.0116465816504
410	0.000713744672882
920	0.00201559394004
921	0.00600495990425
923	0.00764244630821
418	0.00218566949676
925	0.00232939942264
926	0.0016427613767
499	0.0021203428435
319	0.000526048000948
313	0.00435470444105
311	0.00310662355849
310	0.0005788341291
316	0.0102493932663
833	0.00545212092218
830	0.00155257263837
838	0.0020194321309
368	0.000557086869324
369	0.000775190338433
364	0.00231591846057
362	0.00348137325542
360	0.00202244208144
952	0.00203972534095
381	0.00378063943844
383	0.00141797448769
388	0.00054811104243
784	0.00163173414455
782	0.00209966884578
783	0.00151007762444
789	0.00230788662177
151	0.000714195395213
573	0.00072814898305
572	0.0016270472545
577	0.003339977398
576	0.000753277987842
575	0.000729098430191
61	0.00224425613062
62	0.00541455533475
65	0.00376116831636
66	0.0
67	0.00271883864096
250	0.0
256	0.00289048710602
731	0.00328667276405
737	0.00222527989653
736	0.000805074635005
506	0.00899032338444
738	0.00380116260014
502	0.00380924150523
500	0.000698782749579
630	0.00539451291995
631	0.00269414061714
633	0.000765327445944
469	0.00949003481889
465	0.00131952544236
466	0.000812841831933
462	0.00234378810293
168	0.0109322470961
164	0.00110201459214
165	0.00552156663857
166	0.0021959523397
167	0.00552895085446
160	0.00673372416654
966	0.000846270434769
963	0.000677873059954
969	0.00146941111356
909	0.000856784436736
879	0.00503890969173
872	0.000831280621171
873	0.00232402900386
870	0.00216177826124
891	0.00538974880689
893	0.0
894	0.000676034781595
896	0.0
646	0.00155950055865
356	0.00871686476744
808	0.0
953	0.000676713830493
216	0.0012855067243
214	0.00662405412292
769	0.00241278321621
762	0.00145724741324
955	0.000775390574337
764	0.00386033764472
765	0.0036122312311
957	0.000678204944282
956	0.00182174726975
281	0.00214930355248
280	0.0196312656565
284	0.000817302812301
678	0.0
679	0.000575118515435
674	0.00130542522994
670	0.0
672	0.000583166918089
260	0.00145763126357
267	0.00330431323107
269	0.000777041129637
268	0.000777622448287
58	0.00170240999388
52	0.00655393534166
537	0.000707866228595
535	0.00298866117766
534	0.00110216542505
532	0.00225501363345
530	0.00479582726125
988	0.00136790450772
200	0.00476052279864
983	0.0
987	0.000775390574337
202	0.00134738763255
112	0.000658374023377
429	0.00390343655804
428	0.00830661979545
918	0.00058820511233
421	0.0027504801454
420	0.00164381951827
423	0.00440666077745
422	0.00329354587742
424	0.00474547425968
912	0.00664365770246
308	0.000728458734974
301	0.00136901605078
302	0.000681577252499
303	0.00230323999987
305	0.00072814898305
306	0.00407695836383
846	0.0020186958665
844	0.00175838963583
842	0.0
840	0.000773041106
849	0.00221690310688
823	0.000526048000948
568	0.00728888213951
752	0.000777879741947
754	0.0016111811859
561	0.00269330642163
509	0.0
565	0.00231321905597
566	0.00147955841175
228	0.00154112632606
223	0.00111895736633
220	0.00308608467358
727	0.0
724	0.0022416913979
722	0.00077977954322
723	0.0
720	0.00394277482969
605	0.00535428460241
150	0.000787226155764
153	0.000728912975746
157	0.00326831243505
602	0.0021813672131
159	0.00753759467395
609	0.00391728068635
48	0.000564767394836
951	0.00528448111213
950	0.0029779617707
44	0.000526048000948
45	0.0
42	0.0
954	0.00271895746521
40	0.0055968671124
41	0.0
5	0.00147323125838
488	0.00081288631147
485	0.00155950055865
482	0.000775513291411
472	0.00440498355924
470	0.00307524381109
