344	0.00112134521423
0	0.0116024116126
347	0.000576690429139
343	0.0
810	0.00231784186973
812	0.00056217570103
718	0.00515475665849
716	0.00346999308558
713	0.00337322399816
712	0.00227725331361
711	0.000578652265344
710	0.0029028202161
915	0.00170618868338
299	0.0
294	0.00433090615767
295	0.000580680184762
292	0.000569968337951
293	0.00231683392086
290	0.00280085895549
291	0.00392655907552
591	0.00227907106963
590	0.00115802230003
592	0.00281540422617
595	0.00406420481208
198	0.000575255434022
599	0.00174491261262
194	0.00288499159282
197	0.0005743083424
196	0.00220080321304
191	0.000570945837854
190	0.0045897479353
193	0.00519635047301
192	0.000581448118608
272	0.00114961191408
274	0.000573981954412
275	0.000594253014903
277	0.000576690429139
278	0.00168634612444
527	0.00114769352424
522	0.00290554287811
528	0.00114461971917
443	0.00231223282627
447	0.00324063155474
444	0.00169191883903
102	0.0
103	0.00115191021094
101	0.00174660245013
106	0.00222857303551
107	0.00456789682104
104	0.00108153659383
900	0.00516602550344
38	0.00172563824526
907	0.000578652265344
905	0.000573777429655
32	0.00112743917815
31	0.00169648057955
30	0.00541102135903
37	0.00107857396045
35	0.000573898336092
641	0.0011877647995
643	0.00116828511722
644	0.00116449198156
646	0.00733042772949
648	0.00488924898407
435	0.00108024953233
432	0.000591782442354
433	0.000591782442354
338	0.00118412127442
335	0.00292100639751
334	0.00627843309625
337	0.00113160553219
333	0.00986915966524
332	0.00270067275779
854	0.00168947762634
855	0.000602681018416
850	0.00174037355014
851	0.00171337341108
819	0.000577895638876
858	0.00058141392069
6	0.00173176651971
98	0.00675479387816
91	0.00164743511307
90	0.00347417065655
95	0.000591782442354
97	0.000572643664498
96	0.000975991578865
740	0.000453872450146
741	0.000573745354764
742	0.00459308077427
743	0.00159165075744
559	0.000860842374767
558	0.000998029930879
746	0.00103397585672
551	0.00112712920462
550	0.00231746884949
553	0.0
552	0.00174217250122
239	0.000581633481397
235	0.000573152670352
236	0.00114455348457
230	0.000558262864565
231	0.00296163199465
232	0.00323214023183
1	0.00113455361868
147	0.00228525483185
143	0.00115574896626
141	0.00114386667404
612	0.000577797585625
613	0.000584287773622
617	0.00114262184985
614	0.00058141392069
149	0.000578804843601
912	0.00324118379821
949	0.00107695814534
947	0.00115244581019
942	0.000569984280723
517	0.00550267663367
685	0.0023108776623
684	0.00411903465103
687	0.00166679556602
680	0.00228637059887
682	0.00233477857846
459	0.000549528214371
133	0.00268903979453
136	0.00394745605457
135	0.00911777781593
134	0.00282233688611
490	0.000555101439092
491	0.000581857896918
493	0.00171663431371
24	0.00285191423909
927	0.0101457571007
28	0.000591782442354
407	0.000578652265344
405	0.000561730796194
404	0.00116428770192
402	0.00169647926882
401	0.00337223389383
933	0.000576690429139
936	0.00171678286929
409	0.00116179818176
934	0.000581135132355
379	0.00115680037842
828	0.00116689006511
371	0.00171259628317
373	0.000573981954412
372	0.0017476462425
374	0.00171506583309
377	0.00348697915847
704	0.0010422465875
707	0.00111981301108
702	0.00058267169113
703	0.00114429262312
393	0.000578652265344
392	0.000541828539752
82	0.00168261113968
181	0.00172726764046
399	0.00174700359875
398	0.000569458250287
86	0.000578653149806
84	0.000574713195248
796	0.00174359325724
790	0.00281181731859
798	0.000580030257587
7	0.000579932171169
607	0.00228530836046
586	0.00924062547663
587	0.000566847590576
584	0.000573745354764
582	0.000591782442354
581	0.00114247070436
245	0.00297430715626
246	0.00290583622897
615	0.000578652265344
249	0.00116179818176
248	0.0017111237359
924	0.000582980771444
511	0.000572960419043
510	0.00040696992462
513	0.00225674829006
512	0.000577797585625
1001	0.00582430566677
516	0.00058683699861
458	0.00151116303892
622	0.00163975449503
951	0.00288687298973
624	0.00118270019716
450	0.00459025040818
629	0.00458144257319
628	0.00280980938289
454	0.0101448381582
456	0.00400689124196
178	0.00458011294543
199	0.00117855742939
175	0.000594253014903
173	0.00058804924044
171	0.00288190374116
170	0.000602681018416
977	0.00348876754389
976	0.00115343293527
253	0.00167943996302
978	0.00572725790281
656	0.0011478802905
654	0.000584500585131
2	0.0011251189892
186	0.00218528864539
187	0.00114937799516
650	0.00174841321225
188	0.00344176062293
189	0.00690026694992
659	0.00114301253999
184	0.000578652265344
868	0.00272554203819
13	0.000583626197723
12	0.00057406996134
15	0.00171889128212
14	0.00290984868969
16	0.00232268224705
19	0.000581208056405
863	0.0028698971544
862	0.0040514600464
865	0.00114427668035
866	0.00116466653196
883	0.00635614936262
880	0.00111587377767
887	0.000553548828626
885	0.00216100349789
752	0.000563320415201
322	0.0
323	0.0
320	0.000578652265344
321	0.000513133108043
327	0.000581448118608
324	0.00229194129098
329	0.00235494737946
201	0.00114107480934
200	0.0045550591299
776	0.000558262864565
771	0.00459408990728
204	0.00054254517013
207	0.00055866841643
206	0.000575442162454
209	0.000541115665816
779	0.000578652265344
77	0.00107695814534
76	0.000583436570292
75	0.00114689353637
74	0.00593380071093
73	0.000507282308195
72	0.00115912945652
71	0.000581135132355
70	0.00225186549476
78	0.00116179818176
662	0.00347123718258
692	0.00399775021019
693	0.00231680315054
696	0.00172080152912
697	0.00240528829061
695	0.00114937799516
698	0.0041582612759
542	0.00169807908154
543	0.000565775691349
540	0.00237944384691
541	0.00117855742939
546	0.00755013380185
547	0.000579274332924
544	0.0005743083424
8	0.0005743083424
549	0.000569984280723
994	0.000591782442354
997	0.00115390353547
996	0.00350116641954
991	0.000580680184762
990	0.00225880843998
993	0.00114532652017
999	0.00114197268054
120	0.0114805346363
126	0.00054254517013
127	0.00519761821081
414	0.000569176313584
415	0.00112347397266
416	0.00816770080522
410	0.000575332452939
413	0.00103397585672
920	0.00286158008957
921	0.000593363113205
923	0.00401054016618
418	0.00233400091077
925	0.00179202855436
926	0.000570935645107
499	0.00101842359971
318	0.000563320415201
313	0.00540177019363
312	0.000581117996998
311	0.00179202855436
310	0.00113892569024
317	0.000571959264806
316	0.00396136294922
315	0.000580030257587
832	0.00347131459561
830	0.00171235903417
834	0.000569968337951
838	0.000563673331076
369	0.00225424153263
364	0.00234273149859
365	0.0
361	0.000591782442354
952	0.000569386314454
381	0.00406626065691
383	0.00166234918735
388	0.00629246849909
784	0.00172474229911
782	0.00324477171786
783	0.00174251816352
789	0.00117489687321
151	0.0011191925785
573	0.00054254517013
572	0.00115509410689
577	0.000572486423638
576	0.00058804924044
575	0.00161694204417
61	0.00282721489841
62	0.00112962320914
66	0.0
67	0.00279665453997
68	0.000591782442354
69	0.000583436570292
250	0.00169191883903
251	0.00118865137466
256	0.00543675146557
257	0.00112378334454
939	0.000574713195248
731	0.00516151449025
730	0.00108527720372
732	0.000580680184762
737	0.00117912117964
506	0.00410869090685
738	0.00291784569241
505	0.000565283254678
502	0.00690460554777
500	0.00379650954153
501	0.000569968337951
630	0.00344710575488
633	0.00285939678667
634	0.0010446711353
638	0.00230036610889
464	0.00112936933596
466	0.000575255434022
460	0.000581633481397
901	0.000577804561198
168	0.00377430144728
169	0.000583152569561
164	0.00056278867454
165	0.0045043996136
166	0.00378069372216
167	0.000572960419043
161	0.000574356480058
963	0.00055866841643
969	0.000580170813284
935	0.00158886641073
909	0.0
872	0.000591782442354
873	0.00118691303706
870	0.0011368318713
891	0.00398404101263
899	0.000584868164737
356	0.00921730776713
809	0.000591782442354
808	0.0
353	0.001143158268
803	0.000549528214371
802	0.000579148595673
801	0.000583297550429
807	0.000581331870891
216	0.000492394523251
214	0.00614469339849
769	0.00347587997507
762	0.00327412128892
761	0.00117231105212
767	0.00173455093227
764	0.00177335335185
765	0.00542614849987
956	0.00296865880779
288	0.000572908650019
4	0.00171453533446
281	0.00114701794332
280	0.00627349663548
284	0.00114549400704
674	0.000541828539752
676	0.00040696992462
670	0.0
671	0.00119141862625
263	0.000563342830664
260	0.00107343462252
267	0.0060674574341
266	0.00107361591673
264	0.000595989507002
268	0.00338312607926
58	0.0
56	0.000591782442354
50	0.000566246178714
53	0.00172381990182
52	0.000541115665816
537	0.00171967021824
535	0.00282465809223
534	0.00804182747984
532	0.00174900338083
531	0.00231809141059
530	0.00456957752988
538	0.00116179818176
774	0.000576693551175
983	0.000585062360742
980	0.000569968337951
987	0.0194970130575
984	0.00269666786788
117	0.00168946004816
111	0.000538062185648
113	0.00112712920462
112	0.00380019841953
119	0.000557250231178
118	0.0
770	0.000563449137418
773	0.000597565093589
772	0.0353305596346
429	0.00224884852073
428	0.00169865427904
918	0.000505635407628
421	0.000564850497283
420	0.00136700496619
423	0.00521628154032
422	0.00229273723742
424	0.00339055679606
427	0.00118719005345
426	0.000578652265344
304	0.000572643664498
305	0.00108098906736
306	0.00342502381683
845	0.00485336221637
844	0.00304570677284
843	0.00751769710705
842	0.00117606527465
840	0.00118691303706
849	0.00237287484935
848	0.000571705287426
823	0.00226543774611
568	0.00115425432433
569	0.000581117996998
754	0.000569968337951
561	0.00055866841643
758	0.000960212315896
565	0.000513133108043
566	0.00280431684576
229	0.00113549441815
228	0.00231766536313
227	0.0
223	0.000569968337951
220	0.0034592234844
724	0.00463440648725
722	0.00112712920462
723	0.000941873137179
720	0.00453492366635
605	0.00291229830764
150	0.000572966159056
153	0.00349938910444
152	0.000578653149806
157	0.00171244788913
602	0.00160372520727
159	0.00225492263724
609	0.00457374898656
83	0.000575320992246
469	0.000572960419043
48	0.000492394523251
46	0.00040696992462
950	0.00228389970751
45	0.0
955	0.00357832750041
40	0.00804804384815
41	0.000467817792646
5	0.0
485	0.00112712920462
482	0.00292140047663
472	0.00377583135811
470	0.00116179818176
471	0.000571498208803
477	0.00114398355925
478	0.0016430776161
