344	0.00255069109837
0	0.00122793737424
340	0.000632470213506
343	0.00298787436061
810	0.000622503999457
812	0.00253099360247
813	0.00253633285349
348	0.0
349	0.000634839825123
817	0.00128162287073
718	0.0100651769985
716	0.00249763137463
711	0.000627508448054
710	0.00121926705712
915	0.00761762946952
910	0.000638701026741
294	0.00507550666693
295	0.000619507443434
293	0.00187763126906
291	0.00131045975903
591	0.00506059286986
592	0.00261824461284
199	0.0018183564962
198	0.000629573238208
599	0.000619507443434
197	0.000629573238208
191	0.0011553393658
190	0.0031850809805
193	0.000624158664931
271	0.000632928628321
272	0.00127845414562
273	0.000608232080865
274	0.00317928018994
275	0.00124442827594
278	0.00062482143913
526	0.00127339909144
443	0.00194935604525
442	0.000611905638377
440	0.00186854066229
447	0.00380698023102
445	0.00127191523915
444	0.00126898972679
103	0.00475265440328
101	0.00120502292442
106	0.000564665887896
104	0.00507304541013
105	0.000598364728449
900	0.00254913273007
38	0.00185497455897
904	0.000629519648243
32	0.00251627359469
31	0.00191483759375
30	0.00126557649245
35	0.00192229533342
643	0.000611905638377
644	0.00305485299827
647	0.00381529929378
439	0.000634096243379
649	0.000596178448166
648	0.000634191962538
435	0.00190379126084
339	0.000619507443434
335	0.0018995030274
334	0.00687384030559
337	0.00126207458524
333	0.000619507443434
332	0.00063491752559
854	0.00126940926472
855	0.00194759592146
857	0.00189745513448
850	0.00359829027676
851	0.00887588709542
853	0.0
6	0.00123141308181
98	0.00196612309526
91	0.00126193355285
90	0.000641080445743
92	0.000634839825123
96	0.0
740	0.00114755793289
742	0.00384169792721
743	0.00502618503157
559	0.0
558	0.00193340771234
746	0.0107400942773
557	0.000634096243379
556	0.00126738426586
550	0.00250926137771
552	0.00126781449166
239	0.0012637165316
236	0.00123617873828
231	0.0024365312552
232	0.00759719246965
233	0.00127979106483
147	0.0044012732904
618	0.00065086423051
142	0.00254050591184
143	0.0012586190993
141	0.00191465481327
614	0.000640306043601
149	0.0012295380166
1004	0.00181452415134
948	0.00253454524685
949	0.00190097543447
946	0.00441541869187
942	0.000645959179502
943	0.000585102629484
517	0.01077677028
685	0.000635758874996
684	0.00321045140376
687	0.00250359530577
680	0.00214383668185
682	0.00183753008276
136	0.00127006059064
135	0.00709258867282
134	0.00129350939663
139	0.000582622032347
491	0.000608232080865
493	0.00190118416284
24	0.00444333896276
25	0.00195118136028
28	0.000608397628891
29	0.00187156052629
404	0.000629603212397
402	0.00117332333675
401	0.00391846498574
931	0.00125736152519
936	0.0
409	0.000619507443434
758	0.0019415736766
379	0.000644449607982
829	0.0
828	0.00060956302938
371	0.000645959179502
373	0.00127804344079
372	0.000629306197723
374	0.00193533413147
377	0.00361603996395
704	0.00126350540765
706	0.000657387707591
707	0.000533065272044
700	0.00316089094254
391	0.00127123553425
396	0.00059638651625
394	0.000638701026741
82	0.00194295445826
181	0.00253780531252
398	0.000634004537641
86	0.000651079240059
796	0.0012247966391
795	0.00128092785337
791	0.000629127181112
790	0.00633111844695
586	0.00888040167124
587	0.00190369192534
584	0.00107917250714
585	0.00190392635107
582	0.00179023163536
581	0.00193778627576
245	0.00180690258853
246	0.00243410576378
249	0.00123141308181
248	0.00123775745054
924	0.00122309467788
513	0.000628703467858
512	0.00191945875868
514	0.00237386226911
1001	0.00120273206461
516	0.00310046990324
458	0.00324981005261
624	0.00182745992161
450	0.00254062207247
629	0.00444301976674
628	0.000645959179502
454	0.00262475325405
457	0.000601861420356
178	0.014257021406
595	0.00566296159114
175	0.00244158812143
173	0.0012467454635
171	0.000631044058401
170	0.00129670583002
977	0.00416194912037
976	0.000619507443434
971	0.00127006059064
978	0.0127956738412
656	0.00127532999615
180	0.0
2	0.00570546816157
184	0.000599759613683
185	0.000633157672249
188	0.00254990298831
189	0.00566867512597
658	0.00127059870012
659	0.000646396108753
868	0.0038015212762
13	0.00247045652476
15	0.00107671730345
14	0.00368124590797
863	0.000646026954743
862	0.000619507443434
866	0.00303132735361
883	0.00186728604395
881	0.00244362784518
886	0.0012714357974
885	0.00317136654737
569	0.000619507443434
322	0.00116906171791
321	0.000650414254614
327	0.000598411092154
329	0.0
775	0.0
200	0.0044444490576
776	0.000628563197323
771	0.00515857490447
207	0.00576090903375
772	0.00312961565565
209	0.000632470213506
208	0.00122308261429
77	0.00254110776293
75	0.000567062717138
74	0.00380667414014
73	0.000644543802449
72	0.0
78	0.00187442352136
668	0.00189801947288
663	0.00118793306292
662	0.00257416729777
660	0.000629573238208
692	0.00378781020642
693	0.00188091961095
696	0.00251689110825
697	0.00194706267067
695	0.00126613024937
698	0.00419967757139
542	0.00253115972575
543	0.00127006059064
540	0.00119862700586
541	0.00181544908846
546	0.00125559896498
547	0.00255079166724
549	0.000625792489831
994	0.00240340657677
997	0.000620283207345
996	0.00241381381691
991	0.000619507443434
990	0.00255471818338
992	0.000631977557709
120	0.00503608774994
122	0.0209116659066
126	0.00316993431458
127	0.000629306197723
415	0.00259964471659
416	0.0101422104835
410	0.0018736683959
920	0.00381228306103
921	0.00184032032498
923	0.00433031068694
418	0.00119933441429
926	0.00252738486174
499	0.000650414254614
319	0.000651741268434
318	0.00126912457571
313	0.00189809696202
310	0.00177132886797
316	0.00381609141471
315	0.0
832	0.00298950048986
833	0.000632810548148
830	0.00189861867097
834	0.000627322498875
838	0.00127071046958
369	0.000628703467858
364	0.000595410483903
365	0.0012185877149
362	0.00317629575705
360	0.000635758874996
381	0.00122146866776
383	0.00376737526997
386	0.000647663167264
388	0.00189700596091
784	0.000650289065408
780	0.00177731306436
782	0.005074723445
783	0.00244757345632
788	0.00113397534989
571	0.00638187484335
577	0.00125954843877
153	0.000593030062153
575	0.00126738426586
574	0.000632470213506
61	0.0145712816295
62	0.00189193004728
67	0.00383568476847
68	0.000629957563729
69	0.000597339973183
250	0.00063611430805
256	0.00317177662174
731	0.00161502108028
730	0.00126524580229
737	0.000622503999457
506	0.0171521486933
738	0.00123003674229
502	0.00690151173796
500	0.0019032729045
630	0.0044040682819
631	0.000635758874996
633	0.00188152518921
469	0.00255975922286
638	0.000632391878224
901	0.000646026954743
168	0.00950822079956
169	0.00125901054155
164	0.00118244260267
165	0.00384197182187
166	0.00760351425278
167	0.00382826076589
160	0.0019115767827
161	0.000638701026741
966	0.000634096243379
963	0.000639767827309
935	0.00379556345278
908	0.000633106278945
879	0.00239375398354
872	0.000634191962538
873	0.000598841243782
870	0.000645959179502
890	0.00496490337345
891	0.00380944636391
899	0.000633397597981
646	0.00188713490245
356	0.0196003846278
809	0.00119657411851
808	0.000611905638377
353	0.00190838909371
803	0.00190361443814
802	0.000634004537641
800	0.000630489555369
804	0.00184103517405
216	0.00130259544668
214	0.00567805982016
762	0.00253654333382
761	0.00239116454471
767	0.000619507443434
764	0.00300376767032
765	0.00886065879867
956	0.00388827882904
288	0.0038147560028
4	0.000645959179502
280	0.0158852209064
283	0.00125905450207
284	0.00161223777918
679	0.000648510098028
674	0.00253761503926
677	0.000651079240059
670	0.00122013771924
260	0.00254993011455
267	0.00127058615808
266	0.00126963715735
264	0.0
53	0.00187302991774
537	0.0018734567138
535	0.00126881861286
534	0.00189981398068
532	0.00305190300068
530	0.008887510304
538	0.00248635398725
988	0.00255368881327
980	0.00252931117187
987	0.00119595530894
984	0.00443950678602
110	0.000634662546711
113	0.000634969130217
112	0.00317257662575
205	0.000628010443673
118	0.000623828965623
429	0.00327549148241
428	0.0145947342647
421	0.000640306043601
420	0.0
423	0.00420703042391
422	0.00327735567852
425	0.00189694435707
424	0.00192006294157
912	0.00632590846646
301	0.000640306043601
302	0.000634839825123
305	0.00126330079657
306	0.00381982827555
846	0.0012755267023
844	0.00194213614762
841	0.000636208083548
840	0.000598841243782
568	0.000635536297127
752	0.0017701235524
754	0.000629306197723
561	0.00191168306646
563	0.000629312901576
565	0.00321399162173
566	0.000628563197323
229	0.00127058636232
228	0.0018603109547
226	0.000611905638377
223	0.0
220	0.00113954997063
724	0.00371913285159
722	0.000634509265176
720	0.00379524542738
721	0.000633106278945
729	0.000601861420356
605	0.0024801298344
607	0.00565834322
606	0.0
157	0.00315315249364
602	0.00380144228029
159	0.0069137987857
609	0.000655663336222
83	0.00259496261341
48	0.00065086423051
951	0.00627520114761
950	0.00415338594386
953	0.00126977437726
952	0.00190574778033
954	0.00126957496729
957	0.000640306043601
41	0.00128820573607
5	0.00304543364694
485	0.000629573238208
482	0.0
472	0.00505882575164
470	0.000619507443434
477	0.00116924398812
479	0.00125881017821
