216	0.0
214	0.012220052616
952	0.0034115955976
693	0.00224082021945
575	0.00245878223468
663	0.0
662	0.00250888450725
764	0.00198426431902
660	0.00236974916718
885	0.00236255120674
136	0.00112389191933
135	0.013135439942
134	0.00242718848501
495	0.00124221143398
139	0.0
538	0.00109240381524
988	0.0205093478447
650	0.0
493	0.00115651064497
24	0.0034495955369
25	0.0
992	0.00118230345919
947	0.00495977872285
695	0.00246010071952
95	0.0011484164042
698	0.00612944784593
344	0.00341080151538
288	0.00115651064497
540	0.00101666796525
541	0.0
4	0.00239625706521
401	0.00831033740566
343	0.0
281	0.001070618355
280	0.00230466729917
812	0.00236135484921
814	0.00117203940424
284	0.0011548065135
409	0.00109240381524
817	0.00332884485795
995	0.0
994	0.000967596353773
595	0.00505240605705
737	0.00163934037044
991	0.00109240381524
702	0.00157463014972
634	0.0
642	0.00122128136975
674	0.00350641499877
577	0.0
671	0.00118194645292
672	0.0
710	0.00109240381524
120	0.0158731528457
915	0.0047615522431
122	0.00120421302174
267	0.00230080234956
125	0.0
126	0.00590042453149
127	0.00122128136975
2	0.00587955652296
767	0.00109240381524
765	0.00484877496494
977	0.0149240310036
844	0.0
58	0.0
528	0.0
53	0.00125874062773
379	0.00124221143398
415	0.00735015631619
416	0.0142540922944
534	0.00120421302174
829	0.0
532	0.00353714796323
299	0.0
371	0.00234222857174
920	0.00112282081762
294	0.0141471456662
295	0.00109240381524
418	0.00178389716601
293	0.00271253258621
290	0.00241654545848
291	0.00118680927582
591	0.00360743193011
319	0.0
862	0.00222585895739
199	0.00147423342015
147	0.00483102906214
313	0.00735774794717
957	0.00553128508688
197	0.00153720158774
196	0.00118557182614
700	0.00471692677654
190	0.00675377354712
193	0.00505003155266
392	0.00466462640239
272	0.00504296401897
742	0.00725674507985
274	0.00351486348949
110	0.00467728571776
112	0.00935202021165
82	0.00119376077431
83	0.00120249629089
86	0.00126290985495
984	0.00236255120674
840	0.00101666796525
832	0.0
833	0.00122597968701
795	0.00321984375501
762	0.00235634367659
790	0.00473317240523
629	0.0254771050801
838	0.00343864955116
581	0.00356933715237
535	0.00122128136975
891	0.00688142939358
429	0.00237196225352
428	0.00243569539837
526	0.00115651064497
369	0.0
421	0.00215059792356
423	0.00316226003633
422	0.00231062069093
362	0.00575170378514
424	0.00428098372761
360	0.00230143888271
912	0.00230877100957
586	0.00234221194347
309	0.0
585	0.00362732049579
582	0.00194762673201
542	0.00122128136975
443	0.00252151396932
301	0.00215059792356
413	0.00354863406026
447	0.00236255120674
306	0.00479385982976
444	0.0
245	0.00101666796525
381	0.00300399419818
246	0.00445092785771
241	0.00217539998944
614	0.00215059792356
243	0.00123148237663
388	0.00240951773079
103	0.00167100881988
101	0.00149125121645
249	0.00109240381524
107	0.00648712063696
104	0.00477931308268
851	0.00666396331183
784	0.00480921950515
846	0.00230970700594
373	0.00219206664907
372	0.00339821216305
780	0.00336898230045
818	0.0
783	0.00147423342015
32	0.00458276672558
31	0.00229858504046
909	0.0
35	0.00432742306341
374	0.00119854908788
630	0.00460002429348
924	0.00147423342015
383	0.0
823	0.0
438	0.0
646	0.0
510	0.0
1004	0.00167100881988
514	0.00167100881988
1001	0.00648860350648
458	0.0
6	0.00109240381524
339	0.00109240381524
932	0.00238291665797
335	0.00173756308266
572	0.0012459746523
337	0.00118194645292
628	0.00119376077431
499	0.0
576	0.0
333	0.00109240381524
61	0.00984318156004
62	0.0
923	0.0113151229004
65	0.00108295662507
178	0.0241088565615
253	0.00125874062773
772	0.00248002199748
954	0.00321984375501
256	0.00236255120674
257	0.00358836549768
752	0.00237306868605
170	0.00119376077431
854	0.0
517	0.00120421302174
873	0.00101666796525
746	0.0142653903016
0	0.00109240381524
745	0.0
530	0.00236072366671
926	0.00242901362386
90	0.0163121308478
978	0.0097817898075
656	0.00112282081762
599	0.00109240381524
180	0.0
181	0.00112282081762
187	0.0012459746523
184	0.00389738514861
509	0.0
506	0.00598709457895
738	0.0102667709049
188	0.00545248245481
189	0.00120421302174
502	0.00340668112001
980	0.00241381182365
500	0.00351875774107
547	0.00215059792356
568	0.00620358111175
569	0.00109240381524
310	0.0
469	0.0183510752729
468	0.00516997154025
754	0.00253031400733
70	0.00120501810923
561	0.00230970700594
759	0.0130326017053
563	0.00120959880191
883	0.00379584196136
565	0.0
315	0.00118463963138
316	0.00925295520438
810	0.0
38	0.0
168	0.00116030321214
169	0.00171297157668
229	0.00120991292402
228	0.00109240381524
164	0.0
165	0.00687240573052
166	0.0081979898616
167	0.00429971683663
160	0.00230000014281
161	0.00108295662507
98	0.00118680927582
966	0.0012304564463
802	0.0012459746523
15	0.00347301775765
14	0.004693269985
16	0.00275373891418
19	0.00138286028522
731	0.00349897952198
867	0.0
349	0.00108084163926
722	0.0
658	0.0022432115543
721	0.00361169679125
397	0.00118194645292
819	0.00123148237663
908	0.00120410556419
605	0.00109240381524
150	0.00122597968701
607	0.00945982402618
558	0.00106924583144
157	0.0012077322541
631	0.00115651064497
159	0.00477615650395
550	0.00118835883106
553	0.00163934037044
552	0.00107528027128
633	0.00252315645655
239	0.00333437749264
976	0.00216930968577
235	0.00351016782851
935	0.00118835883106
231	0.00219861441817
232	0.00237306868605
990	0.00106576868554
997	0.00136465382774
48	0.0
774	0.00124140776864
46	0.0
950	0.00336898230045
953	0.00337934775724
718	0.0228765939159
43	0.00118609184402
40	0.0111995258454
956	0.0
322	0.0
323	0.0
320	0.00136465382774
321	0.0
5	0.00163934037044
324	0.00242858058581
870	0.00119376077431
329	0.00118194645292
200	0.00113494881314
996	0.00147423342015
647	0.00351551129697
207	0.00858898901773
141	0.00662070422742
704	0.0
617	0.00122597968701
450	0.00491058168641
712	0.00122274946204
77	0.00117509758467
803	0.00116795131708
74	0.00703396971885
648	0.00587129972741
951	0.00920157930086
485	0.0
483	0.00115651064497
573	0.00136465382774
78	0.00109240381524
512	0.00107528027128
692	0.00595441708655
732	0.00150540145423
879	0.0
942	0.00118463963138
940	0.00258740328978
472	0.00348499628606
356	0.00239164317639
470	0.00109240381524
471	0.00118609184402
353	0.00226774905536
477	0.0
936	0.00355656386736
685	0.00115651064497
684	0.0
687	0.00118835883106
67	0.00113469059827
680	0.00462683969324
683	0.00118680927582
