344	0.0015258323438
0	0.000503821229837
347	0.0
341	0.000507916413345
343	0.00150950871831
810	0.00100907755615
811	0.000506422844112
812	0.0020192299296
813	0.00050676983751
814	0.000506776485155
349	0.00101662978153
719	0.0010085570619
718	0.0111374853717
716	0.00202233195231
713	0.000508079711203
712	0.000508560787243
710	0.00201716346521
915	0.0106640586738
917	0.000507916413345
299	0.00100843262401
294	0.00304289339134
295	0.000503821229837
293	0.00404364107805
590	0.000507565133847
593	0.000506246920471
595	0.00303835473634
198	0.000508560787243
599	0.000503821229837
197	0.000506740189994
196	0.000508401334417
191	0.0
190	0.00457111339004
193	0.00101460360459
192	0.00150628295073
272	0.00152399281862
273	0.000506236465014
274	0.00152220275317
275	0.00101779229715
277	0.000505737308393
278	0.000508079711203
738	0.0040335405934
526	0.0010159067865
527	0.00152085087379
521	0.00101512416347
522	0.000506527340334
523	0.000507072725909
528	0.00201586245037
443	0.00203939178844
441	0.0
445	0.0010167063845
109	0.00050753619029
101	0.00101203360254
106	0.00100153354705
107	0.00252873729697
104	0.00253971285096
105	0.00100874720382
902	0.000507763700718
900	0.00202980136493
38	0.00151218142017
906	0.000998943261661
32	0.00304027445797
31	0.00304757059002
30	0.00202879617332
35	0.000507763700718
641	0.000499302171497
640	0.000507505631896
643	0.0
644	0.00251123235664
647	0.00101615674329
439	0.00202902736649
649	0.00050130934907
648	0.000506247863494
435	0.00507047084181
433	0.00199470810579
339	0.000503821229837
338	0.00100199206888
335	0.0021378924084
334	0.00759495145127
337	0.000502512578684
336	0.00151466317473
333	0.00151158945853
332	0.00253580212203
744	0.00202927641507
745	0.000504076827157
854	0.00202881324982
818	0.00251239445964
857	0.00355517563008
850	0.0
851	0.00304515638624
819	0.00150713281505
858	0.00101248069016
6	0.00100474592347
99	0.00302224695565
98	0.00507943614727
90	0.0152461095543
92	0.0015244525417
95	0.000499302171497
96	0.000494575938927
740	0.000507055955437
742	0.00506438894516
743	0.00152578221803
559	0.00198368789776
558	0.00354950601419
746	0.00810777914444
749	0.00202330152787
550	0.00253144310647
552	0.00101248069016
239	0.00101330786683
236	0.0
230	0.000506988707693
231	0.00352335075933
232	0.00304249385393
233	0.00202372486982
155	0.000507625939319
147	0.00151730019708
618	0.000508356226652
142	0.00152414804407
143	0.000507374032135
141	0.00101586048137
613	0.000508331764001
610	0.000508524629289
611	0.000952383610476
617	0.00151757967346
614	0.00152123626435
149	0.00101176439799
948	0.00710234855447
949	0.000507119574724
946	0.00355270979253
947	0.000508560787243
517	0.0030433725032
685	0.0
684	0.00609346333642
687	0.00354410870911
516	0.000907291521831
680	0.00253643848074
682	0.0
133	0.00152369660108
132	0.0
136	0.00152450869429
134	0.000508079711203
139	0.00301377177285
24	0.00253623257434
25	0.00101625439607
22	0.00050297729101
28	0.000499302171497
29	0.0030065169755
407	0.0
939	0.00100712279539
404	0.00202532691345
401	0.00203324953007
400	0.000507072725909
933	0.0
409	0.000503821229837
408	0.000507916413345
828	0.00100881021262
371	0.0
373	0.00203352510802
372	0.00253113216927
374	0.00151780668427
377	0.00304417034378
704	0.00152499892612
706	0.000502512578684
707	0.00354994415914
700	0.00504328849738
144	0.000507255653133
702	0.001005532335
703	0.0015263894639
393	0.000507433280444
392	0.0
391	0.00305141446305
390	0.000507625939319
181	0.00101584479161
399	0.000502965021571
86	0.00102086217858
895	0.0010146550655
796	0.000997518448027
795	0.00101625385441
792	0.00050268989738
791	0.000506740189994
790	0.00455311422824
799	0.0010146550655
798	0.000499063077619
586	0.0121698465677
587	0.00100673138756
584	0.000507120862534
585	0.00151949122499
582	0.000499302171497
581	0.000499076474979
245	0.00249737294937
246	0.00151677255312
241	0.000507763700718
148	0.000508556188318
243	0.000505898268624
249	0.00101056141983
248	0.000508331764001
924	0.000916875394714
518	0.00507209649843
510	0.00050130934907
1004	0.000504738950584
514	0.00150478873812
1001	0.00100452774704
1000	0.00152401479146
458	0.00152400435143
622	0.000996547299355
951	0.00911219713985
624	0.0030173547014
450	0.00355470834619
629	0.00456862031726
454	0.00355778369635
178	0.0141111815098
199	0.00150654826552
175	0.00101838593148
173	0.000502230976322
170	0.000998320482486
977	0.00201325640412
976	0.00100784150452
974	0.00101438436953
971	0.00101718875254
180	0.0
978	0.000507763700718
656	0.00203139651651
654	0.000505443841726
2	0.00404406790226
187	0.00203195802961
650	0.0
185	0.000506422844112
188	0.00152394772721
189	0.00252837797372
658	0.0015219168461
659	0.00101331417821
184	0.00101203360254
868	0.00355123528142
13	0.00151110412879
15	0.00152214310143
14	0.000932211767788
17	0.000508393042575
16	0.000506246920471
19	0.00100911088074
863	0.00152038690412
862	0.00100735650845
865	0.000505958178576
866	0.00252972589079
883	0.00101368020092
887	0.000505117472769
886	0.000507430778323
885	0.00152158660268
752	0.00253414684149
929	0.00100717566105
809	0.00100526035007
322	0.00151181334504
323	0.000502031215194
321	0.00101547950159
327	0.00100907755615
324	0.00101341928068
329	0.00150825813436
688	0.000536112755935
200	0.0025410259747
776	0.000506306270036
207	0.00508113570037
772	0.00811878868822
779	0.000506246920471
77	0.00304126779433
76	0.000507071401819
75	0.00303995042784
74	0.00203002384552
73	0.00152588945764
72	0.000507505631896
70	0.00152062168226
78	0.00151232173927
686	0.0
669	0.000506740189994
668	0.00050676983751
665	0.00050676983751
663	0.00150954147918
662	0.00203493588754
692	0.00454607126652
693	0.00151071093967
696	0.00151888320197
697	0.0020055714619
695	0.000508560787243
698	0.000499302171497
699	0.000507055955437
542	0.00558070593831
543	0.00152591096465
540	0.00551194573688
541	0.00151444337475
546	0.00253394298795
547	0.00253360765853
544	0.0010145730114
8	0.00050676983751
995	0.00404735311347
994	0.00199690437172
997	0.000502244499991
996	0.00251230476541
991	0.00202198290758
990	0.00507160697765
120	0.00405880282679
122	0.00107605669061
125	0.00050130934907
126	0.00101432614163
127	0.00101217187511
69	0.0
414	0.0010118564472
415	0.00353641514825
416	0.00304054478991
410	0.00151376261779
920	0.00253867831248
921	0.000976181297326
923	0.00708502326933
418	0.00201198424338
925	0.0030076828514
499	0.00152334106789
319	0.000508368367119
318	0.0015227154268
313	0.00152262224881
311	0.00150137902415
316	0.00457258227877
314	0.00201415349377
832	0.00752428784243
833	0.00303849908505
830	0.000500773208987
837	0.000504076827157
835	0.000508990560212
838	0.00152341828529
369	0.000507792513787
367	0.00405675940136
364	0.000498712826786
365	0.000506246920471
362	0.000507625939319
360	0.0010159067865
361	0.0015027578207
381	0.00302029892177
383	0.00252591605123
388	0.00252851954365
784	0.00406027028115
780	0.00100259552941
782	0.00507088650063
783	0.00201192455939
788	0.000499020968366
789	0.0010030001045
151	0.00101604961799
573	0.00202856205351
572	0.00101533062475
607	0.000506686576937
575	0.000507119574724
60	0.00101667179943
61	0.00405207844148
62	0.00304333961558
65	0.00101447261812
67	0.00305096960453
68	0.000499302171497
253	0.000508401334417
250	0.00202944834394
251	0.00100190171153
254	0.000508560787243
731	0.00557772576639
730	0.00152254713283
735	0.0
509	0.00050130934907
506	0.00401925266884
507	0.000507114613184
502	0.00352911600107
503	0.000508739115672
500	0.00405395346359
630	0.00254052334928
631	0.000507763700718
633	0.00253663865976
469	0.00152422585935
465	0.00100893089816
464	0.00104258226874
168	0.00862014340645
169	0.00151896119645
164	0.0014923264679
165	0.00355718617515
166	0.00101471492259
160	0.00304237377463
161	0.00354767582911
163	0.00101463549243
965	0.000507926399482
966	0.000507489844413
962	0.00100812369746
963	0.000508643591255
935	0.00455270451745
934	0.00202547498326
908	0.00152446213271
909	0.0
879	0.0
876	0.00101133300546
874	0.00350222560798
872	0.000997518448027
873	0.00250315400952
870	0.00101411786312
890	0.00201766735872
891	0.00657764910985
438	0.000502244499991
899	0.00108029464082
646	0.00202773813935
356	0.0106566480833
355	0.0
808	0.000542108968941
353	0.00101673218075
351	0.000507143052202
802	0.000508560787243
807	0.000502244499991
806	0.00355573726444
216	0.00152469175688
214	0.0096319231038
762	0.0015216746218
955	0.00150105460653
767	0.000503821229837
764	0.00199657828128
765	0.00355525546645
956	0.00203063637645
288	0.00355869625214
4	0.0
281	0.000507763700718
280	0.0162454346076
285	0.000504803764962
284	0.00101335732755
674	0.0
675	0.0
670	0.000503324325555
671	0.00101196492001
260	0.00253443981185
267	0.00303749431024
266	0.00152110482666
264	0.00151075836951
268	0.000508079711203
58	0.0
56	0.000998101240466
50	0.000495237950285
53	0.000507403777558
52	0.00050738861448
537	0.0
535	0.00405956121548
534	0.00151223023699
532	0.000452016059272
531	0.000499302171497
530	0.00405829583343
538	0.000503821229837
983	0.000506066651387
980	0.00159814797397
987	0.0139916151251
984	0.00202909904471
114	0.000539865041433
117	0.000508079711203
111	0.00101304078017
113	0.00152192224467
112	0.0
119	0.00100893089816
118	0.00104542159206
429	0.00152494465895
428	0.00609693507707
919	0.00202747309409
918	0.00050693240076
421	0.00152401755513
420	0.00148590126844
423	0.00303491919972
422	0.00304546342784
425	0.00608835463207
424	0.00253997580469
913	0.00101540638801
912	0.00709810810867
309	0.000502031215194
855	0.00149846526138
300	0.000507625939319
301	0.00152135207842
302	0.000508393042575
304	0.0
306	0.00456309716907
846	0.00762038547067
844	0.0010137913754
843	0.0
841	0.000508331764001
840	0.00199858343299
853	0.000508331764001
849	0.000499302171497
848	0.0
823	0.000507422976815
568	0.000508560787243
569	0.00252105314495
751	0.00101350849243
750	0.0025421072286
754	0.000506246920471
561	0.000507763700718
563	0.000507352812337
565	0.00152445008648
566	0.0020302389651
739	0.00253595943718
229	0.00253398402061
228	0.00100714555539
226	0.000508331764001
224	0.000508393042575
220	0.00253543998329
724	0.00353374421181
722	0.000507265678947
723	0.00152588945764
720	0.00253186001341
721	0.00254140330851
605	0.00201404058717
153	0.00251253235976
152	0.00102086217858
601	0.000506907308674
154	0.00050130934907
157	0.00405990175558
602	0.000508744530045
609	0.00304210346251
83	0.000507625939319
634	0.00100334056426
958	0.0
48	0.0066071372615
46	0.0
950	0.00050130934907
953	0.00304193400366
952	0.011181699509
42	0.00100334056426
954	0.000508236738952
40	0.00813454902903
41	0.00254294760433
638	0.00553017361141
5	0.00254550691982
488	0.000508560787243
486	0.00152524075839
485	0.000507281638586
484	0.00203403443681
483	0.000505898268624
482	0.00201123510251
480	0.000499302171497
472	0.00710382991357
470	0.00201540054267
471	0.0010139345633
474	0.000503381913514
478	0.00100849236348
