344	0.00114961670689
0	0.00127827188222
347	0.00187553372939
341	0.000623015516152
343	0.00189194014492
812	0.000608426729503
817	0.00114606490824
719	0.00126718272121
718	0.00315565823578
716	0.000634587346221
713	0.00124704108263
712	0.0018667386755
710	0.00191293126981
915	0.00854654044606
910	0.000621789573752
299	0.000637563816126
294	0.00124589157366
295	0.000638333808679
292	0.000621719261163
293	0.000638333808679
290	0.00188601643446
291	0.00248328649666
591	0.00312619510385
590	0.0
592	0.00374238273357
595	0.0
596	0.00126375530956
599	0.00191733970329
197	0.000626714519593
191	0.00125660932627
190	0.002997332045
193	0.00316052128959
192	0.00063263512272
270	0.00126208743491
272	0.00187650028198
274	0.000598738519101
275	0.000636841769699
277	0.000621789573752
278	0.00125596871362
526	0.00242283945611
522	0.000631641576779
523	0.000632318817138
528	0.000626714519593
443	0.00250978182345
444	0.00125413796423
102	0.000629024479242
103	0.00190375767803
101	0.00126721158404
106	0.00251725449466
107	0.00759904413785
104	0.00126387226863
900	0.00187122624223
38	0.0012390413728
904	0.000629849587351
32	0.00246016134499
31	0.00114833329041
30	0.000622884250832
35	0.00114606490824
641	0.00126472564454
643	0.000612975776088
644	0.00252375143591
647	0.00181838231833
646	0.00187684637499
648	0.00126387226863
435	0.00248559706506
432	0.00063441443374
433	0.00125820188371
338	0.00063441443374
335	0.000637254826053
334	0.00313478333846
337	0.00126057550355
333	0.00191882418004
332	0.000553222113
854	0.00062675973892
855	0.00187938899888
857	0.00244465126217
850	0.00251797183238
851	0.00418242591348
853	0.00188982969758
858	0.000626408673053
6	0.00191163438579
98	0.00622738830754
91	0.00125221877086
90	0.0132169724041
92	0.00113470808993
95	0.00252628608743
96	0.0
740	0.00124933198776
741	0.000609924934682
742	0.012510010833
743	0.00247730322007
558	0.00336278448549
746	0.00250619902448
551	0.00125483772525
553	0.00127127662609
552	0.00229533442009
239	0.000625734917457
236	0.00316386750348
230	0.000632487989087
231	0.00380461196905
232	0.00121943942746
233	0.00187826892158
147	0.000622783793394
618	0.000552667838788
142	0.000565514260928
143	0.000609924934682
141	0.001715392132
612	0.00125951575587
617	0.00124794211666
614	0.00171829209612
149	0.00126721158404
1004	0.00316827541474
947	0.0
942	0.00186893697549
514	0.00126918284475
688	0.0
685	0.0042920445723
684	0.00243416145337
687	0.00187848607641
686	0.00124639149119
680	0.00492633347001
682	0.00379329751143
133	0.000632318817138
131	0.000632237847562
136	0.0017872869731
135	0.00808199410749
134	0.00186730755404
497	0.000630035609971
493	0.00240049216973
24	0.00363223423487
25	0.00281612353474
927	0.0112765337198
28	0.00063441443374
29	0.000629849587351
405	0.000598556058592
404	0.0
402	0.0
401	0.00369194463954
400	0.000625734917457
933	0.00125158635095
936	0.0012481966396
409	0.000638333808679
934	0.0
453	0.0
828	0.000629736527724
371	0.000621719261163
372	0.0
374	0.00125065052387
377	0.00187955072122
822	0.0
709	0.000571195326761
704	0.00284679554333
707	0.00123865725619
700	0.00121761930486
144	0.000609924934682
702	0.00126496023803
393	0.000634021800038
392	0.000619328945234
394	0.000621789573752
82	0.000621719261163
181	0.000598738519101
398	0.00124429444686
86	0.0018799322361
796	0.00126227345753
795	0.00345924129573
791	0.00183477147309
790	0.00305748805414
607	0.00937314947339
586	0.00560639632052
585	0.00228249916203
582	0.00126951535715
580	0.000609924934682
581	0.00250021786751
588	0.00063441443374
245	0.0031723932927
246	0.00316045478638
249	0.00127827188222
248	0.00495811909024
924	0.00505706736361
511	0.00063441443374
510	0.00127196436309
513	0.00062675973892
512	0.00114606490824
1002	0.000552667838788
1001	0.00439730594643
516	0.0018731345982
458	0.00347309306781
624	0.000635646318514
450	0.00497426543511
629	0.00848591649197
628	0.00124294685823
454	0.00559844651215
456	0.000621227597063
199	0.00126496023803
175	0.00127142911592
173	0.00189759536075
171	0.0
170	0.000634553466246
977	0.00566614633777
976	0.000638333808679
971	0.000604502091722
978	0.0109177767482
656	0.00180032194499
657	0.000632237847562
654	0.00252498875659
2	0.00433752619846
652	0.000634021800038
187	0.00501779829228
650	0.00316066341434
185	0.00184592807055
188	0.00174941783377
189	0.00316381117866
658	0.000605668014925
659	0.00188059951884
184	0.000634587346221
13	0.00250608692995
12	0.00239725730198
15	0.00185440118372
14	0.0164234454933
17	0.00122260364043
16	0.000633699708013
863	0.0012602883837
862	0.00192032433442
866	0.00126828974524
881	0.00126219210821
880	0.000634021800038
887	0.000626350563684
885	0.00124457336715
322	0.00690769030831
323	0.000628295878157
320	0.00190801134783
321	0.00168545347258
326	0.000623787449972
327	0.0
325	0.0
329	0.00127041868517
201	0.000634021800038
200	0.00302485093135
758	0.00166817249033
771	0.00125558450481
770	0.00062675973892
207	0.00630021147969
772	0.00623652541118
209	0.00126041850621
208	0.0012678094229
779	0.0012687360974
77	0.000626343334689
75	0.00250549990894
74	0.00122507894073
655	0.000623000821605
78	0.000638333808679
669	0.00122105998811
663	0.00251705178724
662	0.00438719073391
660	0.000633702399022
692	0.00627446566305
693	0.00191187946987
690	0.000636841769699
697	0.00253051346953
695	0.0018640450748
698	0.00380950449838
699	0.000608734183664
542	0.00374673313422
540	0.00633906071469
541	0.00189922661868
546	0.000627063613507
547	0.00174941783377
544	0.00549431283262
8	0.00122459454593
548	0.0025273684018
994	0.00189721904235
996	0.00126371791977
991	0.00313033089616
990	0.00232839775586
993	0.000625734917457
122	0.00186832789766
124	0.0006277420075
127	0.00190058479128
414	0.000608552245343
415	0.00188009603554
416	0.00685047670153
410	0.000619474723219
920	0.00179880605411
921	0.00189793120225
923	0.00751775850205
418	0.000630035609971
925	0.00126872475398
499	0.00225645713675
319	0.00222001366654
318	0.00166665433207
313	0.00186864648006
311	0.00190313918772
310	0.00063564817107
316	0.00122184613727
832	0.000634034224449
833	0.00124021656216
837	0.000632237847562
835	0.000625734917457
838	0.00122389385564
368	0.00127022874436
369	0.00062675973892
364	0.00380792892889
362	0.0030735806421
360	0.00181424398922
361	0.00063441443374
380	0.000622393200464
381	0.0
383	0.0037561266661
388	0.00127423056403
784	0.000629849587351
787	0.000629254194026
780	0.00126631384985
782	0.00250476560169
783	0.0069330230243
788	0.000629736527724
789	0.0019095606464
151	0.00188540671235
573	0.000616344757063
572	0.00126015965989
571	0.0111908685412
576	0.00126718272121
575	0.000608741559616
61	0.00440749311773
62	0.00312614017732
64	0.0
67	0.00229230332864
68	0.00125820188371
253	0.00125878160543
250	0.00062675973892
251	0.00063441443374
256	0.00249152478925
939	0.0012592054873
731	0.00495170558263
735	0.0
509	0.0
506	0.00695275249802
738	0.00442727018632
502	0.00379792049727
500	0.00124101214225
630	0.00303624096475
631	0.00120902094045
633	0.00187925459575
469	0.00342626456698
638	0.000641056550814
464	0.000639522052182
466	0.000628617756184
462	0.00123804454835
901	0.000625734917457
168	0.000608741559616
164	0.000632279625396
165	0.00405673695947
166	0.00185563691515
167	0.0109177767482
160	0.00122745758868
161	0.00124978860829
966	0.00250408754849
963	0.000571459856255
969	0.000630035609971
935	0.00250298963032
909	0.00122878686742
879	0.00125851429895
872	0.00063441443374
873	0.00126980503902
870	0.00246585234348
891	0.00548046574925
898	0.00126391086776
356	0.00124588507244
809	0.00251981090067
808	0.00126662262354
353	0.00120729076444
802	0.00125652434668
216	0.00224677196133
214	0.00502163945581
769	0.000625734917457
762	0.00185398469192
955	0.00444714195072
761	0.00188764271457
767	0.00191887612007
764	0.0031730707612
765	0.00252320657893
957	0.00176067331457
4	0.000621719261163
281	0.000634147397757
280	0.00966240658005
285	0.000621789573752
284	0.000615637756065
679	0.000566822098022
674	0.00123671503329
670	0.00125244970761
267	0.00371633310773
264	0.00062226507872
268	0.00124704108263
58	0.000614285829819
56	0.00126696741107
53	0.00189629169436
52	0.000611221533933
537	0.00126749067847
535	0.00125413796423
534	0.00377191531979
532	0.00126081171367
531	0.00251843853525
530	0.00731914767543
538	0.00191187946987
775	0.000621036109607
988	0.001715392132
774	0.0
980	0.00127724263558
987	0.0196525603066
984	0.001245784615
117	0.000623019500121
776	0.000621789573752
113	0.00062675973892
112	0.00185577125927
773	0.000635744475603
429	0.00186059921737
428	0.00489512732289
918	0.00055374652757
421	0.00229228332966
420	0.0
423	0.00760790048928
422	0.00247941150226
424	0.0045827701001
427	0.00317884563897
912	0.00125203798742
301	0.00114606490824
305	0.00122784955707
306	0.00437306362587
847	0.00114368997071
846	0.00120956419655
843	0.00316764167272
841	0.000629254194026
840	0.00190413742743
849	0.00318164387065
823	0.00062675973892
568	0.00188357528627
569	0.0146626241123
561	0.00181328348524
759	0.0018503987059
563	0.000609924934682
565	0.00227470353552
566	0.000629701887476
739	0.00307464677236
229	0.00187576288046
228	0.00127827188222
223	0.000628295878157
220	0.00125389656697
724	0.00250644179213
722	0.00062675973892
720	0.0049697791203
605	0.00191197428125
153	0.000630035609971
152	0.00188047556074
157	0.00434688352698
602	0.00061910799745
159	0.0100626143812
158	0.00126850392335
609	0.00625460836864
83	0.000625734917457
634	0.0
48	0.00111952100135
951	0.00569819831307
950	0.00443476957188
953	0.000610160576393
952	0.000604502091722
42	0.00125960213173
954	0.00114606490824
40	0.00125307527562
956	0.00113112268036
5	0.00190886713595
485	0.00187684637499
482	0.00190795638154
481	0.000566822098022
472	0.00182890319676
470	0.00702956952288
479	0.00125285054652
