344	0.00125474159845
0	0.00959409770688
347	0.000847458867753
343	0.00253143512002
810	0.00209434293718
812	0.0
814	0.000852272705249
349	0.00167215634402
817	0.000830725793492
719	0.000834360764362
718	0.00882560411025
716	0.000838209009056
715	0.000423617401221
713	0.000423141879375
712	0.00126952283978
710	0.00375747505696
915	0.00753977419471
916	0.00125468991138
299	0.000837997539742
294	0.00298732496981
295	0.00041726166738
293	0.00125512019696
290	0.00168342424455
291	0.00126138096075
591	0.00168447348792
590	0.000423617401221
592	0.00253839302032
595	0.00336630757599
198	0.000845648506979
195	0.000838839931942
197	0.00126876594411
196	0.00042217305566
191	0.00127422918046
190	0.00460565575704
193	0.00296255874616
192	0.000418516139383
270	0.000417262512816
272	0.00168917815626
273	0.000421878385709
274	0.00083633855052
275	0.000833153537114
277	0.00169034328996
278	0.000843546274789
526	0.0012510050171
527	0.000417466038153
523	0.000425398455187
599	0.00250314189442
528	0.00210156252633
443	0.00170367163868
442	0.000419020810656
441	0.0
440	0.0020903328399
447	0.00384008736309
445	0.000833614110698
444	0.000429593276162
102	0.000838022661492
103	0.00125325699394
101	0.000417044113226
106	0.00044538290462
107	0.00293893323386
104	0.00128068608008
900	0.000852274705475
38	0.00169295709162
32	0.00209954973813
31	0.0025091786572
30	0.0012799549254
35	0.00124804803701
641	0.00167091553983
643	0.000836069721217
644	0.00125076247305
647	0.00167382051871
646	0.0017182503766
437	0.000417262512816
435	0.00213143349582
432	0.000417778283814
433	0.00083487653536
339	0.00041726166738
338	0.000417778283814
335	0.00670108903465
334	0.00463444130736
337	0.00127145295803
333	0.00250327665854
332	0.00299116364
745	0.000417262512816
854	0.00512260501833
818	0.0
857	0.00209535931312
850	0.00125063207577
851	0.00167372860727
6	0.000834162766061
99	0.00834324693473
98	0.00168576820569
91	0.000426702962509
90	0.00381659233998
92	0.00125442592072
95	0.000417778283814
96	0.0012579182812
740	0.00133228265128
742	0.00941382887013
743	0.00298107828146
559	0.0
558	0.00213530824491
746	0.00633538892343
748	0.000424040596069
557	0.000426994213249
551	0.000429593276162
550	0.000417973370806
553	0.000418697208176
552	0.000415443885424
239	0.000845719852241
236	0.000838184161233
230	0.000423617401221
231	0.00252550992105
232	0.00341383392095
233	0.00127041813796
147	0.006775767738
618	0.000426339236471
142	0.00292593643037
143	0.00124910607933
141	0.0012470635359
614	0.00333332351408
149	0.000836397272975
1004	0.00125714979375
948	0.00638243127177
949	0.00170722437583
946	0.00170683038282
947	0.0
945	0.000417262512816
517	0.00723489623343
685	0.00166904725416
684	0.00256199571647
687	0.00210782119023
686	0.00125931364458
680	0.00167534926228
682	0.000417262512816
133	0.000426991920656
136	0.000836410472582
135	0.00595699533689
134	0.000849894175542
139	0.00588354854579
491	0.000835816857361
493	0.00166599499844
24	0.00209464970446
28	0.000417778283814
29	0.00167660136206
405	0.000425786784544
404	0.000834297434371
401	0.00252025541078
400	0.000428329977408
933	0.000423617401221
931	0.000423617401221
936	0.000427013888513
409	0.00166807193325
934	0.000834297434371
379	0.0
828	0.000417262512816
371	0.000425786784544
373	0.000833766715851
372	0.00167068995379
377	0.000417044113226
704	0.00170718264638
707	0.00422329928693
700	0.00379779684806
702	0.000833904260544
703	0.000852327309198
392	0.000850383271324
391	0.000416291867177
89	0.000422527711156
82	0.000847821011537
181	0.000418541519426
399	0.000421963201258
86	0.000854553145002
928	0.000418465058846
795	0.000830725793492
791	0.000419834636311
790	0.00339912215251
7	0.000418754249663
607	0.00423451955619
586	0.0127863110672
585	0.000415451814415
582	0.00167188184021
580	0.000416088621832
581	0.000854116761952
589	0.000841113736888
245	0.00251983147522
246	0.00125150323992
241	0.00125800260678
240	0.000426493632258
249	0.00250226081101
924	0.00208442063092
519	0.000416901098681
511	0.000416495902839
510	0.00042020278834
513	0.000429593276162
512	0.00124667509206
514	0.00209055688317
1001	0.00250301680139
516	0.00126208243183
458	0.000423841466531
622	0.00042020278834
626	0.000429411947797
624	0.000423728710472
450	0.00295829248985
629	0.00750926669361
628	0.000425786784544
454	0.00294816814085
178	0.0125242807144
199	0.00250245309624
175	0.00250135429196
173	0.000417262512816
171	0.000423617401221
170	0.000850038536493
977	0.00375855475915
976	0.00166894481174
972	0.000423617401221
971	0.00167334845967
979	0.000832477690042
978	0.00914711743728
656	0.00125383713375
657	0.000835132309378
654	0.000417262512816
2	0.000847147101507
187	0.00127083804354
650	0.00167158443912
185	0.000427120293742
188	0.00291601584887
189	0.00838260511352
658	0.000834259245836
659	0.00128675492959
184	0.00209110382521
868	0.00383888456088
13	0.00125651371187
15	0.00167153545377
14	0.00167074689521
17	0.000836410472582
16	0.000835989894871
19	0.000420213692711
863	0.0038601587482
862	0.00501480653334
866	0.000420213692711
883	0.00293111415597
881	0.00251230294434
880	0.00126645042518
887	0.00084133119625
886	0.000429593276162
885	0.00213125369968
752	0.000420769281454
889	0.000426813127801
888	0.000426255152733
929	0.00709254105229
809	0.000835551422628
322	0.00168427817866
323	0.00042020278834
321	0.000853042198979
326	0.000426493632258
327	0.00124987216174
324	0.000849854360057
329	0.000840837984711
201	0.000838807711134
200	0.00209183989633
777	0.000417098251547
758	0.00128178640463
771	0.00214069531883
770	0.000429593276162
207	0.00166229664701
206	0.00042020278834
209	0.000426408554826
208	0.000418697208176
779	0.00125343512267
76	0.000417098251547
75	0.00210821599721
74	0.00426149121897
73	0.00170868023533
71	0.000420769281454
70	0.000423185265177
78	0.00166807193325
669	0.000416216678246
668	0.000846870158512
664	0.000418697208176
663	0.000843841586967
662	0.00339025463301
692	0.0076242266642
693	0.00375582474064
690	0.000419020810656
696	0.000846256421628
697	0.00042206329531
698	0.00125314240102
542	0.00385352200361
543	0.0012579026477
540	0.0016709061302
541	0.00208480854529
546	0.000844714009521
547	0.0016644362254
544	0.00208249576521
8	0.000416216678246
994	0.00167022772263
996	0.00166803886871
991	0.000834162766061
990	0.00167174816424
993	0.000857741925204
120	0.00675391525396
122	0.00125246236875
125	0.00042020278834
126	0.00383853658804
127	0.00292588689456
69	0.000438805032602
414	0.000416375741818
415	0.00251282000958
416	0.00851936798945
410	0.00918081312517
920	0.00167262925682
921	0.00209669107061
922	0.000420272569459
923	0.00547850454757
418	0.000834206027494
925	0.000417778283814
926	0.00127166105991
499	0.00383936065679
318	0.000425112874514
313	0.00170717442548
311	0.000417778283814
310	0.00211533880354
316	0.00878543842635
314	0.00292516890751
832	0.00586470971068
833	0.000842604707464
830	0.000844643849987
837	0.00460083451464
835	0.000857342981797
838	0.00041818324169
369	0.0012855634322
364	0.00126079301623
362	0.00378129998647
360	0.0012510050171
361	0.000417778283814
952	0.00167469693332
380	0.000417904363222
381	0.00376783059924
383	0.00379767687954
388	0.0025217292762
784	0.000428329977408
780	0.00167120618089
782	0.00766648784936
783	0.00167188296031
788	0.00044538290462
789	0.000417778283814
151	0.000421012294046
573	0.00170786625689
572	0.00126962486168
577	0.00211848693012
576	0.000417262512816
575	0.00127942070198
60	0.000423759789138
61	0.00887147712078
62	0.000858591230909
152	0.000428329977408
64	0.00042020278834
66	0.0
67	0.00125474578309
68	0.000836799094469
253	0.00126305658375
250	0.00686639735921
251	0.00209299201964
256	0.000426408554826
939	0.00168608834322
731	0.00125389776496
730	0.00127988345302
732	0.00125263346262
737	0.00167054763726
506	0.00292741466912
738	0.0162811485649
505	0.000423998559678
502	0.0104646048372
500	0.00255696991822
630	0.00208638618458
631	0.000834259245836
633	0.00127082075751
469	0.00665002184033
468	0.000418697208176
465	0.0
464	0.00125721977796
462	0.00042582391568
901	0.000857342981797
168	0.00938057754395
169	0.000838198970754
164	0.000844076137595
165	0.00292947139497
166	0.00596870776328
167	0.00166314408485
160	0.00125299857479
966	0.000426693334347
963	0.000418066710293
935	0.00212116171274
909	0.00167764994329
879	0.00131353201981
872	0.00125443563328
873	0.000417778283814
870	0.00085438538327
891	0.000834259245836
898	0.000840929052681
899	0.0
356	0.0110792404775
355	0.000423617401221
808	0.000419050666971
353	0.000418541519426
803	0.000425739939919
802	0.00169326934308
216	0.000852790950958
214	0.0071748115876
769	0.00128352870975
762	0.000853487845507
761	0.00083407157868
767	0.00208505535926
764	0.00083770112901
765	0.00682712104293
957	0.000830725793492
956	0.000854867769572
289	0.0
288	0.00416574354771
4	0.000425786784544
281	0.000835123735946
280	0.0167017564703
285	0.000846280235056
284	0.000417466038153
679	0.000427554050284
674	0.00213150777577
676	0.00042020278834
670	0.00167528482519
672	0.000426752296167
262	0.000418754249663
260	0.000854073049826
267	0.00254673101837
266	0.000854073049826
58	0.000419313795845
56	0.000835551422628
50	0.0
53	0.000845518440133
52	0.000853108188955
537	0.00125559269962
535	0.000858526540812
534	0.00252869328077
532	0.00083407157868
531	0.00167967024429
530	0.00209422720867
538	0.00250419714192
775	0.000423728710472
988	0.000415443885424
774	0.0
980	0.00125700024804
987	0.0121204179126
984	0.00170596187721
114	0.000835364117207
776	0.000421592690717
113	0.000429593276162
112	0.00425980207052
119	0.000422034226993
118	0.000835773642792
773	0.000416291867177
772	0.00420480652045
429	0.00210162569635
428	0.00836791168808
421	0.00207835135353
423	0.00584166090789
422	0.00250601379709
425	0.00426793308964
424	0.00166127965646
912	0.00725004671822
855	0.000844006484865
301	0.000830725793492
302	0.000418227230892
304	0.0
305	0.000854173109957
306	0.00213723191403
307	0.00299973948752
846	0.00125055111301
844	0.00255969453577
843	0.00125685905085
840	0.0012552499799
849	0.00250042305507
823	0.00128850080533
568	0.0
569	0.000834191859306
754	0.000422368141944
561	0.00125055111301
759	0.0004266300774
563	0.000416216678246
565	0.00298743127364
566	0.00126362373888
229	0.00255090439152
228	0.00250434688806
227	0.0
226	0.000417904363222
225	0.000418589517021
223	0.000422437675541
220	0.000424251751949
724	0.00251597872702
722	0.000429593276162
723	0.000854238063086
720	0.00126888755892
721	0.00170652385569
605	0.00459825203529
153	0.00125009101996
606	0.000417773138814
601	0.00042020278834
154	0.00042020278834
157	0.00170217551696
602	0.00384015191155
159	0.00167943545547
609	0.00210878532817
83	0.00171535352832
634	0.000839861336075
48	0.00128116245646
951	0.00590564589817
950	0.00167612526893
953	0.0012537327161
45	0.0
955	0.000835327134704
954	0.000830725793492
40	0.0029634041203
41	0.000854601841778
638	0.00210448805794
5	0.00167278332285
487	0.00042020278834
485	0.00128958846668
484	0.000833614110698
483	0.000831715390321
482	0.00334353823582
480	0.000417778283814
472	0.00426327881346
473	0.000417716908404
470	0.00125109295799
471	0.000415567889725
476	0.00042217305566
477	0.00042020278834
474	0.000844909535164
478	0.0
479	0.000418101604391
