344	0.00184330751114
0	0.000588075581865
347	0.000623746695903
341	0.000615619982706
343	0.00121160094178
810	0.000597742584045
812	0.00181988623492
814	0.000615957547862
719	0.00171604956704
718	0.00729745647668
716	0.000608313300595
715	0.000623746695903
713	0.00181748261352
711	0.000608313300595
710	0.0023263889462
915	0.0129162431674
736	0.000620055489998
916	0.000607416253724
299	0.000540882688701
294	0.00372697073375
295	0.000588075581865
292	0.00118909810591
293	0.000597330425529
290	0.00304411107727
291	0.00181412358255
591	0.00304324455324
590	0.0
592	0.00363590707308
595	0.000607416253724
597	0.000578235795261
596	0.0
599	0.00116606028894
194	0.00060777048755
197	0.000574788033762
191	0.00366216465476
190	0.0037334767488
193	0.00429676346021
270	0.0
272	0.0
274	0.00247534277654
275	0.00168462200694
277	0.00124557730549
278	0.00243225429107
524	0.000585316271244
526	0.000617551956661
447	0.000617770675328
445	0.000620666046545
444	0.00184135693238
102	0.00117920267609
101	0.00122019312101
106	0.00135863632972
107	0.00478518107768
104	0.00186961038046
105	0.0
900	0.000606142108705
38	0.00243675701928
904	0.000608313300595
32	0.00299480062326
31	0.00123050859674
30	0.000623959393032
641	0.00115144153045
643	0.000592126954362
644	0.00287607587116
647	0.001849386862
646	0.00359866514594
648	0.0031050245579
435	0.000621580901506
432	0.00115691452405
433	0.0023263134334
338	0.000574594337845
335	0.0011886648996
334	0.00851274729887
337	0.000617770675328
333	0.00236737241134
332	0.00434080944982
745	0.000572776474214
855	0.00234327633974
857	0.0036695262273
850	0.00115184409047
851	0.00184882617358
819	0.0
858	0.00121541365158
6	0.000588075581865
98	0.00666032787119
91	0.00119369274698
90	0.0130036554418
92	0.000616214922637
95	0.000574594337845
96	0.00108715717348
740	0.000609600549821
742	0.00551891320299
743	0.00185524983605
559	0.00271476520637
558	0.00172800279478
746	0.00122038589003
557	0.00124047799972
551	0.000599673422413
550	0.000615957547862
552	0.000616958937528
239	0.00061561707171
236	0.00179424507972
230	0.000588300670408
231	0.00408473117423
232	0.00310260417518
233	0.00354537769816
147	0.00187080356947
618	0.000559872105708
142	0.00245715734955
143	0.00122472744138
141	0.00120059812772
612	0.00182792928481
613	0.000620055489998
617	0.00243520729157
614	0.00247222218703
149	0.000608313300595
949	0.00247793183856
947	0.00124115016833
942	0.000595799032346
940	0.00121542093783
517	0.00367652187114
685	0.00247066821404
684	0.00980285940131
687	0.00427526181642
686	0.00186408590646
680	0.00120184775893
682	0.00230188134643
133	0.00124176833046
137	0.000591767293668
136	0.00246545397293
135	0.00596283522694
134	0.00300050290774
139	0.00118089548264
497	0.00058761119768
493	0.00308934981764
24	0.00185430854719
25	0.000559872105708
28	0.00114708838708
29	0.00177606453651
939	0.000585316271244
404	0.0
401	0.00364874828368
933	0.00061133895582
936	0.00177736558032
409	0.000588075581865
828	0.00112966861506
371	0.00180460141108
373	0.000623035794059
372	0.0
374	0.0
377	0.00547703917193
708	0.000608313300595
709	0.000611801811441
704	0.00122529910151
707	0.00243779828869
700	0.00245038862936
702	0.0022959652595
393	0.000608761534154
392	0.00246612690965
397	0.00123560772441
82	0.000599341759961
181	0.00123640287565
399	0.00061561707171
86	0.0
87	0.000619489130768
797	0.000607175484718
795	0.00182602020262
790	0.00238644973688
607	0.0146036660442
586	0.0148108494066
587	0.00059801715327
585	0.000611428709898
582	0.00173180660879
581	0.00236500969698
589	0.000609093620507
245	0.00292441492083
246	0.00119746805654
243	0.000607043312909
249	0.000588075581865
248	0.000577984707079
924	0.000574668817641
510	0.00231665518244
513	0.00178730498553
1004	0.00177649411881
514	0.000689182960046
1001	0.00174051581058
458	0.00617664328036
622	0.0033656636415
951	0.00364517246801
450	0.00553082387877
629	0.0135727972769
628	0.00119381618562
454	0.00545109019268
457	0.000608761534154
178	0.0129528522711
199	0.00172740086696
175	0.00225657119623
173	0.00113912886429
171	0.0
170	0.00119381618562
977	0.00411758763627
976	0.00118304964543
975	0.00123586078727
971	0.000616214922637
979	0.000578235795261
978	0.00616362341972
656	0.00124642424619
654	0.00172672291845
2	0.00237588763598
184	0.00115775288919
185	0.000609651360774
188	0.00368332529287
189	0.00241926657295
658	0.000617551956661
659	0.00122860662815
650	0.00287669138679
10	0.000568166070457
13	0.000578235795261
12	0.00119735891323
15	0.00120785019589
14	0.0011529046129
17	0.00245812022752
16	0.00114708613526
863	0.000571390066571
862	0.000588075581865
865	0.000606142108705
866	0.00120790811856
880	0.000609763591034
887	0.0
886	0.000614180853153
752	0.000605993237727
322	0.00178768722071
323	0.000559609262739
320	0.000603763112481
327	0.000592126954362
324	0.000585316271244
329	0.00116527809045
201	0.00120150569653
200	0.00308766012319
777	0.000574668817641
758	0.00393335626932
771	0.00119470153903
207	0.00240848818799
206	0.000585316271244
209	0.00124450979701
208	0.0005916522371
77	0.00185806594367
75	0.00121593712053
74	0.00248841042408
73	0.00111589644067
72	0.00118633085977
78	0.0017861881698
669	0.000607175484718
663	0.00245926862522
662	0.0
692	0.00544619071961
693	0.0017660241253
696	0.00245186244648
697	0.00173711286318
695	0.00122551607967
698	0.00404467012941
542	0.00304316338188
543	0.000616214922637
540	0.00693622766901
541	0.00401555853374
546	0.00123441653504
547	0.00123574322535
8	0.000607175484718
994	0.00229091018336
996	0.00230590515776
991	0.00180369985467
990	0.00307526270745
868	0.00185818697419
120	0.00484680182843
122	0.00118666046572
125	0.00114492553398
126	0.00186447967584
127	0.00364366116693
415	0.00427838833051
416	0.0105246973004
410	0.0103649756281
413	0.000611107060899
920	0.00186774109862
921	0.00114893889641
923	0.00852185983108
418	0.00116297666559
925	0.00230633469827
499	0.000613138061088
319	0.00112836817988
318	0.00173234495195
313	0.00435220746467
311	0.00288097137977
310	0.000617770675328
317	0.000596522128792
316	0.0135439075706
832	0.00173511919266
833	0.00121870801666
837	0.00170859824412
838	0.00123370528923
369	0.00183425629454
364	0.000574594337845
362	0.00427108913603
360	0.00123501421889
361	0.000574594337845
952	0.00122942474666
381	0.00237162187944
383	0.00180817286406
388	0.00110033084467
787	0.000620055489998
780	0.00136907938811
782	0.00372442318164
783	0.00230470762553
788	0.00135863632972
789	0.00176096454515
151	0.000611018006841
573	0.000617770675328
577	0.000621830609586
576	0.0
575	0.0024827658962
61	0.00425279020047
62	0.00242399844708
64	0.00761400252722
65	0.00122310778944
66	0.0
67	0.00367424681118
68	0.000574594337845
253	0.00244261296754
250	0.00122736280823
251	0.00175540526419
256	0.00248417545523
731	0.00728506993601
730	0.000620314425967
732	0.0011998212906
737	0.00168462200694
509	0.00335561314057
506	0.00405294756703
738	0.0104262464245
502	0.00179334445506
500	0.00369220345242
630	0.00554893140955
631	0.000617551956661
633	0.0011779297974
634	0.000540882688701
638	0.00183241593462
927	0.00244890731906
901	0.000596866167256
168	0.0105319560607
169	0.0
164	0.000611189973585
165	0.00675185643308
166	0.00186157001066
167	0.00247400559382
160	0.0030940563707
966	0.00122251347157
963	0.00182821985224
969	0.00116228001532
935	0.00183295157154
908	0.000623959393032
879	0.000595983870071
872	0.000574594337845
873	0.00173391097633
870	0.00299830153181
891	0.00309971574368
893	0.000674981411473
356	0.012395049784
809	0.000574594337845
808	0.000591466848747
353	0.000623035794059
802	0.00122488952339
216	0.00113481700587
214	0.0109621057371
769	0.000593944868983
762	0.000617770675328
767	0.00116863605701
764	0.00172735642765
765	0.00498404377708
957	0.000616958937528
956	0.00227920456812
4	0.00179620828062
280	0.00185061258032
674	0.000619412164289
676	0.000559609262739
670	0.000592126954362
671	0.00616385932708
672	0.00111675403124
260	0.00431836264881
267	0.00309082070032
266	0.00123790236992
268	0.00121168774977
56	0.00233276652689
50	0.000540882688701
53	0.00122334530488
52	0.00124086482994
537	0.000597742584045
535	0.000614268446163
534	0.00297021563684
532	0.000563226325331
531	0.00114598440442
530	0.00432063807479
538	0.000588075581865
775	0.00060521168342
988	0.00185053674504
774	0.000621381330683
980	0.000597742584045
987	0.015547170054
984	0.000622023723758
117	0.000605573923146
776	0.00616753725913
111	0.00186265630109
112	0.00185612881325
119	0.000613051866299
118	0.00179241951884
773	0.00114934124184
772	0.00425189379819
429	0.00181971944677
428	0.00553366042931
918	0.000560293841767
421	0.00183510519615
420	0.00108230048427
423	0.00240077818798
422	0.00121593701887
424	0.0036685101295
427	0.000572494049236
912	0.00681318005399
309	0.000609476289195
302	0.000616214922637
305	0.000620163573752
306	0.00245736268549
846	0.00184722191352
844	0.00167582993511
843	0.00181155943465
840	0.00115124903856
849	0.00225652267084
823	0.000614268446163
568	0.00123645162393
569	0.00120003429372
754	0.000608313300595
561	0.00246516243304
563	0.000607175484718
565	0.00168157511193
566	0.000611018006841
739	0.00245780968631
229	0.00183017582505
228	0.00176226485262
227	0.0
223	0.000578512367661
220	0.00121377131094
724	0.002987631427
723	0.00167619028244
720	0.00598379988966
729	0.00182077402475
605	0.00176097388099
153	0.000574668817641
154	0.000585316271244
157	0.00370844101968
602	0.000620550403977
159	0.0121199064267
609	0.00182193035825
48	0.000559872105708
46	0.000559609262739
953	0.0012337668793
45	0.0
955	0.00344303321245
954	0.00122220977495
40	0.00121902610269
41	0.00167343623248
5	0.000597742584045
487	0.000585316271244
485	0.00119525263381
483	0.000607723959218
482	0.00173733873735
472	0.00496583140006
470	0.000588075581865
477	0.000585316271244
474	0.000609476289195
