344	0.0013953370126
0	0.00141906614098
347	0.0019870421191
343	0.00373417673147
810	0.0
812	0.00293316394105
813	0.00196509100671
814	0.000557250147802
349	0.00233055760503
817	0.000993625720691
719	0.000468888303124
718	0.00730947070749
716	0.0014443522904
715	0.00248375866828
713	0.000498649693157
712	0.00048960459338
711	0.000487225188329
710	0.000470360660104
915	0.00375692751979
913	0.000587121671106
299	0.000476952981878
294	0.00259345185544
295	0.000470360660104
292	0.000954830144256
293	0.00429680041798
290	0.000515310566418
291	0.000985988917093
591	0.00345167167134
590	0.000995275083436
592	0.00300262065779
595	0.00485471172549
599	0.000937778827615
197	0.000487225188329
196	0.00297985988531
191	0.00146986099692
192	0.000470471355267
270	0.000468888303124
272	0.0014600066217
273	0.000469263900802
274	0.000470701573361
277	0.00199058287406
278	0.000955576585689
526	0.0018883943183
527	0.000964288912277
528	0.00047667893047
443	0.00146535658588
441	0.00144514843486
447	0.000517143706723
445	0.00141322678257
444	0.00175701548474
102	0.000950390070139
103	0.00186330389412
101	0.00189991513071
106	0.000466125828056
107	0.0
104	0.00158538537444
105	0.000925869542863
900	0.00146800901691
38	0.00131292360646
907	0.0
32	0.000930577387353
31	0.00232849188824
30	0.00157575329206
35	0.00140921257949
641	0.000468138824349
643	0.000471246489973
644	0.00376192819104
438	0.000511071116293
439	0.00159953136268
437	0.000468888303124
435	0.00100739778185
432	0.00140225781318
433	0.00140829656317
339	0.000470360660104
338	0.00188565652249
335	0.000950574087117
334	0.00145828615193
337	0.00238452986248
336	0.000497129205955
333	0.000470360660104
332	0.00113882576439
745	0.00140696588787
854	0.00110295690411
818	0.00152968142949
857	0.00279384279131
850	0.000965884803929
851	0.00195195670622
853	0.000465775103518
6	0.000470360660104
99	0.000470360660104
98	0.00148853862902
91	0.000483014233297
90	0.0021068871171
92	0.00139002391484
95	0.000468138824349
740	0.0018684161789
741	0.0
742	0.0117498167899
743	0.00154070504837
559	0.00162565347705
558	0.00432504298559
746	0.0171925966774
748	0.000995275083436
556	0.000532538944759
551	0.000581575616587
550	0.0029021444111
553	0.000925850352278
552	0.000482393052248
239	0.00250570315874
230	0.000496125050862
231	0.00330460403795
232	0.00524644352548
233	0.00296591691171
147	0.00797945030503
618	0.000469418749668
142	0.00282875659598
143	0.000470701573361
141	0.000948833681466
613	0.00047667893047
617	0.000491040560948
614	0.000947026188332
149	0.000961995128412
948	0.00623971976917
949	0.00158553183595
946	0.00157779729206
947	0.0
945	0.000468888303124
943	0.00415940394081
940	0.000493901940227
517	0.00200692469119
685	0.00235992305439
684	0.00581268781298
687	0.0019464500752
1000	0.000977045611457
680	0.000976732911424
683	0.000488992416287
682	0.00187320361876
133	0.00156777984246
136	0.00232471491367
135	0.008237558373
134	0.000969784822697
139	0.00234510371646
491	0.00186490614823
493	0.00189038122079
24	0.00429413038324
25	0.000967158475335
28	0.000468138824349
29	0.000932537544793
405	0.000484358788989
404	0.00241932347714
401	0.00342289914579
400	0.000489597055919
933	0.000995275083436
931	0.000995275083436
936	0.000484358788989
409	0.000470360660104
408	0.000470793810106
378	0.000930237765698
828	0.00141741496571
371	0.00144525250853
373	0.000939188001502
372	0.00194060403524
377	0.00094363746303
822	0.000465023551318
704	0.00148197242933
700	0.00191896152811
702	0.00186823364624
703	0.000484358788989
393	0.000493144680854
392	0.0010236038337
391	0.00281554129142
82	0.000974612864122
83	0.000489597055919
399	0.000926734522677
86	0.00195432175988
84	0.000535645753166
895	0.000578917454678
795	0.00235258766488
790	0.00357978036287
799	0.00116377022814
607	0.00383654749172
586	0.00825314416728
587	0.00147292066739
585	0.00143962162048
582	0.000468138824349
580	0.0
581	0.000484358788989
245	0.00380923968119
246	0.00142020653615
241	0.000946082867462
240	0.000523196531545
249	0.000470360660104
248	0.000961699178542
924	0.00187222807473
510	0.0023977029752
513	0.00115706093315
1003	0.000496070406213
514	0.00372973735846
1001	0.00234292121257
516	0.00287085540159
458	0.00386596772479
622	0.00479685985348
951	0.00235042923265
624	0.000493881996491
450	0.00244788569365
629	0.0113886624523
628	0.000484358788989
454	0.00297461782595
178	0.0117788518394
199	0.00187371094486
175	0.00139644158938
173	0.00140545492895
171	0.000995275083436
170	0.000484358788989
977	0.00279144161096
976	0.00141474346532
972	0.000995275083436
971	0.0018533969171
979	0.000938290527516
978	0.00141978296375
656	0.000480260641885
657	0.00140309283771
654	0.00140569191169
2	0.00395699539414
187	0.000977065861824
650	0.000936289687298
185	0.000488948182551
188	0.00284500499872
189	0.000962550670475
658	0.00188361924548
659	0.000489597055919
184	0.000487225188329
869	0.000523196531545
868	0.00311206601184
13	0.00140755442832
15	0.000977239472575
14	0.00280654011528
17	0.000462970575029
16	0.000476954797972
19	0.000476954797972
863	0.000489597055919
862	0.00191014978364
866	0.000951771130251
883	0.000974193147103
881	0.00142372601758
886	0.000581575616587
885	0.00156617833963
752	0.000980544673915
929	0.000470360660104
809	0.000468138824349
322	0.00187971117741
323	0.00224347968314
321	0.00241413692513
327	0.000936027595009
329	0.00148118897518
688	0.000470471355267
775	0.000985109819766
200	0.00278732768187
776	0.00193186263948
771	0.000969082840744
770	0.000581575616587
207	0.0070732707994
772	0.00477169319364
209	0.00052044784302
779	0.00048703093272
77	0.000531611603661
76	0.000484876303476
75	0.00149009329302
74	0.00307602827114
73	0.00192877763282
71	0.000485361215537
70	0.000482674877971
78	0.000940832015371
686	0.00148552915857
669	0.0
668	0.00196509100671
663	0.000460959419159
662	0.00292346001366
692	0.00342296993441
693	0.000941107211099
696	0.0014463993764
697	0.000953978062299
698	0.000468138824349
542	0.00325922971024
543	0.00185919418076
540	0.00472220466513
541	0.00093935965839
547	0.00189050233484
544	0.0
8	0.0
548	0.000460959419159
994	0.00237696622682
997	0.00047667893047
996	0.00279569474729
991	0.000470360660104
990	0.000927888029621
993	0.000966275986389
120	0.00101837778833
122	0.000960992966171
125	0.00160737321165
126	0.00626036318473
127	0.000486477351188
129	0.000496125050862
69	0.000460959419159
414	0.000479159148247
415	0.00392369064976
416	0.00884790029519
410	0.000464195679858
920	0.0014549754072
921	0.00186930713977
923	0.00239650472036
418	0.00138639596564
925	0.00141224365873
926	0.00892456013661
499	0.00434944243096
319	0.00335974457568
318	0.000525627451723
313	0.003670509056
311	0.000935854810212
310	0.000926734522677
316	0.00928157693662
314	0.000470360660104
832	0.00236191177517
833	0.000490541683683
830	0.000977917003071
837	0.000937002952607
834	0.000491227823275
835	0.000984101836507
838	0.00185312118871
368	0.000465775103518
369	0.00233615307003
365	0.000475360774924
362	0.00338422924053
360	0.000946450222964
361	0.000468138824349
381	0.00280929111994
383	0.00245125454927
386	0.000479553382637
388	0.00238722307269
784	0.000489597055919
780	0.00187077069859
782	0.00265025373672
783	0.00376169156745
788	0.000935395069788
789	0.00140875333809
151	0.0
573	0.00103100450975
572	0.000975707034424
577	0.0014524974082
576	0.00140612701655
575	0.00106967284606
61	0.00788713991674
62	0.00335845412996
67	0.0032784753622
68	0.000468138824349
253	0.0
250	0.00867929163993
251	0.000468138824349
256	0.00209274191586
157	0.00197761651644
939	0.00260533378624
731	0.00195646611141
730	0.00157211922077
732	0.00143518922499
735	0.000465023551318
737	0.000464447115779
509	0.000465023551318
506	0.00989616809861
738	0.0169102065693
505	0.000465023551318
502	0.00815500396904
503	0.000482986715522
500	0.00166408343744
630	0.00475871407463
631	0.000946450222964
633	0.000498649693157
469	0.00663793661698
465	0.000488921708671
901	0.000489597055919
168	0.00795732272228
164	0.000938239708063
165	0.0107166277896
166	0.0030524936713
167	0.00284670634395
160	0.00282394361411
161	0.000491227823275
163	0.00230432066814
966	0.00106967284606
963	0.000467448982984
935	0.00196509100671
934	0.00147214281014
909	0.001934813549
879	0.00187364221216
874	0.00282965911845
872	0.000932060603765
873	0.00189115665204
870	0.00241335673171
890	0.000464917454592
891	0.00432542880606
894	0.000475308807931
647	0.000927888029621
899	0.000470471355267
646	0.00343633882474
648	0.00523508649995
356	0.0129748566185
355	0.000995275083436
353	0.000930530076613
803	0.00101192297121
802	0.000974645406164
801	0.000464998374509
800	0.000562116970542
804	0.000952021569124
216	0.00144272037097
214	0.00296226881844
769	0.000489597055919
762	0.00103759154974
955	0.00234321152363
761	0.000468888303124
767	0.000470360660104
764	0.000938957007382
765	0.0073362280974
957	0.000961435883027
956	0.00144332656211
289	0.000470471355267
288	0.00471678683866
4	0.0009657667237
281	0.00281867212472
280	0.00899133868406
285	0.00149332357703
284	0.000977260453776
679	0.000484171759813
676	0.000803807097772
670	0.000929087351565
671	0.000491227823275
672	0.000483052754982
260	0.00159953136268
267	0.00490139081967
266	0.00106415054842
268	0.00348769010947
58	0.000994618693048
55	0.000483689677339
56	0.00187672770153
50	0.000817311001972
52	0.00157096639306
537	0.000470471355267
535	0.0011703831975
534	0.00320832481014
532	0.00094694361044
531	0.000959366647624
530	0.00286987963186
538	0.000949647408913
988	0.00144788409353
774	0.0
980	0.000978453011603
987	0.0136021765318
984	0.00154870612695
114	0.000480172304099
117	0.000498649693157
111	0.000517143706723
113	0.000581575616587
112	0.00197508130172
119	0.000983860864946
118	0.00047795892988
773	0.000470929149592
429	0.0009850628225
428	0.00139868183973
918	0.000484171759813
421	0.00236832980376
423	0.004227505536
422	0.00195349464421
425	0.00316507568388
424	0.00282834638025
427	0.000467715985863
912	0.00582570207965
855	0.00193752866032
301	0.000944295124903
302	0.000927888029621
304	0.000481407934711
306	0.000489597055919
847	0.000470793810106
846	0.00235783020377
844	0.00144995736303
841	0.000470471355267
840	0.00188594646457
849	0.00140501165483
823	0.00172854536059
569	0.000470360660104
751	0.000502384396457
750	0.000473903441582
754	0.0
561	0.00473657606263
759	0.000517604329138
565	0.00387208673761
739	0.000491227823275
229	0.000962598583158
228	0.000941107211099
224	0.000928066631434
223	0.00189355987467
220	0.00291204898979
724	0.00144744390797
722	0.000581575616587
723	0.00192823231381
720	0.00245616389107
721	0.00105602577663
605	0.00282912698224
150	0.000490541683683
153	0.000460937006061
152	0.00097817244816
603	0.00372828237363
602	0.00311585778039
159	0.00360015936067
609	0.00201976653933
634	0.000940190729251
48	0.00192564693018
46	0.000803807097772
950	0.00233268276152
953	0.000927888029621
952	0.00231595647124
42	0.000460959419159
954	0.000944295124903
40	0.00195011405279
41	0.000963634821846
638	0.00426669047879
5	0.000927004565456
487	0.000785826015447
485	0.00174550534462
484	0.00141377483828
482	0.0014029039461
481	0.000483783943687
480	0.00140506519001
472	0.00314557051606
470	0.000470360660104
471	0.000969985228459
474	0.00131292360646
478	0.00103595608994
479	0.000494939156275
