0	0.00185466003839
819	0.000895902156341
812	0.000916820703543
813	0.00185057352639
718	0.00369646696517
716	0.000887505966613
710	0.00184139619977
299	0.000931314092551
294	0.00450397911409
290	0.00179437717818
591	0.000907169108492
590	0.000884849683967
199	0.0
191	0.0017623338923
270	0.000895417878512
272	0.00186116731903
273	0.000911768370049
274	0.00175644405446
275	0.0
278	0.000854711567647
526	0.000835005118191
527	0.000913951924301
521	0.00363843749672
522	0.0
528	0.0168106776066
443	0.000926062164366
445	0.000787718555448
444	0.00272581944518
101	0.00177405461143
107	0.00540350118132
104	0.00180942073875
105	0.00284105787156
900	0.00184234141659
38	0.0
32	0.000860709542611
31	0.00405832920308
30	0.00450862106226
35	0.00171024352188
643	0.0008291214553
644	0.000887131294477
647	0.00160253030964
439	0.00455274369858
649	0.000931314092551
435	0.00450140029703
433	0.000887131294477
338	0.00268675516373
335	0.00273165892721
334	0.00626460460353
333	0.00278719787805
332	0.0126235750487
855	0.0
857	0.00477953536208
850	0.0027848894476
851	0.0069569742611
852	0.000886049057837
853	0.00180041040489
858	0.000817282565303
6	0.000924733112548
98	0.000868625590107
90	0.0091429701168
742	0.00637553195927
743	0.00360112542593
558	0.00332096023712
746	0.00461157641003
749	0.00184073936049
551	0.0
550	0.0
236	0.000901256754429
231	0.00366088688481
232	0.00272437933618
233	0.00279301209097
147	0.00172221826228
618	0.00495438211631
142	0.00399204664553
143	0.00173670049626
141	0.00171024352188
610	0.0008284173169
617	0.00180943527843
614	0.00086929650075
149	0.000887505966613
1004	0.00361135519269
948	0.0117471678225
949	0.00272785001032
946	0.00632381571597
947	0.00186630584748
943	0.0
940	0.000886049057837
768	0.000878283825585
688	0.00182486385233
685	0.0016621166908
684	0.00255989939692
687	0.00269902075006
516	0.0
132	0.000856417102554
136	0.00399019660626
139	0.00175847484407
493	0.000835005118191
24	0.00252398652194
25	0.00167158874549
29	0.00290977687355
407	0.0
939	0.0
403	0.0027847690523
402	0.0
401	0.00254061972306
400	0.000956282465061
933	0.000837368578317
935	0.00462476342446
408	0.000787718555448
371	0.00180767779178
373	0.000787718555448
374	0.00381479120944
377	0.00265944539536
704	0.000834091921591
705	0.000929675388652
707	0.0
700	0.00183542110052
702	0.000955626879084
392	0.0
390	0.000917819454917
395	0.0
399	0.00429380474694
84	0.000876304567234
796	0.000894700252295
795	0.000787718555448
791	0.000857464601694
790	0.00641419319771
799	0.0
586	0.0116519399495
584	0.0
585	0.0058956442227
580	0.0017170612903
581	0.0
245	0.00274403181104
249	0.000924733112548
248	0.000907169108492
518	0.00273206980249
510	0.000878283825585
513	0.00180396922464
512	0.0
514	0.00278817587103
517	0.00271524129055
1000	0.00252396615953
458	0.00249364420969
622	0.0
951	0.00182127582854
624	0.00183289935751
450	0.00370106615679
629	0.0150611108929
628	0.0
454	0.00342209135724
456	0.00368162690619
178	0.0156915919252
595	0.00376605436456
175	0.0
173	0.000946659032563
977	0.00924556319557
976	0.000925178639568
971	0.00160325390264
979	0.0
2	0.00275049663346
187	0.00281101206672
184	0.00183062307413
188	0.00086929650075
189	0.00178339967426
658	0.000835005118191
659	0.00189044917755
868	0.0018133339419
15	0.0
14	0.00190536002735
17	0.000793461244149
16	0.00177009090527
19	0.000885140249023
862	0.000924733112548
865	0.00176594726496
866	0.00709954833107
880	0.0
885	0.000901298558207
569	0.000886049057837
888	0.00079172670443
929	0.00278419389408
323	0.000856417102554
321	0.0016632915285
324	0.00179321816633
329	0.000917075798863
775	0.000916934496319
200	0.00639289432283
776	0.000886049057837
207	0.00553696166466
772	0.00255626186057
779	0.0
77	0.0027320891987
75	0.00347878889954
74	0.00360175941537
73	0.00248897021779
72	0.00179317780431
71	0.000944167382254
70	0.00263026866623
78	0.00277965200888
669	0.00258491775122
668	0.00185057352639
662	0.00369735412941
660	0.000879898207125
692	0.00549410437924
693	0.00185404585723
696	0.000854711567647
697	0.000821667262349
695	0.000840947021131
699	0.000893153742633
542	0.00359714990511
540	0.00358236801286
541	0.0
547	0.000840947021131
544	0.000886049057837
995	0.000895417878512
997	0.00173132620995
990	0.00399494553072
120	0.0140817120262
125	0.0
126	0.00179896993153
414	0.000851428002825
415	0.019030108021
416	0.00452739687589
920	0.0017708987418
922	0.000884849683967
923	0.00347458241358
418	0.00371164914373
925	0.00247216003622
926	0.000879898207125
499	0.0083932821991
318	0.000912534421482
313	0.00272377571223
311	0.000821667262349
310	0.000896652308341
317	0.000956282465061
316	0.00413062828424
314	0.000924733112548
832	0.00743823183863
833	0.00182112103279
836	0.000907169108492
835	0.000886049057837
367	0.0265771845318
365	0.0
362	0.00250707022803
360	0.000835005118191
361	0.000894700252295
381	0.0
383	0.00256813087577
388	0.00175024212096
784	0.00274912161479
780	0.00278817587103
782	0.007214256587
783	0.00278402276727
788	0.0
789	0.00181184825241
572	0.00176474789109
577	0.00419499964586
153	0.000925939816618
575	0.0
61	0.00185057441038
62	0.00182127582854
65	0.00266816981499
66	0.000902317623187
67	0.00167841919354
250	0.00180653394814
256	0.000909066163703
254	0.000939268275542
731	0.000886049057837
730	0.000909066163703
732	0.0
509	0.000874550165248
506	0.00566450015569
738	0.00266076156389
502	0.00738765332447
503	0.00165160163947
500	0.00269969126156
630	0.00163107551705
631	0.000835005118191
633	0.000876545847333
469	0.00172552081802
468	0.000894368049065
901	0.00274912161479
168	0.011817098767
165	0.00573680142473
166	0.00268655617937
167	0.0034279065342
160	0.00164218862197
161	0.000917819454917
966	0.0
962	0.00177138255498
963	0.00172371644927
934	0.000944167382254
878	0.000925178639568
879	0.0
876	0.000887505966613
874	0.00546272350815
873	0.000910991150992
870	0.0
890	0.00175386036031
891	0.00426289360968
895	0.0
899	0.00195514808304
646	0.000899895748855
356	0.0154402642572
355	0.000837368578317
808	0.00195514808304
351	0.000824088285595
803	0.00181013887065
806	0.00478083913892
216	0.00331079820746
214	0.0117954194392
952	0.00398680331591
762	0.000896652308341
955	0.0017905301599
767	0.000931059589848
764	0.000910991150992
765	0.00181889132911
957	0.000840947021131
956	0.00332905398194
288	0.00332161446519
4	0.000921628733942
281	0.000884849683967
280	0.00257707621144
285	0.000837368578317
674	0.0
670	0.00273631129865
671	0.0
260	0.0036438824753
267	0.000911745630369
266	0.003650518681
264	0.00274909629551
55	0.000944167382254
56	0.000949419646761
53	0.00175395891708
52	0.00181755319033
535	0.00273928724848
534	0.00263579375134
532	0.0
531	0.0017764327094
530	0.00337966568263
538	0.0018544085012
988	0.000856224317267
987	0.00626029046854
984	0.00179758602047
114	0.0
112	0.00182172063701
119	0.00274701748388
118	0.000915560720926
429	0.00347586537991
428	0.00476942186426
918	0.00166205063711
915	0.0153868570191
420	0.0
423	0.00178187401568
422	0.0
425	0.0118002190852
424	0.000795962250509
912	0.00727641829274
301	0.000858139522784
302	0.000796070398858
304	0.000921628733942
306	0.00186488114342
846	0.00166342243509
844	0.00421986762505
843	0.0
840	0.00182403478117
849	0.0
568	0.00185691578894
752	0.00267870180262
750	0.000835005118191
561	0.000835005118191
758	0.00664013070318
565	0.00248329514868
739	0.00175256356224
229	0.00270432796761
228	0.00276960657816
224	0.00961311860082
223	0.000907169108492
220	0.00177563452946
724	0.00267585711771
89	0.000907169108492
723	0.00413854221501
720	0.0045635842015
605	0.00370961098777
607	0.00179870616451
601	0.000856417102554
157	0.00180382141683
602	0.000909066163703
634	0.0
48	0.0058510226345
46	0.000856417102554
950	0.00185725390917
953	0.000807183503781
45	0.000902317623187
42	0.000931314092551
954	0.00162866557658
40	0.00372828432042
41	0.00330291786826
485	0.000911768370049
484	0.002497224994
483	0.00268235751375
472	0.00634804827328
470	0.00183156579123
