344	0.0015643341421
0	0.000740750608036
347	0.000737334998596
341	0.000739715757249
343	0.0
810	0.000826347161304
812	0.00478121421822
813	0.00220313062524
814	0.000738860177423
817	0.000752990538648
718	0.00215311729547
716	0.000694055535592
715	0.00221637821987
713	0.000773346208821
710	0.000814685021929
915	0.011172321843
914	0.000741740245276
910	0.00443114447948
299	0.0
294	0.00298019110108
292	0.000739715757249
293	0.000717003265813
290	0.002265086025
591	0.00365228175731
595	0.0022698555923
594	0.00148367790409
599	0.00162991813826
196	0.000734979714046
191	0.00667994889702
190	0.00223133209804
193	0.00446322234755
192	0.0032670505699
275	0.00162855053996
277	0.000736858748342
278	0.00302744965877
527	0.000731733941813
522	0.00215257354192
528	0.000802432340505
443	0.0022305729626
441	0.000725917363718
447	0.000741416037838
445	0.000743799056287
102	0.000707696981505
103	0.000758673721869
101	0.00159211049995
106	0.000707696981505
107	0.0280225980907
104	0.00149178221965
105	0.000711795186329
900	0.00148640406454
38	0.00213181237755
906	0.00144642259687
907	0.00172567441106
32	0.00140859366477
31	0.000779487659116
909	0.00230000544888
35	0.00149981730845
641	0.000714686976493
643	0.00164845673915
439	0.00150758759485
649	0.000707696981505
648	0.00375042413102
435	0.00295989004814
432	0.000714686976493
433	0.000714686976493
431	0.000750602430926
338	0.000714686976493
335	0.0148263565052
334	0.012641961626
337	0.0
336	0.000737334998596
333	0.00243003633459
332	0.00221619648808
854	0.00369005624726
855	0.00216368360839
857	0.000744574249114
850	0.00298606547892
851	0.00448200909649
99	0.00155420944327
98	0.00772510808038
91	0.00139244836012
90	0.00390045840749
92	0.000736043130226
95	0.000714686976493
96	0.000685026622776
740	0.00139272360428
742	0.00297697215649
743	0.00148951121897
559	0.000685026622776
558	0.0
746	0.00810758625326
748	0.000737334998596
556	0.000737434683874
551	0.000735436642459
553	0.00165209166203
239	0.00223189330641
236	0.00165605499207
231	0.00430932361866
232	0.00224327771677
147	0.00294884090053
142	0.00148590939267
143	0.00155017135068
141	0.00149634462375
611	0.0
617	0.000740750608036
614	0.00150821626175
149	0.000738008353287
951	0.0185244151426
1004	0.00327225415108
946	0.000746043266629
1003	0.00148822857705
942	0.00222033628221
940	0.00969859159971
514	0.00223344194181
768	0.000729760660784
517	0.00890445691485
685	0.000800118196328
687	0.00296227840682
680	0.0036972425693
132	0.0
136	0.00148293933319
135	0.0111305102597
134	0.00151843016039
139	0.000707696981505
24	0.000743799056287
28	0.000714686976493
29	0.00408686114711
405	0.000741740245276
404	0.00305083595754
401	0.000773346208821
937	0.00147656273865
936	0.000741937658815
935	0.0022009342166
371	0.00148957322502
373	0.000783486153784
374	0.000720939320712
377	0.0
704	0.000745738953024
706	0.000740750608036
707	0.0045141968546
700	0.00239561812995
702	0.000770766610861
393	0.00169241372518
391	0.000745572091715
86	0.00148636541718
84	0.00142684011389
796	0.000714686976493
795	0.000752990538648
791	0.000702627485878
790	0.00476983231469
170	0.00143194966657
586	0.0103849269369
584	0.00147556518675
585	0.000737771225691
582	0.00213987087165
581	0.00296873224903
589	0.00150764450512
245	0.00214348605198
247	0.000707696981505
246	0.00237430939318
241	0.000752990538648
243	0.000715989366923
248	0.00446337452128
924	0.000797051247439
518	0.00442706012641
510	0.000707696981505
513	0.000735436642459
512	0.000752990538648
515	0.00074783297974
1002	0.0
1001	0.00231056525031
516	0.000829707830766
458	0.0
622	0.000707696981505
626	0.000779487659116
624	0.000743750348296
450	0.00371453056847
629	0.00372817821189
628	0.00147951147097
454	0.00228834110647
179	0.00075241878202
178	0.00705426846889
175	0.00485596760104
171	0.000738542309261
198	0.000734979714046
977	0.00317622163196
654	0.000764630496293
978	0.000746826769805
656	0.000744574249114
180	0.0
181	0.00229901614686
652	0.000826347161304
188	0.00225201662346
189	0.00154397372428
659	0.000720939320712
11	0.000744294513489
868	0.000733308821137
15	0.00221003908622
14	0.00159133372347
862	0.00155375426896
865	0.00148858358778
867	0.00162166884533
866	0.000740750608036
947	0.000700651964835
883	0.00087669716824
880	0.00229042091155
885	0.00148216664587
569	0.00074783297974
929	0.0040534065655
322	0.0014370100276
323	0.00216055692435
320	0.000826347161304
321	0.0
327	0.00164845673915
324	0.00295040484316
325	0.000738551332195
329	0.000738177918553
562	0.000707696981505
688	0.00165209166203
201	0.00165209166203
200	0.0
776	0.00152388538742
771	0.000731733941813
773	0.000745572091715
772	0.003710371177
208	0.00164625760188
77	0.0007503120741
75	0.00444061443215
74	0.00074457245274
73	0.0
72	0.000741740245276
70	0.0043801467835
2	0.0040079240796
669	0.00233332478312
668	0.00147049794059
665	0.000736627689526
664	0.000826347161304
663	0.000758673721869
662	0.0022305729626
692	0.00518049966304
693	0.00238279073761
696	0.00373208518589
697	0.00430939252482
698	0.000714686976493
542	0.00443404337248
540	0.00644653510681
541	0.00154186466288
546	0.00145622688821
547	0.00225223609047
544	0.00307636383869
8	0.000770489601274
994	0.00143119863774
997	0.00148278604891
990	0.00076823205259
120	0.00808953723039
126	0.00236169378612
127	0.00144763230918
129	0.000737334998596
415	0.00296330557479
416	0.00369019433971
920	0.00374702019625
921	0.0
923	0.00527075696681
418	0.00159369667159
925	0.00285740792589
926	0.00663850345615
499	0.0
319	0.0
318	0.00073827868932
311	0.00142758934603
310	0.0
316	0.00297751045688
314	0.00324490457273
832	0.000709191746033
833	0.00219518076415
838	0.00147337167144
369	0.00295035929477
365	0.0
362	0.00149383481986
361	0.000714686976493
381	0.00492038897353
383	0.00451340376751
388	0.0
784	0.000744089836777
780	0.000743909905863
783	0.00232912877073
788	0.00138251013162
789	0.000714686976493
151	0.00151405472581
577	0.000737334998596
153	0.000797783149026
575	0.0
61	0.00286861991931
62	0.00735909729088
64	0.000707696981505
65	0.0126671768791
68	0.000714686976493
253	0.00226970964145
250	0.000737582562782
251	0.000714686976493
939	0.000707696981505
731	0.00148628083742
730	0.00150097168903
737	0.000826347161304
509	0.000665810966926
506	0.00633285993002
738	0.00611293237043
505	0.0
502	0.00154881928925
500	0.00591397262874
630	0.00224406023124
633	0.00224280909611
469	0.0120472088613
468	0.000826347161304
465	0.000797498590904
464	0.00165209166203
460	0.000707696981505
168	0.00530305652825
169	0.00152000884592
164	0.000685026622776
165	0.0031131660843
166	0.00296198251552
167	0.00374312216145
966	0.0
962	0.00439348855078
963	0.00074783297974
879	0.00139272360428
874	0.00429147613743
872	0.000714686976493
873	0.00286249772819
870	0.000741740245276
890	0.00223428732384
891	0.00446398194083
893	0.000707696981505
898	0.00165209166203
899	0.00165209166203
646	0.00147344499575
356	0.00375506281978
809	0.000714686976493
808	0.000826347161304
353	0.00149308834793
800	0.000735436642459
807	0.000740750608036
804	0.00166938336365
216	0.0
214	0.0201906941338
762	0.000739113800857
955	0.00214454415718
761	0.000837145211418
764	0.00142853965122
765	0.00298634015116
957	0.000752990538648
956	0.0
289	0.00165209166203
288	0.00447474023815
4	0.00145765130553
284	0.0007392280669
676	0.000707696981505
670	0.00165209166203
671	0.00221642152807
672	0.0
260	0.000757275520747
267	0.00593447324149
264	0.000764630496293
268	0.000773346208821
58	0.000767776878279
56	0.00142545548246
53	0.00596776027879
52	0.00153720116807
537	0.00165209166203
535	0.00221327303492
534	0.0241123424731
532	0.00579235735479
531	0.00146251995623
530	0.00371655769315
538	0.00156459334893
988	0.0015128063017
774	0.00210767022608
980	0.00165209166203
987	0.0221990910879
984	0.00221892227954
985	0.000826347161304
114	0.00081595190725
117	0.000773346208821
111	0.000733116346054
112	0.00369272256151
119	0.000797498590904
118	0.00165209166203
207	0.00383698578282
206	0.00140859366477
429	0.00153666460826
428	0.000744294513489
919	0.000707696981505
918	0.0
421	0.000752990538648
420	0.00343667705791
423	0.00319511923488
425	0.00298741867491
424	0.000752990538648
913	0.000737207341192
912	0.00525512908878
309	0.000707696981505
301	0.000752990538648
304	0.00145331005276
306	0.00288761047611
847	0.0
846	0.000745572091715
844	0.0
843	0.00174637079146
840	0.00216184847236
849	0.00152556686926
823	0.00220906117621
752	0.00296284971453
751	0.00074133514356
759	0.00147904909451
758	0.0
565	0.000737334998596
566	0.000756846611837
229	0.00223359121034
220	0.00148986842062
88	0.00221857031268
724	0.00233106451848
723	0.0
720	0.0102522706799
605	0.00318794385679
150	0.00297379066803
607	0.00371851522719
601	0.00216847605301
154	0.000707696981505
159	0.00147537179289
609	0.00445937051778
634	0.00135492178806
48	0.0
46	0.000738725615361
950	0.00379445921438
952	0.0
42	0.000707696981505
954	0.000752990538648
40	0.00074783297974
41	0.0
638	0.00133755128025
5	0.00329267938556
489	0.000707696981505
487	0.000702627485878
485	0.000735436642459
484	0.000745572091715
482	0.00213702756885
480	0.00142545548246
472	0.00150421633078
471	0.00366914263993
477	0.000707696981505
474	0.000707696981505
478	0.00074133514356
