344	0.0027568044023
0	0.00135568832276
347	0.0047137693588
341	0.000657484715487
343	0.00116540221768
812	0.00131980698608
817	0.0013578452526
719	0.00148595522438
718	0.00136218157633
714	0.00136338837002
713	0.00137011232259
712	0.00201294485635
710	0.00127371594178
915	0.00620717351043
910	0.000601285642945
294	0.00134673284647
295	0.000678116895025
292	0.00197981918061
290	0.00343647462631
291	0.00271487167346
591	0.00136749934103
590	0.000670003631343
592	0.00478200172664
595	0.00132113822271
594	0.000663102142784
599	0.00204325577887
197	0.000745039886398
196	0.00136324811951
191	0.00204196372015
190	0.000686560141946
193	0.00341243019609
192	0.000743765252771
270	0.0014723610218
272	0.000666298204573
273	0.000675197161362
275	0.0014442929117
278	0.00411500943348
526	0.00137606675884
528	0.000684487028059
443	0.0006710565836
447	0.00133495802024
444	0.00136588028503
102	0.000595599046758
103	0.000480293550719
106	0.00236485427843
107	0.00276441815933
104	0.00132582152989
105	0.00077093553893
900	0.00133735478817
901	0.00133250184934
32	0.00135183505968
31	0.00343974325423
30	0.00199351888458
35	0.00137188714131
641	0.000703436376895
644	0.000745039886398
647	0.00274710607033
439	0.000666215022308
437	0.000745039886398
435	0.0020185274012
432	0.000703436376895
433	0.00352465922766
431	0.000683222511244
339	0.000678116895025
338	0.00210607178528
335	0.00356345120987
334	0.00542986892961
337	0.000589419900754
333	0.000678116895025
332	0.00133948260043
745	0.000745039886398
854	0.000682976755137
855	0.000703161573012
857	0.0027743489558
850	0.000745039886398
851	0.00343725661628
819	0.000601285642945
858	0.00275048933804
6	0.000678116895025
98	0.00549195677103
91	0.000663909521076
90	0.00797702320604
92	0.00137859685128
95	0.000703436376895
96	0.00169341663574
740	0.00055970925744
742	0.0073904757498
743	0.0012806517015
558	0.00204741992185
746	0.00409928233352
747	0.000745039886398
748	0.0
557	0.00199995427131
553	0.0
552	0.0020626815189
236	0.00208761271801
231	0.00349225043607
232	0.00199787416089
233	0.00135891713876
1	0.000940745198843
147	0.0020331837124
142	0.000691832022415
143	0.0
141	0.00137679185658
612	0.000358367859083
617	0.000681415098766
614	0.00343784180986
149	0.00200829865009
951	0.00202699718309
947	0.0
944	0.000677475359698
942	0.00197727111849
940	0.000682276528223
517	0.00272390211829
685	0.000686560141946
684	0.00270815863599
687	0.00210816606816
686	0.00208145493961
680	0.00215414594158
682	0.00148821949356
459	0.0
132	0.0
131	0.000745039886398
136	0.00206810346818
135	0.0079727774413
134	0.00272200640408
495	0.00134036110392
139	0.00167180211035
497	0.0
491	0.0
493	0.00206565165719
24	0.00274099073644
25	0.0
26	0.000666298204573
28	0.000703436376895
29	0.00145415585276
407	0.000710805440499
405	0.000658334069526
404	0.000662566695228
402	0.000553574367424
401	0.00408498440388
933	0.00134273522891
936	0.00118292026449
409	0.000678116895025
934	0.000659594887045
371	0.00135432430405
824	0.000687687459298
372	0.00199019447998
377	0.00222865737139
704	0.00126595771265
707	0.00140675599272
700	0.000658829853867
702	0.00221181670222
703	0.000652379788851
393	0.00133296463781
392	0.0020553824058
397	0.0
176	0.000676267451603
82	0.00264041729447
83	0.000652379788851
399	0.0
398	0.000670103039834
796	0.000739858454463
795	0.00342245401425
790	0.00331508147152
607	0.00598087368273
586	0.010719329047
587	0.0
585	0.000658566178033
582	0.003419373674
580	0.0
581	0.00132148511108
245	0.00281249436127
244	0.000682132647207
246	0.000678942592881
241	0.00137365090506
249	0.00135568832276
248	0.00270328809011
924	0.00146841155573
511	0.000703436376895
510	0.00169990123777
513	0.00137780495209
1004	0.000739858454463
515	0.000665573317111
1002	0.000681552412354
1001	0.00295203526297
516	0.00522550825475
458	0.00135887817842
622	0.00282714702965
626	0.0
450	0.00135300702328
629	0.010985802712
628	0.00132166832082
454	0.00606042972932
178	0.0156018417782
199	0.0014723610218
175	0.0028805578047
173	0.00360505444808
171	0.00201245671286
170	0.00131978640301
977	0.0
976	0.000678116895025
975	0.0
971	0.00276069736186
180	0.0
979	0.000745039886398
978	0.00896618466368
656	0.00136467779289
657	0.000745039886398
654	0.00370130650548
2	0.00271948083374
653	0.000745039886398
650	0.00290583390084
185	0.00138228261999
188	0.00478330281251
189	0.00209254405034
658	0.000686560141946
187	0.0020084581567
184	0.00192593769328
868	0.00334513378043
13	0.00297050739125
15	0.00143611508407
14	0.00666720308357
16	0.00146713692211
863	0.000702827576358
862	0.00269879896441
865	0.000677475359698
659	0.00066144526574
881	0.00296198469006
886	0.000682924480571
885	0.000669141618866
809	0.00140626395325
322	0.00178968648012
323	0.000595599046758
321	0.0
327	0.0021935081598
324	0.000465468007955
329	0.00180936281917
775	0.0006804888369
200	0.00276277240604
777	0.000723371669337
776	0.00138019234122
771	0.00196246347677
207	0.00892752913823
772	0.00340026772883
209	0.000665573317111
208	0.000696850533089
779	0.0
77	0.00199830885887
75	0.00473601926235
74	0.0019996735128
78	0.00135331405639
669	0.000687349947216
663	0.00109167068253
660	0.00135078666505
692	0.00340393310045
693	0.00205699273891
696	0.000746084409008
697	0.00281068759586
542	0.00205251280194
543	0.0013816616087
540	0.00351857181135
541	0.0029355911456
546	0.00549792075556
547	0.00137503320268
994	0.00631838085656
997	0.00136465007291
996	0.00372633462235
991	0.000678116895025
990	0.00206399046552
993	0.0006710565836
120	0.00406569708672
122	0.00210712690634
125	0.000562686146309
126	0.00333411989837
127	0.0020455844546
415	0.00407244406704
416	0.00873839045215
410	0.0115445324489
920	0.000687349947216
921	0.000745039886398
923	0.00416307070501
418	0.00229962628636
925	0.00140677254314
926	0.0
499	0.00134134084536
319	0.00136357971854
318	0.0
313	0.0020065948498
311	0.00279368478096
310	0.00145459915023
316	0.00343833151775
832	0.00597468215041
833	0.00203316923506
830	0.00135974045007
837	0.00221443523717
835	0.001350127087
838	0.00343598993889
369	0.00208294807723
364	0.000703436376895
362	0.00270128169353
360	0.000686560141946
361	0.000703436376895
381	0.00144786406625
383	0.00067474386526
388	0.000541616044708
784	0.00133250184934
787	0.000677475359698
780	0.000541616044708
782	0.00470360540327
783	0.00291838465483
788	0.00168749764585
789	0.00138319915577
573	0.00200003024581
572	0.00132486438261
576	0.000745039886398
575	0.00401008076391
574	0.0013305134804
61	0.00203445953433
62	0.00272389725349
65	0.000703635211056
67	0.00412034325261
68	0.000703436376895
250	0.00136588028503
251	0.00142680804623
256	0.0013394691235
157	0.00205146136357
939	0.000529269187759
731	0.00357313994522
735	0.000541616044708
508	0.000745039886398
509	0.00326827689878
506	0.00737083897798
738	0.026712836988
502	0.00405866959153
500	0.000668896035776
630	0.00415385660013
631	0.000686560141946
633	0.00204329438097
469	0.0102771255776
638	0.00319432987934
927	0.0136595445288
460	0.000443035384691
462	0.0123224397865
168	0.0120089530404
164	0.000529269187759
165	0.0061866002693
166	0.00266299930628
167	0.00206254753487
160	0.00482576269889
966	0.00135781477251
963	0.00136756250616
969	0.000723371669337
935	0.00342602149307
909	0.0
879	0.000443035384691
872	0.000703436376895
873	0.000703436376895
870	0.000663102142784
891	0.00206211160418
646	0.000680675826661
648	0.000662407385696
356	0.0113313700034
355	0.000663909521076
353	0.000687339729519
803	0.00204540317976
802	0.000666298204573
807	0.0
804	0.000749765213801
216	0.0
214	0.00750444346552
769	0.00134595510375
762	0.000663927904669
955	0.00421833362876
761	0.0022221262356
767	0.00135908824101
764	0.00138777979375
765	0.00265421810953
957	0.000685122312442
4	0.00133784600804
280	0.00206739497888
679	0.000687349947216
674	0.00136317696805
676	0.000562686146309
670	0.00139878442635
671	0.0
672	0.0
260	0.00332453128515
267	0.00475021216998
264	0.00183641166831
268	0.00137011232259
58	0.0
56	0.0020913471282
53	0.00410175587771
52	0.00400281344279
537	0.000696850533089
535	0.000682924480571
534	0.000738897849455
532	0.0014948051002
531	0.00209075098131
530	0.00481754356396
538	0.00202931614321
988	0.00274502054279
774	0.0
980	0.000714297398293
987	0.0196760903667
984	0.00266714405014
111	0.000685083174942
113	0.000682976755137
112	0.00204033293298
773	0.00140623253921
429	0.00340120230067
428	0.0138314747895
918	0.0
421	0.00338382329739
423	0.00212876332464
422	0.00218219949308
424	0.00342095127473
427	0.000703610970132
912	0.00735854469068
308	0.00077093553893
301	0.00343254672053
302	0.000691832022415
305	0.00200010328999
306	0.00331376825569
847	0.00137859685128
846	0.00205984332033
844	0.000676598471633
843	0.0
842	0.0
841	0.00141467108262
840	0.00140777339218
849	0.00288281007752
823	0.000682976755137
568	0.00266920171909
569	0.00135411898185
561	0.00205984332033
758	0.0
564	0.0
739	0.000687371055096
229	0.00259156651369
228	0.00205496398581
223	0.000684487028059
220	0.00203023512552
727	0.0
724	0.00271709392044
722	0.000682976755137
720	0.0
729	0.000746084409008
605	0.0027887909796
150	0.0013546814758
153	0.000723371669337
603	0.0
602	0.00130371067705
159	0.00813528079195
609	0.00204858526326
634	0.00111266848793
48	0.000630456648192
46	0.0
953	0.000691832022415
952	0.00276237387084
42	0.000722366832987
954	0.00137503320268
40	0.00600647393453
5	0.0
488	0.000666220592505
485	0.000682976755137
482	0.00210492494126
472	0.00333862763469
470	0.000678116895025
477	0.00103467538635
479	0.0007273211354
