344	0.00242091279362
0	0.00120251352266
343	0.00240867480739
810	0.00173891843754
812	0.00292805888084
813	0.000600785344802
349	0.00241585661067
817	0.00180451226242
719	0.000595263103909
718	0.00778722060256
717	0.000608441522203
716	0.00119899928656
715	0.0
713	0.000601447267972
710	0.001202700707
915	0.0151121688893
299	0.000599716371881
294	0.00478235688759
295	0.000601214841687
292	0.000600412329576
293	0.000601032939132
291	0.00119913145018
591	0.0029961392677
590	0.0
592	0.00359155078661
199	0.000581395800267
599	0.00180377764345
197	0.000598459665682
196	0.00119591932703
191	0.000598459665682
190	0.00361863261915
193	0.00120260872329
192	0.000580377559869
271	0.000600785344802
272	0.00120219862722
273	0.000602475173769
274	0.00120849354553
278	0.000601128817349
526	0.000603076438059
443	0.0
440	0.00172208947281
447	0.00418417788273
445	0.00120669940616
444	0.00118912548192
103	0.00351514794479
106	0.00119928439147
107	0.00295799633678
104	0.00179360563031
105	0.00115648660889
900	0.000600800651324
38	0.00240952683605
907	0.000600263122706
32	0.0030040550121
31	0.0018132258523
30	0.000597624016844
35	0.00121016637243
641	0.000600521214644
643	0.000577385201492
644	0.00118416949459
647	0.00120654869841
439	0.00119514830552
649	0.0012042391748
648	0.00119495097925
435	0.00299091606317
432	0.000600521214644
433	0.00179663746696
339	0.000601214841687
338	0.0012004707959
335	0.0144596405112
334	0.0108114705951
337	0.00301404138753
333	0.00120219666551
332	0.00358422948263
854	0.0119018899436
855	0.00180886905885
857	0.000604946765573
850	0.00119916118124
851	0.00241406122587
6	0.00119555743893
98	0.00179067412222
91	0.00180244063314
90	0.00422054278669
92	0.000604946765573
95	0.00120299638841
96	0.0
740	0.00119882643443
742	0.00900831778879
743	0.00237606405188
559	0.0
558	0.00166677165746
746	0.00480464309376
557	0.000602475173769
556	0.00119186720956
551	0.00356595528192
550	0.000610154376157
553	0.000577385201492
239	0.0024124408601
235	0.000597554366223
236	0.00292236753295
230	0.000600558570698
231	0.00479855310912
232	0.00418228845658
233	0.000599632720768
147	0.00239962455792
142	0.00120470839889
143	0.000601601932836
141	0.0012047002623
1004	0.00232399129848
948	0.00478642191847
949	0.00119498973918
946	0.00239044408525
947	0.0011452065517
940	0.000600853148408
514	0.00469174449849
688	0.0011553832307
685	0.00239318235319
684	0.00115166612451
687	0.00299186054732
680	0.00121958354099
133	0.000597122154723
132	0.0
136	0.00120853402168
135	0.00725268702622
134	0.00059867019059
495	0.000575357078713
139	0.0
497	0.000585777499757
493	0.0018121553134
24	0.00481066595666
25	0.000543668252511
28	0.000600521214644
29	0.000577385201492
407	0.0054008593942
402	0.000599355577707
401	0.00360281130671
936	0.00121266930417
409	0.000601214841687
379	0.000575357078713
378	0.00175671061401
829	0.0
371	0.00241760912828
373	0.000603468329434
821	0.000594851324914
374	0.000577136882992
823	0.000594851324914
704	0.00119579169747
705	0.000600528107189
707	0.000603076438059
700	0.00408540509065
703	0.000607014532862
392	0.000597991140237
391	0.00120976602713
394	0.000594851324914
82	0.00120745531194
181	0.000603468329434
398	0.000600412329576
86	0.0
795	0.000606245946402
791	0.000601055677529
790	0.00471075002434
586	0.0107723734861
587	0.000601247177011
582	0.00120125090941
581	0.00182000766353
245	0.00240559911312
249	0.00180323559511
248	0.000600853148408
924	0.001791520319
513	0.00237705039582
512	0.00120771851826
515	0.000600412329576
1002	0.000600528107189
1001	0.00353556508614
516	0.00231999393747
458	0.000543668252511
622	0.0
450	0.00237454202568
629	0.012054511006
628	0.000604923222743
454	0.00299825351703
178	0.0132219173433
595	0.00239547943276
175	0.0011726483054
173	0.00179596006643
171	0.0
170	0.00120816799784
977	0.00879589046632
517	0.00418620678835
971	0.000604946765573
656	0.0018121492288
180	0.0
2	0.00176968459883
187	0.00179167709295
650	0.0011957912111
185	0.000604946765573
188	0.00120810165415
189	0.00594474159169
658	0.00120666369416
659	0.00120242301069
184	0.000600263122706
868	0.00477160594002
13	0.000577998029207
15	0.000611142018783
14	0.000595263103909
17	0.000604946765573
16	0.000595263103909
862	0.00240330365401
883	0.00120273829648
881	0.00174004780628
880	0.000582833418588
886	0.00059502117627
885	0.0053791615785
752	0.00178962549097
889	0.00119401834334
322	0.00120276442999
323	0.0
321	0.000537631490203
327	0.000580377559869
324	0.00419432212596
329	0.0
201	0.000577385201492
200	0.00242279361832
777	0.0011941397987
776	0.00180265309988
205	0.000600528107189
207	0.00423999965252
206	0.00117093311426
208	0.00173421089874
779	0.00120104685679
77	0.00299063588551
76	0.000595263103909
75	0.00360169380432
74	0.00597849859821
73	0.000537966539264
70	0.000602509127654
78	0.00120325835256
668	0.00180322434647
664	0.000577385201492
662	0.000597365478758
660	0.000607445569958
692	0.00239785390906
693	0.00120022747853
697	0.0018111272144
695	0.00120061025385
698	0.00420504099229
542	0.00298967738165
543	0.00121117668153
540	0.00240247785138
541	0.00359346449192
546	0.00121850147396
547	0.00120583374572
544	0.000600412329576
8	0.000608441522203
549	0.000604923222743
994	0.00299398026836
997	0.00240361530408
996	0.00174677993571
991	0.000601214841687
990	0.00181477996808
993	0.000600412329576
120	0.009574271768
122	0.00480907751259
124	0.000594851324914
125	0.0
126	0.00298877206164
127	0.00359926826619
414	0.0006019776605
415	0.00240425039094
416	0.0113643203557
410	0.0125027634945
920	0.00241211596384
923	0.00240271594704
418	0.00174431018302
925	0.00120164665787
926	0.0
319	0.00110916339976
318	0.000597303445554
313	0.00358626100276
311	0.00120164665787
316	0.00180894635125
315	0.0012038593985
832	0.0011852106979
833	0.000601299852584
837	0.00179170607424
834	0.000600853148408
838	0.00241922196244
369	0.00357256105268
364	0.00120125090941
360	0.000603076438059
361	0.000600521214644
381	0.00523091182125
383	0.000601247177011
386	0.000547975113487
388	0.00180401438297
780	0.00234191792831
782	0.0119456022631
783	0.00179739886538
789	0.00180202989753
151	0.000582940377003
573	0.000597221898131
572	0.00117381674439
577	0.00300180090962
153	0.00118104060367
575	0.000598132420868
574	0.000597859767821
61	0.00598790274542
62	0.00297046121239
67	0.00483667178362
68	0.000600521214644
250	0.00297629364961
251	0.00119578431855
256	0.00358656495614
731	0.00425448345152
730	0.00119423170464
737	0.00115017281937
506	0.00180104641379
738	0.00179916692397
505	0.00120170444078
502	0.00779280897381
500	0.00119580698127
630	0.00362360709812
631	0.000603076438059
633	0.000600906191307
469	0.00302280168562
468	0.00232781018882
465	0.000585008638396
464	0.000577385201492
461	0.00059966707415
168	0.00776214888007
165	0.00302125543213
166	0.00598805488339
167	0.00180821736314
160	0.00120743356774
966	0.000597015884647
963	0.00180630975945
969	0.000595263103909
935	0.00360573375021
908	0.00119587505034
909	0.000601032939132
879	0.000601639576917
872	0.000600521214644
873	0.0012014028269
870	0.00120745531194
890	0.0108062352582
891	0.00481360370432
899	0.000577385201492
646	0.00297179124164
356	0.00777208967707
809	0.000600521214644
808	0.00115254164895
353	0.00180884781119
802	0.000593535120736
800	0.000593764897033
804	0.00115792413865
216	0.00107923915482
214	0.0282091320045
769	0.00121347423544
762	0.00179066850664
761	0.00290390472581
767	0.000601214841687
764	0.00360344819069
765	0.0041835340868
956	0.001091643366
288	0.00362567862943
4	0.00181316257872
281	0.000600069182052
280	0.00601624139564
284	0.000608441522203
674	0.00239078478768
676	0.0
670	0.00234394272687
671	0.000600853148408
260	0.00178284851353
267	0.00359783387225
266	0.000597015884647
264	0.0
56	0.00179430426824
53	0.00300743549988
537	0.0023110014166
535	0.00238186602234
534	0.00360856626689
532	0.00521054129578
531	0.00179945349391
530	0.00360980954458
538	0.00120080677731
775	0.00120126547798
774	0.000571262856966
980	0.000577385201492
987	0.0180113657385
984	0.0023917926469
985	0.000577385201492
111	0.00179207463283
110	0.000597657732618
113	0.00118898014671
112	0.00299001517277
771	0.00541954142233
119	0.00116709184979
118	0.000577385201492
773	0.000601125443228
772	0.00539883901644
429	0.00120046861496
428	0.00603202848197
421	0.000605316474135
420	0.0
423	0.00117098481405
422	0.00183100483717
425	0.0029912561724
424	0.00181453732191
427	0.000601125443228
912	0.00358470057953
309	0.000602771796218
302	0.000604946765573
306	0.00300664279501
847	0.000606245946402
846	0.00241470627723
844	0.00226599006292
843	0.00180172103488
840	0.00180135240815
849	0.000600521214644
568	0.00230594406879
569	0.00180078150503
754	0.00120104685679
561	0.00241692745376
758	0.00274799017811
565	0.000565495147254
739	0.000601913319694
229	0.0011909399509
228	0.00240310655144
226	0.000572787617874
225	0.00119941745647
220	0.00120133162201
727	0.0
724	0.00119845323598
722	0.00118912548192
723	0.00161981882356
720	0.00480807977207
721	0.000597624016844
605	0.0036046691914
150	0.000601299852584
607	0.0077666791226
152	0.0
157	0.00239605269185
602	0.00418018223705
159	0.0042083074403
609	0.00179757204075
976	0.00240707890883
83	0.00181414613344
958	0.0
48	0.00327266547264
951	0.00541958529319
950	0.00410015217506
953	0.000604946765573
952	0.00181645575964
955	0.00360581435973
40	0.000600412329576
41	0.000537966539264
638	0.000599355577707
5	0.00115254164895
485	0.00416100754345
483	0.000601601932836
482	0.00239387399651
480	0.000600521214644
472	0.0041815160684
470	0.000601214841687
471	0.000596433592491
474	0.00120212737393
