344	0.000957070305151
0	0.0118915372038
346	0.000475483005806
347	0.00240009357655
343	0.00476526685582
810	0.00238228750576
811	0.000957075173614
812	0.00191784712808
813	0.00238979036806
814	0.000479430751275
349	0.000954574527023
816	0.0
817	0.000478480038201
719	0.00095511509277
718	0.00669687928158
716	0.000478715765621
715	0.00143681309317
713	0.00047826719524
712	0.00095912905778
710	0.00190286839287
915	0.0043063497618
913	0.000966027295508
299	0.000952685756146
294	0.00576666161791
295	0.000475726362234
293	0.000957129321677
290	0.00239290292338
591	0.00143305761549
590	0.00143719489973
595	0.00382638374658
198	0.000480175099322
195	0.000955940127421
598	0.000480613212229
191	0.000479307215407
190	0.00334883516823
193	0.00143531957023
192	0.000954123972202
272	0.000959913243958
273	0.000478083397976
274	0.00143472902147
275	0.00238293540254
277	0.00191512476401
278	0.00239296778871
738	0.00286612199331
526	0.00191438372071
522	0.000477161652257
599	0.00237739228689
528	0.00286731978
443	0.00239906538632
441	0.0
447	0.000480696847316
445	0.000478506000296
444	0.000964731591196
101	0.00143358573694
106	0.000476524610766
107	0.00334280405112
104	0.00144161762323
105	0.000955973872291
902	0.0009571119796
900	0.000959077688291
38	0.00190412371315
906	0.0
904	0.000956378161776
32	0.00238949796258
31	0.00143508186046
30	0.00240188454368
35	0.00143568116434
641	0.000477730644246
643	0.000956432419025
644	0.00239132297983
439	0.000480623849846
648	0.00336535139692
435	0.00384354258591
432	0.000476596468553
433	0.00095551436344
339	0.000475726362234
338	0.0023884075915
335	0.000476482481098
334	0.0038287400306
337	0.00285690264527
333	0.00190227473516
332	0.00336142675846
744	0.000961301397284
854	0.00096102898296
855	0.000478675095133
857	0.00191340150157
850	0.00287116304924
851	0.00287182181535
819	0.000477888385798
6	0.00190385637186
99	0.00142640153885
98	0.00478284216491
90	0.0100675677334
92	0.000956810458086
95	0.00095551436344
96	0.00380517980081
740	0.00190654905151
742	0.00383230263701
743	0.00192065015395
559	0.000938402065171
558	0.0038367144812
746	0.000477929864281
748	0.000958729695198
749	0.00479246110968
551	0.00048456453477
550	0.000957317002589
552	0.000478480038201
239	0.00143148268088
236	0.00190513243075
231	0.00334437475459
232	0.004324836486
233	0.00191279529947
147	0.00719294423599
618	0.000480053836782
143	0.00143332695847
141	0.0
612	0.000479025412463
613	0.000478736129937
610	0.00143534942206
611	0.00143386781182
617	0.00191481557175
614	0.000478880130652
149	0.000478029469891
951	0.00478120003024
948	0.00576309729686
949	0.000480623849846
946	0.00336188307618
947	0.000480175099322
942	0.000478597922707
943	0.000473444186722
517	0.00288211316637
685	0.00143552770865
684	0.00239715374986
687	0.00287367421938
686	0.000958729695198
680	0.00191464690453
682	0.000478533538242
133	0.00192280633471
132	0.00095149910807
130	0.000475264136354
136	0.000478479711608
134	0.00143683244749
139	0.00661448398343
138	0.000477653618032
491	0.00286632342291
24	0.00717758711318
26	0.000480175099322
22	0.000475991750409
28	0.000477730644246
29	0.0014306640434
407	0.000478247703327
405	0.000478597922707
404	0.000956307671304
402	0.000950489443924
401	0.00239152698347
933	0.000959705511304
409	0.0014263627277
934	0.00143374193256
379	0.000480175099322
828	0.000477513227828
371	0.000478346472457
373	0.00143524682894
372	0.00239035774826
374	0.000957052488725
377	0.000478736129937
704	0.00192165503729
706	0.000955140493953
707	0.00191326408492
700	0.00143360260709
701	0.0
703	0.00143778791158
393	0.000957150292296
392	0.000480532365179
391	0.00334871856268
390	0.000479069274923
397	0.000478524178798
82	0.0
181	0.0043047775638
399	0.00095337088723
86	0.000960086199304
84	0.000475989247075
796	0.000477730644246
795	0.0019137309088
790	0.0071986698261
799	0.00048456453477
7	0.000476316231218
586	0.0100831840799
587	0.00143568636188
584	0.000478743344132
585	0.000955648367773
582	0.000477730644246
581	0.00143570957853
589	0.000955648367773
245	0.00334461516771
246	0.00191189241095
241	0.0
148	0.000478233432154
249	0.00190159556481
248	0.00286880337747
924	0.00191143784115
519	0.00047545928517
518	0.00674091843141
510	0.000948105934796
513	0.000481721767553
1004	0.00238302738572
514	0.000477160799132
1001	0.00143176824324
1000	0.00432475342457
458	0.0019218062772
622	0.00188353896891
626	0.0
624	0.00143177221065
450	0.00287792495339
629	0.00526752722156
454	0.00143482058702
178	0.0128496052655
199	0.00238631224075
175	0.00190752892993
173	0.00143309590535
171	0.000958489688916
170	0.000479069274923
977	0.00715858956377
976	0.00238258429954
974	0.00240304894284
972	0.000959461844833
971	0.000478600954707
979	0.000478404161391
978	0.00143548621111
656	0.000956645623495
657	0.000477457989655
180	0.0
2	0.00191664026025
187	0.00192061129095
184	0.000954136951126
185	0.000952576194956
188	0.000479174508039
189	0.00525906919835
658	0.00239178289792
10	0.000477642659118
14	0.00191131526519
861	0.000477856729445
862	0.00190174012811
865	0.00047910613714
866	0.00287218056722
883	0.00143614994054
880	0.000478290257189
886	0.000480859699814
885	0.00288241480983
752	0.00095872133037
889	0.000480425366707
929	0.00190158151899
809	0.000477730644246
322	0.00142120915087
323	0.000472089832532
320	0.000476135731275
321	0.00143995755059
324	0.00285345746137
329	0.00430115256083
775	0.0014360989536
200	0.00478610258066
758	0.000961167473553
207	0.00526415295996
206	0.000472089832532
208	0.000476135731275
779	0.000478247703327
77	0.000961410616878
75	0.00143713569454
74	0.00336426614793
73	0.000480497721452
72	0.000960093531578
71	0.000478278201414
70	0.00238520439622
78	0.00285355890437
669	0.000957329026355
664	0.000477478460567
663	0.000952258751064
662	0.0105613583024
660	0.000480419387689
692	0.0057381930992
693	0.00380413657318
697	0.00143592226075
695	0.000960447877472
698	0.000477730644246
542	0.00289167783978
540	0.00525598878401
541	0.000954836431164
546	0.00957384688486
547	0.000957795251948
544	0.00239309939505
545	0.000480390857451
8	0.000957329026355
995	0.00239275445985
994	0.00477801050053
997	0.000958131549603
996	0.00238704212909
991	0.00142648980173
868	0.00336209835242
120	0.00622881504278
122	0.00239034240331
125	0.00141432858454
126	0.00144130027969
127	0.000958131549603
414	0.00191406302227
415	0.00478360798013
416	0.00432112998701
410	0.00191096861412
920	0.00095689398346
921	0.00143256319392
923	0.00574085900787
418	0.00143246955625
925	0.00143440234639
926	0.00335378406781
499	0.00239842817718
318	0.000960854369075
313	0.00480475919625
311	0.00238956746658
310	0.000476412902542
317	0.0
316	0.00382851577451
314	0.00237718517294
832	0.00190593582135
833	0.000479742396705
836	0.00047910613714
834	0.00047910613714
835	0.000479307215407
369	0.00144809043658
367	0.0119766543519
365	0.00381799300203
360	0.0019142026887
361	0.000957208770593
381	0.00190767699496
383	0.00191073048947
387	0.000951104516697
388	0.00190221159972
784	0.00431119011421
780	0.000477160799132
782	0.00191989868658
783	0.00143638618344
788	0.000951575471519
789	0.00190681187472
151	0.0
573	0.000960799228695
572	0.000960447877472
577	0.000960131831166
153	0.00143219788229
60	0.000480175099322
61	0.00622531092385
62	0.00338447760095
64	0.000472089832532
65	0.00143714962815
67	0.0028709839681
68	0.000477730644246
253	0.0
250	0.00144207119174
251	0.000477730644246
256	0.00144199058627
254	0.000480175099322
939	0.000472089832532
731	0.00287319429631
730	0.00191687073206
732	0.00142788422066
737	0.000476846565621
509	0.0014268536778
506	0.00620598343135
507	0.000478611791778
502	0.00381296699479
503	0.00192287035088
500	0.0033555607503
630	0.000956903836332
631	0.000957066718125
633	0.000956309307287
469	0.00143560893218
468	0.000957842070498
637	0.000479025412463
638	0.00571350798846
466	0.000480175099322
460	0.000475405276274
168	0.00432530189524
169	0.000956307671304
164	0.0
165	0.00191365278851
166	0.00432360974964
167	0.00526361244052
160	0.00382895879477
161	0.0
163	0.00193512520283
962	0.00143790852387
963	0.000957575487584
969	0.000477160799132
935	0.0019095997355
909	0.00191122726977
879	0.0
874	0.00286700210587
872	0.000477730644246
873	0.00286702871901
870	0.0
890	0.00191513022785
891	0.00430680344294
895	0.00242064641415
896	0.000479800210418
899	0.000476785384621
646	0.0014478172123
356	0.0110475844754
355	0.000959705511304
808	0.000476785384621
353	0.00143499212922
351	0.00143730319785
803	0.000960711052629
802	0.00144008115026
800	0.000483882967215
806	0.000957348138425
804	0.000478533538242
216	0.00240137633192
214	0.00621926912399
762	0.00144013821887
955	0.00191120670214
761	0.000477647972669
767	0.000951185647405
764	0.00143425633366
765	0.0043241962695
957	0.000478480038201
289	0.00095170396768
288	0.00334921234445
281	0.000954832972511
280	0.00574310536915
285	0.000479588954888
284	0.00191499928589
674	0.000961239460207
676	0.0018888778318
671	0.000957655499479
262	0.000476316231218
260	0.00048073306944
267	0.00432549517946
266	0.000480623849846
264	0.00143333813839
268	0.000956403005311
58	0.000479210723402
56	0.00095551436344
50	0.000468616031457
53	0.00382514912579
52	0.00192149368623
537	0.000953614191842
535	0.0019307588867
534	0.00428513728202
531	0.000477730644246
530	0.00287117834462
538	0.00142824274338
988	0.000478480038201
983	0.000478402636616
987	0.0138548043034
984	0.00240356808271
117	0.00047826719524
776	0.000479025412463
111	0.00384431556081
113	0.000968073076495
112	0.00240314421911
119	0.000479529602884
118	0.00142910776445
772	0.000479174508039
429	0.00191315169712
428	0.00478226763652
919	0.000476016102264
918	0.000479626893098
421	0.000478385429004
420	0.0
423	0.00429633315221
422	0.00239372194048
425	0.00432303374964
424	0.000956913368272
427	0.000477786773138
912	0.0057658393131
304	0.0
306	0.00143841446013
846	0.000956893148576
845	0.000480390857451
844	0.00287745050675
843	0.00334778807515
840	0.000955551122847
853	0.000952402149618
849	0.00286162562155
823	0.000479174508039
954	0.000478527939268
568	0.00144087016229
569	0.000475726362234
751	0.000480753747303
750	0.00191363306249
754	0.000956588878615
561	0.000957066718125
759	0.001922585665
563	0.000478506000296
565	0.000958783593379
566	0.000956132492727
739	0.00191563253842
229	0.0162857344267
228	0.00190607511104
226	0.000477311026054
224	0.000478479711608
223	0.0
220	0.000958332627871
88	0.0
727	0.0
724	0.00287057777935
722	0.000482212477532
723	0.00144231526566
720	0.00095499947844
721	0.00144242617962
728	0.0
605	0.00142835509906
150	0.0
607	0.0
152	0.000960086199304
601	0.00189834884239
154	0.000947616956331
157	0.00335216027007
602	0.00288448334904
609	0.00143399183759
634	0.00190026817071
48	0.000960251490373
46	0.0
950	0.00142709299809
953	0.000957015539193
952	0.00191497021088
42	0.000475889247799
43	0.000480677547438
40	0.00287652831506
41	0.00144231526566
5	0.00238505947404
488	0.000480175099322
487	0.000472089832532
486	0.00143483057966
485	0.000968447501984
484	0.00191366772283
482	0.000477730644246
480	0.0009550416703
472	0.00384287118539
470	0.00142778211596
471	0.0
477	0.000472089832532
478	0.000480753747303
