344	0.000950178698168
0	0.00186060453971
347	0.001395402107
343	0.00188128503926
810	0.000464942320953
812	0.00140380781332
813	0.00234894309976
814	0.000475297585418
349	0.000939321908605
817	0.00190602804996
719	0.000926083848646
718	0.0126012417411
716	0.00186244144286
715	0.000465937400676
713	0.000470736201342
712	0.000906536244014
711	0.000466582097633
710	0.0023369177081
915	0.00332027928913
913	0.000976144670866
299	0.000918118367532
294	0.00285277654521
293	0.00324797928112
290	0.00235855376602
591	0.00274559839635
590	0.00186569963235
199	0.000923201134753
599	0.001402365174
197	0.000473008737461
191	0.000940785900618
190	0.0014111452547
193	0.00658493695906
192	0.000456394762038
270	0.000461750837358
272	0.000442181501843
273	0.000935809961507
274	0.00141014761789
275	0.000932766335276
277	0.00140032985786
278	0.00141605631559
526	0.00190266017313
527	0.00140856051669
522	0.00140185241903
523	0.000475918734357
528	0.000945015134641
443	0.0028312774311
442	0.000464889775709
441	0.0
447	0.000476481887403
445	0.000944712649719
444	0.000969352400747
109	0.00047550311703
101	0.00232864633105
106	0.000908372869918
107	0.00187469667874
104	0.000951985004433
105	0.000470680414718
902	0.000951785055682
38	0.00137012562165
904	0.000922139718318
905	0.0
32	0.00188804772388
31	0.00190094532941
30	0.00189891975809
35	0.00142925831887
641	0.000940021987624
643	0.000930960972619
644	0.000923220730306
647	0.000950083013737
439	0.00237633304253
437	0.000461750837358
435	0.00570594675482
433	0.00234430810227
338	0.000940052174731
335	0.00186295740798
334	0.00281461817548
337	0.00182433342238
336	0.000465937400676
333	0.000931757232121
332	0.00427160991563
744	0.00047550311703
745	0.000923201134753
854	0.000976940219276
855	0.000935743980897
857	0.00426812811694
850	0.000941271415948
851	0.00332555805856
819	0.00140755964561
858	0.000948027636989
6	0.000928703690766
99	0.00327901817296
98	0.00470671385011
91	0.00235008010076
90	0.00853110119666
92	0.000475138986717
95	0.000469632815867
96	0.000908206566285
740	0.00137615103202
742	0.00375525768742
743	0.0014234866821
559	0.000902532505989
558	0.00189312207081
746	0.00235060597613
748	0.000465937400676
749	0.00188056026893
557	0.000470685324488
551	0.000969913808227
550	0.000946197526566
552	0.000952927694634
239	0.000466491668609
235	0.000452984421068
231	0.00282470853407
232	0.00142344158396
233	0.00140937739425
147	0.000936622725164
618	0.0014145999869
142	0.00237446350943
143	0.00235373579261
141	0.00333274598478
610	0.000949723300173
611	0.000461469892948
617	0.00140875387102
614	0.00190343708972
149	0.00092700788059
1004	0.00231784843629
948	0.00711992486116
949	0.00237633304253
946	0.00520582151946
947	0.000442181501843
945	0.000461750837358
943	0.00137931261736
940	0.000942380642899
768	0.000442834161286
517	0.0042672359199
685	0.00186785573148
684	0.00283409619668
687	0.00284179967457
516	0.00232564495924
680	0.0014100381348
133	0.0019036396316
136	0.0037993706981
135	0.00235051854396
134	0.000470736201342
139	0.00598915457968
138	0.000949270611444
491	0.000926836346166
493	0.00047424864167
24	0.001895621977
25	0.000472284652783
927	0.000470685324488
28	0.000940021987624
29	0.00182856058011
407	0.00138849908553
939	0.000426187517422
404	0.000463265268607
402	0.000915809849056
401	0.00235735739047
400	0.000943804129324
933	0.001395402107
931	0.000465334781381
935	0.00329352154083
934	0.000928117620668
379	0.000926207319985
378	0.000459309358412
828	0.000461750837358
371	0.00140956550237
373	0.000950656633982
372	0.00231788823631
374	0.0014120172454
377	0.00186709904241
708	0.000466582097633
704	0.0014192608679
705	0.000464889775709
707	0.00188014140494
700	0.00280101076825
702	0.000461750837358
703	0.000937637821529
393	0.000932195122231
392	0.00142635736022
391	0.00332131657848
390	0.00094439103221
397	0.000473872640793
83	0.000925552705878
399	0.000470426661062
86	0.000472021472916
796	0.000469632815867
795	0.00190590353756
791	0.000472158294794
790	0.0056242455084
799	0.000486757273191
607	0.000943959770537
586	0.00759793058007
587	0.000469081337503
585	0.000934517918368
582	0.000939202582397
580	0.00046946133659
581	0.00328149766498
589	0.000940969800861
245	0.00235169331211
246	0.00185816071626
241	0.00190621710165
148	0.0
243	0.000469349946781
249	0.00139347262366
248	0.000937267422121
924	0.00138755374159
518	0.00385983525625
510	0.000851187622213
513	0.000979799076192
512	0.00143009431436
1003	0.000472161442417
514	0.00275887641838
1001	0.00231742521805
1000	0.00236400030949
458	0.00378091163455
622	0.000426187517422
951	0.00607346678175
624	0.00046956976653
450	0.00266000086139
451	0.00095286629084
629	0.00900751688885
454	0.0023508498439
178	0.0060668462577
595	0.003255622025
175	0.00186380067305
173	0.000923220730306
171	0.000930522763064
170	0.00140664964269
977	0.00555609758174
976	0.00185779250245
974	0.000475172222379
971	0.00142521346895
180	0.0
978	0.0109512282195
656	0.000470792999037
657	0.000923201134753
654	0.000471930987501
181	0.000941491067105
187	0.000889512523415
650	0.000926083848646
185	0.000938987205555
188	0.003334572052
189	0.00187924146313
658	0.001419003281
659	0.000938794546233
184	0.00278264170023
868	0.00616994890234
13	0.00185595479187
15	0.000939979672499
14	0.00277148425406
17	0.00189929364226
16	0.00186720085097
862	0.00187095080376
865	0.000944873065091
866	0.00232611633675
883	0.00232807946839
881	0.00279123358654
880	0.00141653327186
885	0.00190324689208
752	0.00137081816994
929	0.000928464638789
322	0.00266293170552
323	0.000844983823783
320	0.0014073037825
321	0.00094309987291
324	0.00406915733278
329	0.00375615775409
775	0.000468639932298
200	0.00237436911666
777	0.000464333011288
758	0.000942702562837
771	0.000466979046232
207	0.013321149058
206	0.000877635590599
779	0.000469349946781
77	0.000950904855457
76	0.000464333011288
75	0.00188486959202
74	0.00476109048575
73	0.000943204821551
72	0.000940761878236
71	0.000464852352062
70	0.00232787009341
78	0.000933343950591
2	0.00234294655052
669	0.00140851895189
668	0.000469807094801
664	0.000465507574176
663	0.0
662	0.00187494798162
660	0.00140684922274
692	0.00702971360063
693	0.00140143337946
697	0.00186825211517
695	0.000889512523415
698	0.000469632815867
542	0.0028896826591
543	0.000950083013737
540	0.00705440344543
541	0.000926083848646
546	0.00235418231396
547	0.00190588707385
544	0.00188443487186
545	0.000948510638158
8	0.001414949637
995	0.000943959942507
994	0.00234051581759
997	0.00188010892512
996	0.00184794269767
991	0.0014155446484
990	0.00237821292962
120	0.00280233263992
122	0.00140537008629
125	0.000426187517422
126	0.00142650018413
127	0.000470685324488
129	0.000465187981683
414	0.00141951394107
415	0.0051756068743
416	0.00189195125277
410	0.0102212894571
411	0.000461924358907
920	0.00188242395033
921	0.000461750837358
923	0.00283689903998
418	0.00138612764478
925	0.00234865758133
926	0.00326297335969
499	0.00613388873052
319	0.000472546853064
318	0.00141912274283
313	0.0023780066961
311	0.00235068229781
310	0.00094145287627
317	0.0
316	0.00949398487904
314	0.000928860813357
832	0.00274389045952
833	0.000470685324488
830	0.000470389171757
837	0.00230948477624
834	0.000470197576876
838	0.000947298523128
369	0.000976144670866
367	0.0183544031385
364	0.000469705595895
365	0.000930399909196
360	0.00047424864167
361	0.000469632815867
381	0.0013887254296
383	0.00238148552881
387	0.000475989669917
388	0.00320793439318
784	0.00375261459127
780	0.000459309358412
782	0.00283631514783
783	0.000925407016925
788	0.000458114696883
789	0.00140446594234
151	0.000944852536747
573	0.000951693077485
572	0.00087894874459
577	0.00418884726437
576	0.000461750837358
60	0.00134479894544
61	0.00516293927796
62	0.00341521010577
64	0.000426187517422
65	0.00236178769551
67	0.00284893853571
68	0.000469632815867
250	0.000962604044781
251	0.000933965827155
256	0.00095039491626
731	0.00235206986804
730	0.00095039426998
732	0.000925926245977
737	0.000932766335276
509	0.000457810387393
506	0.0147898926266
738	0.000461750837358
502	0.00232570103484
500	0.00427492773495
630	0.000950784308271
631	0.00047424864167
633	0.00141243826758
469	0.00857894256959
638	0.00136117231824
464	0.000465507574176
466	0.000468740405321
460	0.000452984421068
168	0.0038026352755
169	0.000928117620668
164	0.00228450913884
165	0.00379780908653
166	0.00427984722814
167	0.00428648126167
160	0.00142145438478
163	0.000486757273191
962	0.000472021472916
963	0.00094572503594
969	0.000462647635307
909	0.00234573880407
879	0.0
874	0.00329223389637
872	0.000469632815867
873	0.00188219021022
870	0.000937181033811
890	0.000473008737461
891	0.00378738013386
893	0.00138199212274
895	0.00242951671152
899	0.000456394762038
646	0.00146183811611
648	0.00285278443005
356	0.018532374702
809	0.000469632815867
808	0.000456394762038
353	0.00141998776425
351	0.000474944027021
802	0.000438150330762
800	0.000488842289552
806	0.00189665469975
804	0.000464942320953
216	0.000945819355081
214	0.00235788725949
213	0.000467045026841
762	0.00236691192561
955	0.00141031250331
761	0.000461750837358
767	0.000931588970937
764	0.00234822857114
765	0.00237789355477
957	0.00142925831887
956	0.000472546853064
288	0.00237427211534
281	0.0
280	0.00190266017313
285	0.000930522763064
674	0.000475868232767
676	0.000426187517422
670	0.000462682027534
671	0.00141093594501
267	0.00427508908431
266	0.000949690857633
264	0.000470419358864
268	0.000470736201342
56	0.0023402326447
50	0.000450258173035
53	0.00329822799466
52	0.00142534257344
535	0.00340357622641
534	0.0012940217835
532	0.000931237166152
531	0.000469632815867
530	0.00236810684444
988	0.00142891736455
980	0.000469086442053
987	0.014557172216
984	0.00190381707348
114	0.00185790828227
117	0.000470736201342
111	0.00142712701196
113	0.00146650407843
112	0.00284959394784
118	0.0018624863224
772	0.00376511576982
429	0.00188311819744
428	0.00474520128276
919	0.000455557620685
918	0.000471725875368
421	0.00142925831887
423	0.00232314183631
422	0.00281736880611
425	0.00331354143272
424	0.00238190151051
427	0.000470192681587
912	0.00570107546741
300	0.000469081337503
301	0.00190588707385
302	0.00142483866489
304	0.0
306	0.00234702356138
846	0.00142434468923
844	0.00047117528522
843	0.000930043225015
840	0.00282149347683
853	0.000456408962041
849	0.00326964356153
823	0.000969008746186
568	0.00137391639468
569	0.000470685324488
751	0.000949683835463
750	0.000948915605735
754	0.00232623029181
561	0.00047424864167
759	0.00095279899061
736	0.000470389171757
565	0.00188845310163
566	0.000471843799285
739	0.000471171078435
229	0.00376182047893
228	0.00186076668697
225	0.000467045026841
224	0.000475138986717
220	0.00235519904657
724	0.00232330382494
89	0.000469349946781
722	0.000969352400747
723	0.00141521431847
720	0.003301543742
605	0.00279299496322
150	0.0
153	0.0023116504724
152	0.000472021472916
601	0.00127995749004
154	0.000877635590599
157	0.00558674452711
602	0.00142772296598
609	0.000471292486645
634	0.000457810387393
958	0.0
48	0.00188933478645
46	0.000470869668333
950	0.000459309358412
953	0.000950083013737
952	0.00949780490016
42	0.00042067891471
954	0.00190602804996
40	0.0013936667809
41	0.00235815770588
5	0.00139344698601
487	0.000426187517422
486	0.0
485	0.000979799076192
484	0.00142529464769
482	0.000933965827155
480	0.000469632815867
472	0.00284511093248
470	0.00186474442363
471	0.0
477	0.000426187517422
474	0.000456145960949
478	0.000949683835463
479	0.000466582097633
