344	0.00134286961968
0	0.00137657455759
347	0.00138788494667
343	0.0012498948014
812	0.00137170234411
817	0.00203256996489
719	0.00425741021219
718	0.00537912955607
716	0.00138125103995
715	0.000720493927196
714	0.000681002951389
713	0.00276437867157
710	0.00138243597251
915	0.00674499173236
910	0.00067632628215
299	0.000603310639876
294	0.00274439023317
295	0.00068828649588
292	0.000685182616857
293	0.00068558556806
290	0.00481939557655
291	0.00138273172724
591	0.003920764143
590	0.00138336899817
593	0.00269008875838
592	0.0055379426089
595	0.00136463249294
596	0.000704174052113
599	0.00137490414218
197	0.000716677543973
196	0.000699700501085
190	0.00337518335491
193	0.00484089938797
270	0.00142942073686
272	0.00353383364461
274	0.00134967938891
275	0.00352762151206
277	0.000693529499946
278	0.00138092402106
524	0.000620554537252
526	0.00271986819728
523	0.000696108288941
528	0.00069808102883
449	0.000691176597879
448	0.000690130793159
443	0.00556197309929
440	0.000695299339584
447	0.00275740682127
444	0.00207242238157
102	0.000620554537252
101	0.00138397434678
106	0.00141868008098
107	0.0041558780258
104	0.00347772488706
105	0.00208454569358
900	0.00141213702373
38	0.00136099709336
32	0.00813589576257
31	0.00135584886751
30	0.00830415362611
35	0.00134639401288
643	0.00139257891033
644	0.000716677543973
647	0.000673429246961
439	0.000693957507478
649	0.000603310639876
437	0.000716677543973
435	0.000690130793159
339	0.00068828649588
338	0.00344147996064
335	0.000709879588087
334	0.00405230804002
337	0.00545064681668
333	0.00139671987329
332	0.000696106792135
745	0.000716677543973
854	0.00137493543691
855	0.00340584093495
857	0.00134793290316
850	0.00209678412048
851	0.00404564520396
819	0.000692601526032
6	0.00137668181939
98	0.00898174554916
90	0.0125201958188
92	0.00134720786533
95	0.000685182616857
740	0.00179530330226
742	0.0062892834051
743	0.00346593482248
558	0.00272477150437
746	0.000689007625683
747	0.000716677543973
557	0.000692660969237
551	0.00138340096411
553	0.00139397228982
552	0.00135587419554
239	0.00136311874149
236	0.0
230	0.00207643964374
231	0.00135366613218
232	0.000692660969237
233	0.000712335116445
146	0.000670810902031
147	0.0103995934292
142	0.00134720786533
141	0.000673725863437
617	0.00272401986168
614	0.00136237930849
149	0.00070623285711
1004	0.00278144216675
947	0.000704174052113
514	0.0
685	0.00207067143058
684	0.00344079785039
687	0.00136033021057
686	0.00210131765362
681	0.000671931963549
680	0.00340389853629
682	0.000716677543973
133	0.000694240505666
132	0.000712458840343
131	0.000716677543973
137	0.000702972655273
136	0.00269706565332
135	0.00529158014314
134	0.00207730762386
495	0.0014071293276
139	0.000620554537252
497	0.00139882329357
491	0.000700809717817
493	0.000678864621887
24	0.00203171756645
27	0.000693529499946
29	0.000696108288941
405	0.00066081312449
402	0.000609029369193
401	0.00343603953538
933	0.00138788494667
936	0.000692458616725
409	0.00068828649588
379	0.00141814152679
828	0.00142334131808
372	0.00136640284144
377	0.00481183666086
822	0.000603310639876
708	0.000671931963549
704	0.0013819592645
706	0.000689747423181
707	0.00551039234454
700	0.00547946582374
702	0.000716677543973
703	0.00139880041496
397	0.0
395	0.0
82	0.000595608434777
86	0.00139453964746
84	0.000637970384851
795	0.00201833984873
790	0.00412099630244
607	0.003420215308
586	0.00894365335359
587	0.00135680193612
584	0.000678481831476
585	0.0
582	0.000695098804967
581	0.00271587628392
245	0.000677879598615
246	0.00275916953303
241	0.00135141083164
249	0.00137668181939
924	0.00142942073686
510	0.00186473778543
513	0.000692174565287
512	0.000673725863437
1003	0.000689045418296
1002	0.000722360433351
1001	0.00352784768321
516	0.001436341302
458	0.000680862298083
450	0.00703164348854
629	0.0129065568387
628	0.00066081312449
454	0.00689046623984
457	0.000687341277648
199	0.000716677543973
175	0.00281394230991
174	0.000620554537252
173	0.000716677543973
171	0.00275878934418
977	0.00558136797354
976	0.00068828649588
975	0.0
972	0.000693529499946
979	0.000716677543973
978	0.0134890485134
656	0.00134705904469
657	0.000716677543973
654	0.000716677543973
2	0.0027287359099
653	0.000716677543973
650	0.00141757948857
185	0.00138307902499
188	0.00201995219243
189	0.000671931963549
658	0.00337090628987
659	0.00142071124533
184	0.00209356812736
11	0.00135620849089
868	0.00415331445896
13	0.000716677543973
15	0.0020376884048
14	0.00212326314283
16	0.00212284751207
863	0.00139217972114
862	0.00139282182084
866	0.00138149075428
881	0.00143847625375
886	0.000696106792135
885	0.00137883692124
752	0.00130407032112
322	0.00627660661999
323	0.00183345012893
321	0.000684431165513
326	0.00268457348177
327	0.00212659063028
324	0.00383576919617
201	0.00139281831669
200	0.00268923518998
758	0.00136913275068
205	0.00139487091919
770	0.000692174565287
207	0.00404228203705
206	0.000620554537252
209	0.00069195496588
208	0.000695665471887
779	0.000698185676122
77	0.0041606795397
75	0.00137156988701
73	0.000684586849968
78	0.00068828649588
664	0.000695299339584
663	0.00250253269431
662	0.00278327698343
660	0.000681570349796
692	0.00275500616698
693	0.00275248666051
697	0.00272061985964
695	0.000696108288941
698	0.00406974867857
542	0.00415591798642
540	0.00680328756462
541	0.00142511092139
547	0.00269210306193
8	0.000678481831476
548	0.00060269130771
994	0.00067632628215
996	0.000716677543973
991	0.0013710473675
993	0.000699578195108
120	0.00474763556723
122	0.000672983841669
125	0.000620554537252
126	0.00276240766455
127	0.00068828649588
414	0.0
415	0.00342137711216
416	0.00689526879461
410	0.000710477309914
920	0.00270277499596
921	0.00355904642669
922	0.00066081312449
923	0.00143847625375
418	0.00139311238072
925	0.00135999563268
926	0.000693529499946
499	0.00205394728468
319	0.00144082115877
318	0.000680963782184
311	0.00135999563268
310	0.00062598730934
316	0.000673778618366
833	0.00137279658812
837	0.000716677543973
835	0.00142180948045
838	0.00202678108767
368	0.00060269130771
369	0.00275921727921
364	0.00138429333703
362	0.00204055221353
360	0.000678864621887
952	0.00201689599907
381	0.00140586272375
383	0.00204411671297
388	0.00195852201296
784	0.000704308090642
780	0.000603310639876
782	0.00206927712093
783	0.00214681861191
788	0.00177609276167
789	0.0020618811667
151	0.00206853887258
578	0.00069676409845
573	0.00206050679445
577	0.000693529499946
576	0.000716677543973
575	0.00138593719137
61	0.00409733276951
62	0.00207864921646
65	0.00553948582691
66	0.0
67	0.00134181484172
253	0.0020629650398
250	0.00278205079781
256	0.00207411354446
257	0.000720493927196
939	0.000620554537252
731	0.00542967377017
732	0.0013765840461
508	0.000716677543973
509	0.00119261199455
506	0.00213564197749
738	0.0257603258848
505	0.000603310639876
502	0.00411957018546
500	0.00138012572696
630	0.00407526651587
631	0.000678864621887
633	0.00345350257653
469	0.00875495506968
465	0.00068482820669
464	0.0013759093359
927	0.0131436023951
462	0.00208278878568
168	0.0110756773531
164	0.00423525730477
165	0.00136465682009
166	0.000692458616725
167	0.00406461786803
160	0.00203067360177
955	0.000680071827663
966	0.00208267867538
963	0.00066993200148
935	0.000694355446723
909	0.0
879	0.00060269130771
873	0.00135795142628
870	0.00119630061265
890	0.00135899607752
891	0.0027070132078
896	0.00068558556806
646	0.00207864921646
648	0.000692458616725
356	0.0096802874012
808	0.000688155524983
353	0.00135072335359
803	0.000687168379491
802	0.000704174052113
804	0.000719663758026
216	0.00136913275068
214	0.00556920038207
769	0.00342536478342
763	0.00069676409845
761	0.00287373793771
767	0.00068828649588
764	0.00135366613218
765	0.00486530988564
957	0.000673725863437
4	0.0
281	0.00140091983268
280	0.00408187198176
285	0.00138336899817
284	0.00135915250868
674	0.000687168379491
670	0.0014139627711
671	0.0
260	0.00277214584457
267	0.0027293187855
264	0.000689246744864
268	0.00483876195577
58	0.00137373109834
56	0.00208542763508
53	0.00345789334104
52	0.000690918161905
537	0.0
535	0.00207348491271
534	0.00445586526368
532	0.00283614282957
531	0.00272094606651
530	0.00338576803277
538	0.00206305966716
775	0.0
988	0.00134658200267
980	0.00203997950211
987	0.00274301806202
984	0.00275672738682
114	0.0
117	0.00138273172724
776	0.000686617646302
111	0.000694240505666
113	0.000692174565287
112	0.00343562384241
771	0.00280807846863
119	0.00068482820669
118	0.000688288061706
772	0.00618646788651
429	0.00206768018715
428	0.00471641366334
918	0.000684431165513
421	0.00134639401288
420	0.00060269130771
423	0.00555168309218
422	0.00135751591865
424	0.00201833984873
912	0.00485251638517
308	0.000693529499946
301	0.00134593959213
302	0.0013459058803
303	0.0012401597858
305	0.00276601482831
306	0.00351645521977
846	0.0013567445716
844	0.00137314907788
840	0.00408730689747
853	0.00126500506947
849	0.00141031604012
823	0.000692174565287
568	0.00283550271827
569	0.019958594174
737	0.0020845390562
561	0.0013567445716
736	0.000680071827663
566	0.0020534757084
229	0.00214429635237
228	0.00068828649588
227	0.0
223	0.00122867861705
220	0.00139287238739
724	0.00411395023005
722	0.00206548205184
720	0.00474675112935
605	0.00481786955962
150	0.000684140670408
153	0.000698013575749
152	0.000697970161091
154	0.000620554537252
157	0.00138133719165
602	0.00485605570367
159	0.00207269627521
158	0.0
609	0.00137661701775
634	0.000589301354676
48	0.00274591735182
951	0.00545226523154
950	0.000618193383503
45	0.0
42	0.000609029369193
954	0.00134639401288
40	0.00419377481046
956	0.00410968449499
638	0.00192089973169
5	0.00280184058253
485	0.00138529200583
482	0.00275626103091
472	0.00346404690326
470	0.00137559667993
477	0.0074683923113
479	0.0
