344	0.00260144017789
0	0.00101026050812
343	0.0015601158529
810	0.00158511443929
813	0.00155809045368
814	0.000515996547383
349	0.000520320337551
817	0.000516901556014
719	0.000523763141423
718	0.0161046375241
716	0.00155550923099
715	0.000519821045042
713	0.000521540386061
712	0.000519696316167
711	0.00103917543341
710	0.00103971289784
915	0.0140272096707
299	0.0
296	0.000519744854405
294	0.00258522715121
912	0.00517537827088
293	0.00103978552964
290	0.00110666618683
291	0.00364842163436
591	0.0041530190511
592	0.0026013354035
595	0.00155075918512
195	0.000516782899053
196	0.00104253069021
191	0.000518161869114
190	0.00155936342567
193	0.00311909821271
192	0.0010649641303
272	0.000520796602529
273	0.000519787285663
274	0.000520366610253
275	0.00102948076646
277	0.00103891207919
278	0.00104123670223
279	0.000519744854405
525	0.00154887328035
526	0.00104015579066
527	0.00104301571804
522	0.000519744854405
443	0.00103857585903
440	0.0
447	0.0020685815971
445	0.00104043877243
102	0.000519064486523
103	0.00103757329837
101	0.00103393339601
107	0.00314288430625
104	0.00155255509482
900	0.00207630453807
38	0.0020748459658
907	0.000519744854405
904	0.00051952337688
905	0.000520288964711
32	0.00103998246599
31	0.00260191758602
30	0.000517453702111
35	0.000520115196115
641	0.000510411801781
643	0.000525004044702
644	0.00372821135159
647	0.00156080214392
439	0.00206795290323
648	0.00155248761134
435	0.00206928462978
432	0.00101476371866
433	0.000510411801781
338	0.000510411801781
335	0.0
334	0.00415203962587
337	0.00103857890326
333	0.00103961346343
332	0.00310111269797
854	0.00154455690534
855	0.000518663136457
857	0.00727837478241
850	0.00155959406465
851	0.00572072369898
819	0.000509523630562
98	0.00625669209676
91	0.00207388923033
90	0.00885256100729
92	0.0010406869478
95	0.000510411801781
96	0.000519028588524
740	0.00207525872252
742	0.00880211172364
743	0.00155177119381
559	0.00155714749102
558	0.00359406042771
746	0.0160917428981
554	0.000520829736621
550	0.000515996547383
553	0.000519091327465
552	0.00104142921591
239	0.00207122146344
235	0.00207645366505
236	0.0
231	0.0051555202722
232	0.00362091317608
233	0.00103768524599
147	0.00311863372862
142	0.00988532955412
143	0.00156049069531
141	0.000520027978681
617	0.0
614	0.00208166193534
149	0.00207017251372
951	0.007276402906
1004	0.000519744854405
948	0.0103568645757
949	0.00206827266322
946	0.00206981576563
947	0.00104210255683
943	0.00103803492138
940	0.00155921342112
517	0.00414290303088
685	0.00207508109098
684	0.0036223070867
687	0.00259469879579
686	0.00102899775671
680	0.00313049561275
682	0.000524031836278
132	0.0
136	0.00468165620395
135	0.00259627537335
134	0.00156323222077
139	0.00103804863274
138	0.000529285431387
491	0.000519722846879
493	0.00364195963273
24	0.00311985633304
28	0.000510411801781
407	0.000519430579006
939	0.0057098651364
404	0.000516329197591
402	0.000519005120764
401	0.00312540921446
933	0.0
936	0.00207682874285
409	0.00104114790459
934	0.00103251009521
379	0.00104162008926
828	0.00103801129349
373	0.000520115196115
372	0.00206602402978
374	0.00051770458347
377	0.00259682544339
708	0.000519744854405
704	0.000516903968828
706	0.00051892390776
707	0.00208407431908
700	0.00103482049542
701	0.000519744854405
702	0.000532243570758
703	0.0
393	0.000519744854405
392	0.00362353522833
391	0.00156095225149
89	0.000518044618266
176	0.000517353652509
82	0.00156056833339
181	0.000520159554664
399	0.0
86	0.000519510748615
84	0.000519394578301
795	0.00155634914567
791	0.00104119725465
790	0.00206864663223
798	0.00154887328035
7	0.000528865656634
586	0.0150065121499
587	0.00156203465461
584	0.000521421581294
585	0.0
582	0.00153551574766
580	0.000520676977969
581	0.00259340982636
589	0.00108403374838
245	0.00566826408855
246	0.00207427233712
241	0.000520148114031
615	0.000519744854405
249	0.00156083468413
248	0.00259480371449
924	0.00318837021413
510	0.000519064486523
513	0.000513626301353
512	0.000504351916876
1003	0.000521347895968
514	0.000518649390607
1001	0.00159758960136
516	0.00259091259186
458	0.00153749600969
622	0.00207611650449
626	0.0
624	0.00258576304015
450	0.00207892176217
629	0.006755141069
628	0.00103950866163
454	0.0031226701876
979	0.000529548679392
178	0.00467769955482
199	0.00266586956997
175	0.00051304594014
173	0.00211959984976
171	0.0
977	0.00726140737714
976	0.00051996804344
971	0.00156071557414
253	0.00168578917742
978	0.0026003856268
656	0.00156084897178
599	0.00103988009466
654	0.000524031836278
2	0.00206952152433
187	0.0
650	0.0026199454154
185	0.00103628890778
188	0.00727954723666
189	0.00676134381108
658	0.00103988761747
659	0.000517296612236
184	0.0218281977457
10	0.000535144104033
13	0.00207469167702
15	0.00156535419989
14	0.0042527774533
17	0.000520320337551
16	0.00155869881029
863	0.000517296612236
862	0.00572009989133
865	0.000519065110413
866	0.00207433123844
883	0.00155905551695
881	0.000517842553726
880	0.00104143460122
887	0.000529285431387
885	0.000517096406662
884	0.000519744854405
322	0.00363460859207
323	0.0020762905718
321	0.00103003455476
326	0.000520758781574
324	0.00259535852252
329	0.0015493707464
201	0.0010438179499
200	0.00727952524619
758	0.0010324919278
207	0.00103061014262
206	0.000519064486523
208	0.0
779	0.000519744854405
75	0.00363827598045
74	0.00465485099008
70	0.00259716437414
669	0.00104061532109
668	0.000519091034144
664	0.0
663	0.00156387559435
662	0.00259740199077
660	0.000519292170966
692	0.00466387012417
693	0.00156085563898
696	0.000518044618266
695	0.0
698	0.000510411801781
542	0.00414761281997
543	0.00156071557414
540	0.00308406141647
541	0.00160303274578
547	0.00208081412337
544	0.00260356037665
8	0.000520828035422
548	0.000519217682602
994	0.0020533264698
997	0.00155795592215
996	0.00211610335764
990	0.00156116445002
868	0.00155128779699
999	0.000519744854405
120	0.0155718655222
122	0.00105156118027
125	0.0010380723754
126	0.00155213983383
127	0.00051803413916
415	0.00260161121586
416	0.00724120061289
410	0.00314150316963
920	0.00311970617471
921	0.000523993837922
923	0.00779253233009
418	0.000518649390607
925	0.00101993543234
926	0.000519821045042
499	0.00258507709009
319	0.00256212367394
318	0.00103274793949
313	0.00103490777258
311	0.0010237783055
310	0.00259470189793
316	0.0109249762708
832	0.00103745321746
833	0.00207739570792
830	0.00258513490268
497	0.00103201589432
834	0.00103815614456
838	0.00156062545112
368	0.000519217682602
369	0.000517824331379
364	0.000510868374442
365	0.00103829073355
362	0.00157494754593
360	0.00155992929993
361	0.000510411801781
381	0.00106205136263
383	0.00317315459399
386	0.00051205660289
388	0.00259892312521
780	0.000518649390607
782	0.00206707086527
783	0.00104800114598
789	0.000510411801781
151	0.000563689825333
573	0.00155158151259
577	0.00103951736121
61	0.00414488127555
62	0.00103885001779
259	0.000519744854405
65	0.000510837808659
66	0.0
67	0.00260126646609
68	0.000510411801781
69	0.000519111013619
250	0.00103578615968
251	0.000510411801781
256	0.000517753592855
255	0.000519696316167
731	0.00417015733934
730	0.000517337506146
732	0.00103883618187
737	0.00051304594014
509	0.0
506	0.00319462252475
738	0.000524031836278
505	0.00103902923621
502	0.00779451257372
500	0.00206482954506
630	0.00363877532682
631	0.000520115196115
633	0.00155751855524
469	0.00104015777699
468	0.0010493979558
638	0.00155688596607
464	0.000521069126852
460	0.000519060386713
168	0.00465551486129
169	0.00103311209664
164	0.00103815149719
165	0.00468266970729
166	0.00517344571317
167	0.00104087502345
160	0.00311835091488
963	0.00103940534435
969	0.000519744854405
935	0.00155786916709
909	0.00156851040525
879	0.00103832869622
874	0.00307952238411
872	0.000510411801781
873	0.00102334658269
870	0.00104187767198
890	0.00311713919367
891	0.00104015580086
899	0.0
356	0.00828136336636
809	0.000510411801781
808	0.000524073095498
353	0.00156061746026
803	0.001035091099
802	0.0
804	0.00103586106798
216	0.00153732787081
214	0.00779486370676
769	0.00309736334691
762	0.00103376181251
767	0.000519836926993
764	0.00204519518845
765	0.00931606919313
957	0.000519787285663
289	0.0
288	0.00416191556775
281	0.00051952337688
280	0.01456132269
284	0.00156535419989
674	0.00258692679325
676	0.0010380723754
670	0.000520829736621
671	0.000519065110413
672	0.000513576951481
673	0.0
260	0.00103317270438
267	0.00362745102699
266	0.0010332471282
264	0.00206925967472
268	0.000521540386061
58	0.000523014073223
56	0.00153991941942
50	0.00311474849147
53	0.00311729224647
52	0.00103518166301
537	0.0
534	0.00467442967355
532	0.00207313310151
531	0.00101980886018
530	0.00415992338704
538	0.00103953334134
775	0.00103725290326
988	0.000520027978681
774	0.00052117502247
980	0.00208386525172
987	0.0153259710543
984	0.00103445005917
114	0.00103890804794
117	0.000521540386061
776	0.00207739813261
113	0.00102788468999
112	0.00413964082734
118	0.00259548850165
773	0.00102733061425
772	0.0119433947596
429	0.00312628498792
428	0.00624970073344
918	0.00205550079934
421	0.00155615322677
420	0.0015571466177
423	0.00309980098605
422	0.00208728440947
425	0.00362510943277
424	0.00155262381668
427	0.00102325804346
426	0.000519744854405
301	0.000520027978681
302	0.00156094900169
952	0.0031181416011
306	0.00155213130731
307	0.000518420153151
846	0.00156077900636
844	0.0030946468568
843	0.00519417162499
842	0.0
840	0.00256753305498
849	0.00256682281547
823	0.0015579151282
568	0.00208277535266
752	0.00153380825631
754	0.00103926823128
561	0.00104043877243
759	0.000517096406662
563	0.00104224961672
565	0.000515587958974
566	0.000563689825333
739	0.00104051261544
229	0.000517353652509
227	0.0
225	0.00104499163671
223	0.00103830871675
220	0.00156989341311
724	0.00363781005278
720	0.00365289103654
721	0.00103486202147
729	0.000519384671059
605	0.00103853509287
607	0.00518092526806
157	0.00465891216689
602	0.00103480735462
159	0.00415665146222
609	0.00312131725827
48	0.00051205660289
46	0.00051892390776
950	0.00104002418402
953	0.0010406869478
45	0.0
955	0.0020400927551
40	0.0
956	0.00102527126792
5	0.000519091327465
487	0.000519064486523
484	0.000520323576311
483	0.000518044618266
482	0.00101980886018
480	0.000510411801781
472	0.00310358479643
471	0.0
477	0.00155738297258
479	0.0010331481275
