344	0.00359252301685
819	0.00044649016446
347	0.00252610482607
343	0.000848536180397
812	0.00339237047618
814	0.000850540277593
349	0.00267490182974
817	0.00265159545077
718	0.0152184154604
716	0.00339063047387
715	0.006736726512
712	0.00599933633542
711	0.000845528680734
710	0.000875519198852
421	0.00447329746404
299	0.000727506046166
294	0.00860690665928
292	0.000868271750441
293	0.0017396695791
290	0.00169526297101
291	0.0008535602638
591	0.00254850646108
590	0.00168511023896
593	0.000845528680734
199	0.00157970725031
596	0.000858993287377
191	0.00172730164254
193	0.00174157145679
192	0.0
278	0.00342261297625
526	0.00264260924748
443	0.00346800553063
447	0.000860781317608
445	0.00176468038395
102	0.000779685588665
103	0.00451089244007
101	0.000750339982269
106	0.000727506046166
107	0.00257493495382
104	0.0051300113999
105	0.000766696662282
900	0.000845899756148
901	0.000861901570347
904	0.000845528680734
32	0.00350265078672
31	0.00266983920469
30	0.000853946227893
35	0.00267784287165
644	0.00247127698054
647	0.00619474099481
649	0.000808263270622
648	0.00427373294631
435	0.000856231608638
335	0.0
334	0.000849811295674
333	0.00171580619135
332	0.00255667992604
855	0.000465076325042
857	0.00529723911317
851	0.00615637748754
0	0.00169671698555
6	0.00254698087481
98	0.00170666011299
91	0.000850424849376
90	0.0121659453054
92	0.0017802163617
95	0.000465076325042
96	0.00292052654412
740	0.00155686141461
742	0.00338175825477
743	0.00170025519812
559	0.00206502132753
746	0.0236764704535
748	0.00168511023896
550	0.00340656451238
239	0.0
236	0.00169243459613
231	0.000880713138097
232	0.00340566625833
233	0.000855449065992
147	0.00254185614236
142	0.00266724510019
141	0.00265580238681
617	0.00255229127183
614	0.000895303870525
149	0.00169731083056
1004	0.00075212439703
948	0.00427598143553
949	0.002539008524
946	0.00170438024095
947	0.00171386901853
942	0.00260179498042
517	0.0025580389488
685	0.000763024601971
684	0.00254798598372
687	0.00254879720093
682	0.000852640840606
137	0.000852640840606
136	0.00266456294555
135	0.0103985865729
134	0.000846041935723
139	0.000806576317655
138	0.0
493	0.00264454164675
24	0.00441304010642
29	0.000869821517811
407	0.000847635549594
939	0.000779685588665
402	0.00144631566651
401	0.0008535602638
933	0.00252610482607
936	0.00345650646949
935	0.00254030279845
408	0.000893529016142
379	0.000877465349539
371	0.000867583296827
373	0.000895510262633
372	0.00169863495942
377	0.000845528680734
706	0.0
700	0.000843479223744
702	0.0
703	0.00775797801851
392	0.00350219875699
391	0.000885352425801
82	0.000867583296827
83	0.000861901570347
86	0.00259323213057
796	0.000852640840606
795	0.00358470814953
791	0.00261116930771
790	0.00764636010636
586	0.0102758910969
587	0.000875405752397
582	0.000378706700861
581	0.00173740481464
589	0.000847198305158
245	0.000415636813055
246	0.00229265302891
241	0.00267784287165
249	0.000847761613169
248	0.00254721628945
924	0.000769540644744
510	0.00080934339704
512	0.000895303870525
514	0.00226434415954
1001	0.00535683145457
516	0.00170076249176
458	0.00254975230157
622	0.00200263536303
627	0.000871852576546
624	0.0
450	0.00598891435502
629	0.00352157788307
628	0.00174298904922
454	0.00341175054803
178	0.000875519198852
175	0.00151229923073
173	0.000889622842991
171	0.00338061056949
170	0.00174298904922
977	0.00830135512842
976	0.000893132150231
972	0.00168511023896
971	0.00178394150016
970	0.000852640840606
979	0.000795358688332
978	0.00267152346616
656	0.00177528006664
654	0.000900078706789
2	0.00675151183314
185	0.0
188	0.00620861268148
189	0.000845528680734
868	0.000849341844251
13	0.00170287034409
15	0.00174025176401
14	0.00231479814555
17	0.000893529016142
863	0.000861901570347
862	0.00172918549878
865	0.000869821517811
883	0.00342678921302
887	0.0
885	0.00256743777562
322	0.00468849491805
321	0.00339920850008
327	0.0
329	0.0
775	0.000845899756148
774	0.0008574057357
776	0.00171775233269
205	0.000848843937895
773	0.000894175286073
772	0.0289850515697
209	0.00170029595642
208	0.000852640840606
77	0.00169106848827
75	0.000852640840606
74	0.003469885738
70	0.00079975210811
668	0.00169303755017
664	0.0
663	0.00074515391245
662	0.00350813199306
660	0.000402445054172
692	0.00598473552501
693	0.00262397025768
697	0.000465076325042
698	0.00251925148718
542	0.00424878097856
543	0.00269515442615
540	0.00468781256333
547	0.00267784287165
8	0.000852640840606
994	0.00131097608119
997	0.000857951732804
996	0.00318698550152
990	0.0196247759052
993	0.00171454241095
992	0.000877465349539
120	0.00425973866336
122	0.00169816952134
125	0.000663328365307
126	0.00424691908983
127	0.000852640840606
415	0.0170443599999
416	0.00427473597811
413	0.00084713779402
920	0.00262117982279
921	0.0
923	0.00594423317333
418	0.00075212439703
925	0.000911566489502
926	0.00168511023896
499	0.00340146053165
313	0.0017147275455
311	0.00135471861171
316	0.013280964989
315	0.000864871151431
832	0.00158043895529
830	0.00169279303349
497	0.00075212439703
834	0.000845899756148
835	0.000861901570347
838	0.000866756660198
369	0.00254975001379
360	0.0017690423288
381	0.0
383	0.00170027392332
388	0.00325107795374
780	0.00150131955757
782	0.00425093048447
783	0.000852472595402
788	0.00156508013712
573	0.00172403605848
572	0.00429625825006
577	0.00929361667799
575	0.0016992732649
61	0.0041878146987
62	0.0
67	0.00538813351942
68	0.000852640840606
250	0.000850424849376
251	0.0
256	0.00256127300376
731	0.00259232220083
730	0.001699519656
509	0.00165550390081
506	0.00314402286105
502	0.00171707792856
500	0.00425353168111
630	0.000885352425801
631	0.00088702873849
633	0.00172767134793
469	0.015194939377
638	0.00242704610673
466	0.000859828416868
38	0.00320406985107
168	0.00763181152749
169	0.000849549217393
164	0.000808263270622
165	0.00269294817212
166	0.000856231608638
167	0.00268272506935
160	0.000884346583851
966	0.00084758926453
963	0.000899626129671
908	0.00170893917284
879	0.0015561649091
873	0.000813652587078
870	0.00174298904922
890	0.00262816948041
891	0.00527072152761
899	0.0
356	0.020413032526
353	0.00176303290812
802	0.00257535799769
801	0.000859828416868
800	0.0
807	0.000852640840606
805	0.000852640840606
216	0.000849721068131
214	0.00679087112845
762	0.0
955	0.00270234272236
767	0.000858192373318
764	0.000794343513917
765	0.00597841545723
957	0.00178734039299
956	0.00254846130948
288	0.00619096414525
4	0.000867583296827
280	0.0203728653562
283	0.000852640840606
674	0.000876261494331
676	0.000663328365307
670	0.00167564150811
260	0.00169339264711
267	0.00693169534405
266	0.000845803382584
56	0.000852640840606
50	0.0014047161937
537	0.0
535	0.00170031382744
534	0.00324065697259
532	0.0
530	0.00701601413249
988	0.00178742119883
200	0.00444503800031
980	0.00169142843688
984	0.000860781317608
111	0.000856231608638
112	0.00261082260437
119	0.000847898020063
207	0.0143044302388
429	0.00426668491278
428	0.00799421219034
918	0.000851900310737
915	0.0105975924737
420	0.00141211505157
423	0.00376462212342
422	0.00262298917973
425	0.00341198932547
424	0.00358470814953
427	0.000911566489502
912	0.0076513855624
301	0.000895303870525
302	0.000893529016142
306	0.00169177513677
847	0.000895510262633
846	0.00179357240541
844	0.00254828956452
843	0.00508490887129
840	0.000415636813055
823	0.000849888978061
568	0.000859828416868
752	0.00348351584996
754	0.000845528680734
561	0.00357032229254
739	0.00169854059675
223	0.00169837235155
220	0.00172246235842
724	0.00237051253117
723	0.0
720	0.00349556979796
151	0.000856010730891
150	0.000852472595402
153	0.00075212439703
152	0.00259323213057
157	0.00424361214302
602	0.000850424849376
159	0.00343152507194
609	0.00256261307629
634	0.00153953072323
48	0.000849826087323
950	0.00224366252722
953	0.00356241937133
952	0.000893529016142
42	0.00149979277695
954	0.00179081413316
40	0.00171328940501
41	0.0
482	0.0
472	0.00509825365702
477	0.00161497652985
