344	0.000722209229114
0	0.00215984415603
347	0.0015500446979
340	0.000687829094424
343	0.00617316831001
810	0.000653018193426
812	0.000780297433383
814	0.000833588971618
817	0.0014517926164
719	0.00142857814397
718	0.0058346514814
716	0.000729682638151
715	0.0
713	0.00140183260128
710	0.00215984415603
915	0.00515186053719
299	0.00078377650962
294	0.00145407491007
295	0.000719055806471
293	0.000725156211325
290	0.00144028773545
291	0.000709590830746
591	0.000739407529832
592	0.000697090725914
595	0.00443395741571
599	0.00215984415603
194	0.000753819373509
197	0.00225308793414
196	0.00144700020453
191	0.000736503099051
190	0.00432344325071
193	0.00220544182842
192	0.00187842417068
272	0.00370880049292
274	0.00217468752319
275	0.000646710602228
277	0.0
278	0.000697090725914
524	0.000789279166801
526	0.00289610790945
528	0.00344490005372
443	0.00222195936334
447	0.000815403478451
444	0.000816471246128
102	0.000789279166801
103	0.00142048943109
101	0.0013525423359
107	0.00393097305078
104	0.000794021062571
105	0.000631840345547
900	0.00445895701328
32	0.00363959521659
31	0.0
30	0.00554672599867
35	0.000725156211325
641	0.00367720981659
643	0.000612777144694
644	0.0
647	0.00291374517394
439	0.00161428076684
648	0.000769601158708
435	0.0016433329277
432	0.000735344157437
433	0.000735344157437
338	0.00293883382485
335	0.0117027615334
334	0.00966194509708
337	0.0031207784247
333	0.0129519188424
332	0.00329272587367
854	0.00247759263765
855	0.000740198323131
857	0.00371876937242
850	0.0022122665097
851	0.00146834316124
853	0.000774012293658
6	0.00215984415603
98	0.00628272453154
91	0.00221634814662
90	0.0084191651166
92	0.00145330048682
95	0.000735344157437
742	0.00525683413918
743	0.00314620611399
559	0.0
745	0.000715083885131
746	0.00444962812593
557	0.00161435892538
551	0.000816471246128
553	0.000612777144694
552	0.000711656047091
239	0.000735344157437
236	0.00182306565766
231	0.00448377497291
232	0.000809050551607
233	0.00146957042145
1	0.00078160319235
147	0.00144090556946
142	0.00145060872551
143	0.000710917381244
612	0.000711656047091
617	0.000726868058334
614	0.00145806481689
947	0.0
944	0.000766815738393
942	0.000741968952816
517	0.0
685	0.000724564330449
684	0.00358211775609
687	0.00218659108545
680	0.0007290052251
683	0.000735344157437
682	0.000708669488689
133	0.00158535022665
132	0.000743677800442
131	0.000735344157437
137	0.0015191716922
136	0.00146118478662
135	0.0111272967795
134	0.00143243488335
139	0.010235824154
138	0.0014318982348
493	0.00361931483754
24	0.00291802418818
25	0.000585097215121
28	0.00220364780384
29	0.00121705618997
939	0.000789279166801
404	0.000739162167708
401	0.00426157304768
933	0.00157726347908
936	0.00459968209805
409	0.00215984415603
408	0.000725156211325
828	0.00142857814397
371	0.000741968952816
373	0.000719873223008
374	0.000751087260887
377	0.00142216294518
822	0.000711656047091
704	0.00117791337452
707	0.00142634024828
702	0.0
703	0.000743186949915
396	0.000725463643506
176	0.0111001200087
82	0.00074265481392
181	0.00143079060425
86	0.000740775400229
795	0.00144435650466
794	0.00082986997218
791	0.00145476860176
790	0.00311641044124
798	0.000735344157437
586	0.00510257147857
582	0.00147002018323
581	0.00299291145907
588	0.000740198323131
245	0.00222322388128
246	0.0013525423359
241	0.000725156211325
249	0.00215984415603
248	0.000735344157437
924	0.0
510	0.000789279166801
513	0.000816471246128
1004	0.00186933723573
514	0.00078160319235
1001	0.00188882756394
458	0.0
459	0.0
624	0.000747681400717
450	0.00740413686763
629	0.0116004268823
628	0.000741968952816
454	0.0128200000695
178	0.0137374558893
199	0.0
175	0.0019470039079
174	0.000789279166801
171	0.00159689378076
170	0.000741968952816
977	0.00255684950266
976	0.00144127103564
180	0.0
979	0.000623896853079
978	0.000724564330449
656	0.00144502943433
654	0.00142375337382
2	0.00233106876135
186	0.000766815738393
650	0.00283839086137
185	0.000735344157437
188	0.000725156211325
189	0.00145222563495
658	0.0021729874255
659	0.00299491917993
868	0.00158205499395
12	0.00074265481392
15	0.00218777865196
14	0.0
862	0.00288734073406
865	0.000766815738393
867	0.000715474834593
866	0.00144582799203
883	0.000729161150486
881	0.0
569	0.0136801839986
322	0.00234257610053
323	0.000789279166801
320	0.000618032633571
321	0.00117791337452
327	0.000612628832562
324	0.00153295696724
329	0.00221039091937
759	0.000728623333467
688	0.000612777144694
775	0.000732665930964
200	0.00147232122078
776	0.000743677800442
771	0.00226373346198
770	0.000816471246128
207	0.00288638615585
206	0.000789279166801
209	0.000769601158708
208	0.00126579533812
77	0.00161817926175
75	0.000735344157437
74	0.000803089927247
72	0.000741968952816
78	0.00215984415603
664	0.000612777144694
663	0.000774012293658
662	0.00222616566684
660	0.000751087260887
692	0.00805918713191
693	0.00288734073406
696	0.0014241312009
542	0.00247972188174
543	0.00146830364641
540	0.0066068847197
541	0.00125067985188
546	0.000755427744815
547	0.000725156211325
544	0.000730985578886
549	0.000741968952816
995	0.000740198323131
994	0.00807703444795
996	0.000631840345547
991	0.00146224275639
990	0.00145851990094
120	0.00516058098811
125	0.000789279166801
126	0.0048070177946
127	0.00143424724512
415	0.00286938764339
416	0.00560639097716
410	0.000620840839783
413	0.00150227309595
920	0.00217077727581
923	0.0044125185928
418	0.00189922757723
926	0.0
499	0.000593377668929
318	0.000596779851887
312	0.000718573120385
311	0.00220364780384
310	0.00148540567809
316	0.0059030679325
832	0.0030759828681
833	0.00147095306256
830	0.000743186949915
836	0.000740198323131
838	0.0
369	0.000816471246128
364	0.000735344157437
362	0.00160933596131
360	0.00217323172356
361	0.000735344157437
381	0.00246334992275
383	0.000728623333467
388	0.000759883338602
784	0.00149480140891
782	0.00570701431175
783	0.00211675516851
789	0.00219128504598
151	0.000711038213084
573	0.000728623333467
572	0.00148297871693
577	0.00154385509616
576	0.00142834595213
575	0.00326015224193
61	0.0193162696027
62	0.000830617769112
64	0.000768591742026
65	0.000735344157437
66	0.0
67	0.00433617913995
68	0.00147554248057
253	0.00284657254295
250	0.001634131198
251	0.000735344157437
256	0.000803022622829
257	0.000735344157437
731	0.0021972579881
733	0.000741444345272
735	0.000711656047091
737	0.000612777144694
509	0.00077086437504
506	0.00277677195411
738	0.00572640713144
502	0.00504845617084
500	0.00166192937291
630	0.00144783121417
631	0.00144972054177
633	0.0022059999454
469	0.00291976385034
468	0.000612777144694
638	0.00227578220819
464	0.000612777144694
927	0.0130101416635
462	0.0014637979779
168	0.00968449843232
165	0.0021528551753
166	0.0015231477637
167	0.00145481430018
160	0.00217305996532
161	0.00296016759451
966	0.00232692065334
963	0.00145755338655
935	0.00303751713049
934	0.000739162167708
908	0.000769601158708
909	0.0
875	0.000711656047091
872	0.000735344157437
873	0.000735344157437
870	0.00222754998014
890	0.00149944628537
891	0.00361519142258
646	0.00228901553358
437	0.000628258595336
356	0.00238031438562
809	0.000735344157437
808	0.000612777144694
353	0.00144234705712
803	0.00225886391855
802	0.00222616566684
807	0.00224778384105
216	0.000585097215121
214	0.00729394291292
769	0.00297457740681
762	0.000728623333467
761	0.00217757423147
767	0.00215984415603
764	0.00296489477231
765	0.00768568312105
956	0.000593377668929
4	0.000755427744815
280	0.0290240301734
679	0.00180625627151
674	0.000725452514184
670	0.00123080977826
671	0.00147902195788
260	0.00401676912718
267	0.00290359772799
264	0.000711656047091
268	0.00140874677301
58	0.0
56	0.00366714918514
53	0.00293190393097
537	0.00121705618997
535	0.00158328698452
534	0.00460192528867
532	0.000720344000814
531	0.0014645936798
530	0.00434275980643
538	0.00288018815684
774	0.0
983	0.000735344157437
980	0.00310549467627
987	0.0507347973789
984	0.00162659278224
117	0.000697090725914
113	0.00164634121831
112	0.00075354660499
118	0.000648212149005
772	0.00296803832983
429	0.00142124687784
428	0.00367309172544
918	0.00480265585236
421	0.00216874749509
423	0.00270270595162
422	0.00145416143642
424	0.00289017721439
912	0.00645667193932
301	0.000725156211325
306	0.00600364926787
846	0.00289620399705
844	0.00119015752082
840	0.000735344157437
849	0.00138205475966
823	0.00247333414946
568	0.000743186949915
752	0.00220925917539
754	0.00146979019292
561	0.00362364147884
562	0.000711656047091
565	0.00247656715944
566	0.00141104355
739	0.000728453820467
229	0.0015003633738
228	0.00288018815684
227	0.0
223	0.00155778880328
727	0.0
724	0.00218962772154
722	0.000816471246128
723	0.0
605	0.00288999847765
150	0.000735541390821
607	0.00443533794025
152	0.000740775400229
154	0.000789279166801
602	0.00232549664357
159	0.00511818386129
609	0.000735344157437
83	0.00149385075378
634	0.0
958	0.0
48	0.00128460894631
951	0.0022587137449
950	0.0015448766687
953	0.000725156211325
952	0.000736223958844
955	0.00293868908975
954	0.000725156211325
40	0.00445248166569
41	0.0
5	0.00195159641477
487	0.000789279166801
485	0.00164484562444
482	0.00220890617018
472	0.00563943690156
470	0.00215984415603
471	0.000735344157437
477	0.00157088235915
