344	0.00156352299963
0	0.0104113666832
347	0.000518764488035
343	0.00103922435973
810	0.00208393161953
349	0.000521330245332
817	0.000521034515297
719	0.000521646178077
718	0.00311811470922
716	0.0041540492209
713	0.00207924436083
712	0.00103769406739
711	0.000504021626536
710	0.00156046840388
915	0.00155984447385
294	0.00206676495218
295	0.00052068023935
292	0.000519284551116
293	0.00311566773998
290	0.00155720245773
291	0.00415818979553
591	0.00155636074435
590	0.00155818421707
592	0.00207786288642
595	0.00259602102568
198	0.000519329266334
599	0.00104165685997
194	0.00260072088661
197	0.00103923480186
196	0.0046717933765
191	0.00052024708158
190	0.00519877510509
193	0.00415668942211
192	0.000521580942868
272	0.000519119384195
274	0.00104021182761
275	0.00104313894414
277	0.00155626803303
278	0.00103873710924
526	0.00052024708158
527	0.000520257845096
522	0.00100444488807
528	0.00208082280175
448	0.000518526411787
443	0.00208011258181
447	0.00206615185965
444	0.00207301656548
102	0.0
103	0.000518838679257
101	0.00156106402265
107	0.00415985094667
104	0.00154995065798
900	0.00363374289121
38	0.00102250746439
907	0.000504021626536
905	0.0
32	0.00207925250536
31	0.00260492015362
30	0.00361764689428
37	0.00154999574366
35	0.000519847108575
641	0.000519274195818
643	0.000521580942868
644	0.00260851981469
439	0.000517153840232
648	0.00465001144332
435	0.00103343783261
432	0.000519274195818
433	0.0010409203739
338	0.00103375046952
335	0.00312504143115
334	0.0109077755824
337	0.0
333	0.0010418812937
332	0.00206664598184
745	0.000522809149857
854	0.0020724161299
855	0.000519895789696
850	0.00311944325786
851	0.00155849875347
819	0.000520552892545
6	0.00259933673989
98	0.0062378847736
91	0.00103603759159
90	0.00416060057412
95	0.000519274195818
96	0.000395587108008
815	0.000522021135727
740	0.000395587108008
742	0.00571424451035
743	0.00465999070676
559	0.000826407585112
558	0.00258300672444
746	0.00362726381152
749	0.000519274195818
556	0.000518201887503
551	0.00155470628184
550	0.00103733798512
553	0.00052240748574
552	0.00104175677814
239	0.000519755336722
235	0.00103928674479
236	0.00156347463071
231	0.00311061434905
232	0.00361549925269
1	0.0
147	0.00259555776758
143	0.001041731639
141	0.00103913165969
612	0.00103892182539
613	0.000520800598471
617	0.00103755440032
149	0.000519316885601
912	0.00413815027765
1004	0.00104357732422
948	0.000519274195818
949	0.00103422879531
1003	0.000519755336722
942	0.00103884437007
940	0.000519274195818
517	0.00465448056763
685	0.00104050175918
684	0.00465813395867
687	0.00155524592452
680	0.00103930012364
459	0.000517043651308
133	0.00206556081249
136	0.00312639350293
135	0.00675137283018
134	0.00207898178254
493	0.00208073890055
24	0.0031222393339
28	0.000519274195818
407	0.000504021626536
405	0.000519504063081
404	0.000519253985311
402	0.00104008102892
401	0.0036398057869
933	0.00103567973017
936	0.00103873305628
409	0.00052068023935
934	0.00103872865402
379	0.000519462136034
828	0.00104487219122
371	0.00103866190424
373	0.000519957150002
821	0.000518201887503
374	0.00103871533224
377	0.00416208473149
704	0.000517690355548
707	0.000519890221951
700	0.001035803921
702	0.00104525215057
703	0.000519377353128
393	0.000504021626536
392	0.000516610198772
394	0.00103701056968
82	0.00155868202411
181	0.00156091886776
399	0.00208316007473
398	0.000518847201279
86	0.000520109909098
84	0.000518485837857
796	0.00104375055909
790	0.00259122399758
7	0.000521136527175
607	0.00155838377919
586	0.00775636793761
587	0.00051928076097
584	0.000519852788009
585	0.0005197954307
582	0.00103788058639
581	0.00103884437007
245	0.00207269659282
246	0.00155960300259
615	0.000504021626536
249	0.00052068023935
248	0.00103875389208
924	0.00208883020288
510	0.00139472892787
513	0.00155470628184
512	0.00051964762957
515	0.000519274195818
514	0.000463641694103
1001	0.00836041794821
458	0.00154948291027
622	0.00173161964127
951	0.00208173632864
624	0.00257254792202
450	0.00363313313524
629	0.0109233614548
628	0.00207782635901
454	0.0129923721005
979	0.000522809149857
178	0.00415609206272
199	0.00209046174642
175	0.00156532065689
173	0.00156765259657
171	0.00259384795956
977	0.00469009214581
976	0.00052068023935
971	0.000521097075244
253	0.00155841792511
978	0.00311810957067
656	0.00207977527142
654	0.000520800598471
2	0.00207117591963
186	0.00206650266667
187	0.0010383547994
184	0.000504021626536
188	0.00311867276559
189	0.00728340145307
658	0.00052024708158
659	0.00103871533224
650	0.00208733477613
868	0.00258672678535
15	0.00155982126078
14	0.00574403839943
17	0.000521097075244
16	0.00260287948991
19	0.000521068204912
863	0.00207929575299
862	0.00363830939898
865	0.00103900088636
867	0.000520984206808
866	0.00156157946958
947	0.0
883	0.00362107411237
880	0.0
886	0.000518076121955
885	0.00103499227651
752	0.000518021388601
322	0.00103853146914
323	0.0
320	0.000504021626536
327	0.00104335343166
324	0.00207417949704
329	0.003011397244
201	0.000519284551116
200	0.00364628602989
203	0.00051971633524
776	0.00207525500775
771	0.00623682595062
770	0.000518412523021
207	0.00104171196047
772	0.0290780685967
209	0.000516929184302
779	0.000504021626536
77	0.00103422879531
75	0.00311650064461
74	0.00671274658941
73	0.00103549869459
70	0.00155854500877
78	0.00052068023935
665	0.000518126227768
663	0.00103875062369
662	0.000520109909098
660	0.00103748698069
692	0.00414700061188
693	0.0015603032596
696	0.00155999324754
697	0.00259905156319
695	0.000519025533066
698	0.00362308370681
699	0.00102438385578
542	0.00363041924649
543	0.000521097075244
540	0.00153847153879
541	0.00365458740328
546	0.00571591044453
547	0.00155890823575
549	0.000519377353128
994	0.0010409203739
997	0.00103899053106
996	0.00156808700486
991	0.00052068023935
990	0.00156353095941
993	0.00103935598029
999	0.000504021626536
120	0.017148514944
122	0.000521646178077
124	0.000518201887503
127	0.0057134512472
414	0.00104032855708
415	0.00259635625187
416	0.0041403869298
410	0.0104287855892
413	0.00103619898178
920	0.00259757719025
921	0.00103932701026
923	0.00571425438372
418	0.00104429884515
925	0.00103916998551
926	0.000518694862812
499	0.00207199173914
319	0.000516370324313
318	0.00103539215544
313	0.00464879513071
311	0.00103916998551
316	0.007814708861
315	0.000520265280707
832	0.00102040290631
833	0.000520056321567
830	0.00103767160539
837	0.00104445532793
834	0.000519284551116
838	0.000521188053603
368	0.000520930415156
369	0.00259103408748
364	0.00310297358526
360	0.00052024708158
361	0.000519274195818
952	0.00104211134855
381	0.00364976409539
383	0.00103624375573
388	0.00311440271336
784	0.000519800607905
782	0.00258493074499
783	0.00156295583136
789	0.00104025081644
151	0.000519520099668
573	0.00051696299476
572	0.00051996131963
571	0.00985765609964
577	0.000519408537406
576	0.000522870681773
575	0.00103378608293
61	0.00259280015606
62	0.00259186817186
65	0.000519274195818
66	0.0
67	0.00260568247501
68	0.00103899053106
69	0.00104087235666
250	0.00207267811614
251	0.0010409203739
256	0.00464952990119
257	0.00155993933723
939	0.000518485837857
731	0.00467809153122
730	0.00155273809912
732	0.00104080836868
737	0.00104223933012
509	0.000518094072939
506	0.00418066370696
738	0.00468565716076
505	0.0
502	0.00883530750234
500	0.00361946549281
501	0.000519284551116
630	0.0041612724892
631	0.00052024708158
633	0.00207907651781
469	0.00104071929772
637	0.000511716127817
638	0.00207258976981
464	0.00103891363413
927	0.00933246974964
460	0.000501346564583
901	0.00104003719872
168	0.00362036698648
164	0.00103950018839
165	0.00364732330178
166	0.00361908686739
160	0.00103905576376
161	0.00051880868218
966	0.00103409428848
963	0.000521259510095
969	0.00104048485733
935	0.00155495629855
908	0.000516929184302
909	0.00156044279222
879	0.00103776825608
872	0.00103698404388
873	0.00103690731173
870	0.00103818603531
890	0.00103928674479
891	0.00416401319819
898	0.000523136682306
646	0.00673637778977
356	0.0103481740393
809	0.000519274195818
808	0.0010457945398
353	0.00104056937184
801	0.000522809149857
807	0.00103941972904
216	0.000516401200789
214	0.00882038220857
769	0.00208067793804
762	0.00258679279455
767	0.0010402403969
764	0.00206856647595
765	0.00568765746146
957	0.00052148623208
288	0.00052024708158
4	0.00103894833529
281	0.0
280	0.00311834516121
285	0.00103749916969
284	0.000519852788009
679	0.000517661029834
674	0.000516610198772
676	0.000430820477104
670	0.00104439463731
672	0.000516711385165
263	0.000518117426339
260	0.000513176994113
267	0.00309993897929
266	0.00154067016373
268	0.00259924483615
58	0.000520242556339
56	0.0010409203739
50	0.000520089969495
53	0.00207919723056
52	0.00155111628509
537	0.00104172556
535	0.00311027851735
534	0.00725894301598
532	0.00104256514968
531	0.00207724310108
530	0.00571986691788
538	0.0010402403969
775	0.00103784990176
774	0.0
983	0.000520297299875
980	0.00103935129796
777	0.000521646178077
984	0.0030998027829
117	0.00155956456386
111	0.00103349187828
113	0.00155470628184
112	0.00206704826261
119	0.0
118	0.001560129964
429	0.00259863688505
428	0.000521014273304
918	0.000516711385165
421	0.000521330245332
420	0.00119568237082
423	0.00414992112779
422	0.00208062886404
424	0.00312720115646
427	0.000501564227058
426	0.000504021626536
308	0.000518722176686
302	0.000521097075244
305	0.000516328557671
306	0.00363505061787
846	0.00052024708158
845	0.0046525201201
844	0.00310131252429
843	0.0065618814491
842	0.00101874711757
840	0.00207415318764
853	0.000519395877368
849	0.00208432262642
848	0.000519521478405
823	0.00984736663359
568	0.00103883717092
569	0.000519274195818
754	0.000519284551116
561	0.00104150659167
758	0.0
565	0.000517457268078
566	0.00103939875883
987	0.0285561955276
229	0.00103897078526
228	0.00156406434571
227	0.0
223	0.00103871830672
220	0.00259719432919
724	0.00363906126624
722	0.00155470628184
723	0.0
720	0.00415395074884
729	0.00104107128882
605	0.0020833799366
150	0.00103905878003
153	0.00156356595829
152	0.000520109909098
157	0.00259353753529
602	0.00258417431721
159	0.00363185201184
609	0.00259406152111
83	0.0010396963976
46	0.000430820477104
950	0.00259946021766
953	0.0010427156445
45	0.0
955	0.000519274195818
40	0.00415433628015
956	0.00206629246285
5	0.00261100185377
485	0.00207301119373
482	0.00260088780406
472	0.00568684436848
470	0.00052068023935
471	0.000518763967507
477	0.000518485837857
478	0.00154999320594
