344	0.00227265719611
0	0.0105956902593
347	0.00180618332062
343	0.00181084145041
810	0.00138586612478
811	0.000453683865261
813	0.00227600047635
814	0.000453877665983
349	0.00183082817601
817	0.000910594755321
719	0.000924274925307
718	0.00593493261086
716	0.000456607685425
715	0.00135229563424
713	0.000454916828848
710	0.00274864885738
915	0.0141603819159
913	0.00216408920949
299	0.000872502080085
294	0.00272384321731
295	0.000460736094693
293	0.0027400868782
290	0.000454748655105
591	0.00137077191094
590	0.000450603609349
199	0.00185295558752
198	0.000453445756143
599	0.0022998865134
197	0.000461878176709
196	0.000908050424593
191	0.000907220372712
190	0.000914147306649
193	0.00181337529169
192	0.000927439178836
272	0.0022857176945
274	0.000455823937547
275	0.000920174622747
277	0.000450603609349
278	0.000912511356431
527	0.00137003921694
522	0.000453966218888
528	0.00090318169189
443	0.00184080849615
441	0.0
444	0.000432848971147
109	0.000431825881646
101	0.000910491768481
106	0.00131480040254
107	0.0018189678475
104	0.00136059953492
105	0.000918758367099
900	0.00137186904766
38	0.000906922273223
906	0.00176346884506
907	0.000456128317842
904	0.000456607685425
33	0.00182506262422
32	0.00183439249591
31	0.00319796890402
30	0.00181406179281
35	0.00273262436486
641	0.00045962254091
643	0.00139053381644
644	0.00370445839418
647	0.00182760476904
439	0.00362244142212
649	0.000899124971591
437	0.000463764552891
435	0.00227128708795
432	0.00045962254091
433	0.000922019289507
431	0.000456125428388
339	0.000460736094693
338	0.00045962254091
335	0.0111168299215
334	0.00635807309814
337	0.00223485283629
333	0.00138285519305
332	0.00090773015453
744	0.000904978825422
745	0.000926161301489
854	0.000860331099934
855	0.00137155956621
857	0.00411183640012
850	0.00646104015031
851	0.00274218589926
819	0.000446612460908
858	0.000455459785025
6	0.00138407899485
99	0.000921748630954
98	0.0045492296592
91	0.000894195948126
90	0.00733652749127
92	0.00182760476904
95	0.000920259710949
740	0.00178516886678
742	0.00685047915071
743	0.00181227980247
559	0.00218302791589
558	0.000894068431596
746	0.00364127279393
748	0.000900958573909
749	0.0018253326053
551	0.000432848971147
550	0.0013624233021
553	0.000463674625945
552	0.00137019839753
239	0.00181743182475
236	0.000924687162206
231	0.00275056249032
232	0.00316739681704
233	0.00136478413177
147	0.00721363037741
142	0.00319424397462
143	0.000918055014983
141	0.000913487981517
613	0.000458738694926
611	0.0013910148306
617	0.000911302960996
614	0.00182710005185
1004	0.00138269215281
948	0.00817037844887
949	0.000905341913129
946	0.00136590018497
947	0.000912951228811
942	0.00182076167211
940	0.000908354021821
514	0.00273224328726
517	0.000913194749841
685	0.000464005128658
684	0.00134526432847
687	0.00228169057204
1000	0.00354901419562
680	0.00136144460847
133	0.000453159570635
132	0.000888342226036
137	0.000458819163765
136	0.00274156865563
135	0.00364675170085
134	0.00137583409695
139	0.000897230274939
138	0.000908900657903
490	0.000454807727205
493	0.000456675274967
24	0.00182620673263
28	0.00138061229927
29	0.000926004989838
407	0.000456128317842
939	0.00180517125972
404	0.00182266533132
401	0.00227193459828
400	0.00273085792617
933	0.000901944545606
931	0.000450603609349
936	0.00136032570917
409	0.000921748630954
379	0.000457092112918
378	0.000901854608355
828	0.000926161301489
371	0.000455872557682
824	0.000456809211732
373	0.000912988514957
372	0.00136385965502
374	0.00137151831993
377	0.00137487406369
376	0.000454558816893
704	0.00135423173428
706	0.000451337060335
707	0.00408064454398
700	0.00136566899682
702	0.00880243914974
393	0.000456128317842
392	0.000455936014373
391	0.00182480956493
390	0.000912491073636
83	0.000911338796019
399	0.000442548122836
86	0.000921718774599
796	0.00138414687688
795	0.00228397364869
790	0.00499498468114
799	0.000432848971147
607	0.00181213012143
586	0.0104608453954
587	0.0
584	0.000454558816893
585	0.000901139059858
582	0.00045962254091
581	0.00136832537715
589	0.000451394259682
245	0.00318703343566
247	0.000451404215883
246	0.000910491768481
241	0.000456809211732
249	0.00230385627172
248	0.00226903292235
924	0.00185345756312
925	0.000918670441587
519	0.000461012536261
518	0.00867590525529
510	0.00312441435434
513	0.000432848971147
512	0.00136676469744
1003	0.000453653273455
1002	0.000446070568079
1001	0.00184400907438
516	0.00184813991059
622	0.000881390128988
951	0.00496666438768
624	0.00137121554657
450	0.00183190094962
629	0.0041002981326
628	0.000912464083996
454	0.00317195968519
178	0.0124313746983
595	0.00456155437238
175	0.00184086326005
173	0.000462330363893
171	0.00135452886622
170	0.0013733715413
977	0.00456611528945
976	0.0022968041063
972	0.000450603609349
971	0.00182724567148
180	0.0
978	0.0100449054044
656	0.000911319616734
654	0.000459761632449
181	0.000455823937547
652	0.000456128317842
187	0.000457827575386
650	0.000463764552891
185	0.00273252996662
188	0.00182426453634
189	0.00274974610674
658	0.000914429162859
659	0.000456782341976
184	0.0027230804817
868	0.00317621438846
13	0.00184352348462
15	0.000908302228897
14	0.00277951478813
17	0.00182745240841
863	0.00137059519381
862	0.00458193455972
865	0.00045460466845
883	0.00136299820309
881	0.00229583145702
880	0.000453318259428
887	0.000453598716458
886	0.000442474315395
885	0.00181514989701
752	0.00181384066667
888	0.00182760476904
929	0.00230517618774
809	0.000917235363796
322	0.000439526297513
323	0.000904060716088
320	0.000456128317842
321	0.000448098469235
326	0.0
327	0.000463764552891
324	0.000446478724079
329	0.000455813418081
688	0.000463674625945
201	0.00137522736286
200	0.00456849011998
203	0.000912491073636
771	0.000451995144049
207	0.00684932589178
772	0.00408116520809
208	0.000926004989838
779	0.000908385551192
77	0.00135772698108
75	0.0027301964199
74	0.00181380970978
73	0.000883381047006
71	0.00045621553987
70	0.00317297314708
78	0.00183859358957
2	0.000454034792884
686	0.000450603609349
669	0.000920003725882
668	0.00227666868142
664	0.000463674625945
663	0.00134435666582
662	0.00274230206924
660	0.000458143501606
692	0.00410203748782
693	0.00184135368683
696	0.00455341730893
697	0.00182956039462
698	0.00045962254091
542	0.000862356375972
543	0.00137031018122
540	0.0068621949564
541	0.00185324878883
546	0.00227002315925
547	0.0105043489097
994	0.000917217068494
997	0.00045460466845
996	0.00185192459765
991	0.00229751357542
990	0.00868654270109
120	0.00498885683193
125	0.000445826059056
126	0.00363133021094
127	0.00045621553987
129	0.00045035496456
414	0.0013666268858
415	0.00635253904312
416	0.00362909055178
410	0.000908091378853
920	0.00273275384988
921	0.00230902891272
923	0.00455406834204
418	0.00230568624215
419	0.000455703331687
926	0.00315427347134
499	0.0035879911608
319	0.00223292159748
318	0.000448098469235
311	0.000918670441587
310	0.000907765136364
316	0.0114130330475
315	0.000457343687553
314	0.00138313686009
832	0.00903244840838
833	0.00226998562127
830	0.000455060180113
837	0.00138096902869
834	0.000453653273455
838	0.00228299519099
369	0.00130106504405
367	0.00272188035247
364	0.000456322611346
365	0.000913560087549
362	0.00180863812876
360	0.000456948072565
361	0.00045962254091
381	0.00184850823766
383	0.00408313104949
388	0.000914367447816
784	0.00319331083869
780	0.000912063047245
782	0.00180194874054
783	0.0013866052892
788	0.000877401659818
789	0.0137820957458
573	0.000454807727205
572	0.00137015194801
577	0.000900958573909
576	0.000461878176709
575	0.00045231812384
61	0.00365962116447
62	0.0017182987781
65	0.00545561388173
66	0.00090514379294
67	0.00136827929816
68	0.000917217068494
250	0.00221509600898
251	0.000917235363796
257	0.000454807727205
157	0.00271195874965
731	0.00227299011696
732	0.000456864518456
737	0.000463674625945
736	0.00182405297753
506	0.0120101816812
738	0.00461998774303
505	0.000446478724079
502	0.00824909819877
503	0.00132378223491
500	0.00136182239304
501	0.000455424419074
630	0.00501470650545
631	0.000456948072565
633	0.00271980058342
469	0.00137019839753
468	0.000463674625945
638	0.00135769909999
464	0.000928417101077
466	0.000457168694536
901	0.000456218324254
168	0.00633901153249
169	0.00136813789874
165	0.00638841885647
166	0.000906331260026
167	0.00319162015401
160	0.000454807727205
161	0.000454807727205
163	0.00128877390631
966	0.000452660701582
962	0.00183335917
963	0.000910751403645
969	0.00045668716297
935	0.00182086089619
908	0.000453249554223
909	0.000458376951131
878	0.000461388229137
879	0.00132103442339
872	0.00045962254091
873	0.00183485797893
870	0.000913044871919
890	0.000450555638431
891	0.00455055936976
895	0.000432848971147
899	0.000463674625945
646	0.00258356980633
648	0.00317671208195
356	0.000453426409939
355	0.000450603609349
808	0.000462330363893
353	0.00319038680055
351	0.00867850221752
800	0.00128596285473
807	0.000455120471765
216	0.00134260830465
214	0.00907226225639
952	0.00228427406781
762	0.000909108284334
955	0.00321204997832
761	0.000925246747834
767	0.000921748630954
764	0.00228840893723
765	0.0054401786263
957	0.000913487981517
956	0.00133863230352
289	0.000462358323226
288	0.00273682959479
4	0.0
281	0.000456607685425
280	0.00456842726341
285	0.000450603609349
284	0.000454558816893
676	0.000445826059056
670	0.000926004989838
260	0.00271700600265
267	0.00410024490461
266	0.00181009825317
268	0.000454916828848
58	0.000454807727205
55	0.000912316780143
56	0.00045962254091
50	0.000435564069932
53	0.00315518921992
537	0.000463674625945
535	0.00262314942228
534	0.00317684972029
531	0.000917235363796
530	0.00181625048699
538	0.000921748630954
775	0.000462330363893
988	0.00228191465224
980	0.000928417101077
987	0.00320247471851
984	0.000453369856001
985	0.000463674625945
114	0.000918848231257
117	0.000454916828848
113	0.00129874656723
119	0.000454034792884
118	0.000922142633434
773	0.000456207591408
429	0.00181597207356
428	0.00502630943384
919	0.00134082196007
918	0.000442361994849
421	0.00137038589976
420	0.000875090367445
423	0.0031869210763
425	0.00589428361309
424	0.00182709631577
427	0.000459047900677
912	0.00497703629336
309	0.000451404215883
301	0.00136995055101
302	0.00365495434661
304	0.0
306	0.000915521036903
846	0.00136930239917
844	0.000890460464084
843	0.00364896973812
841	0.000906942928615
840	0.00183032661084
853	0.000452957409159
849	0.00138364508664
823	0.000862356375972
568	0.000913973145097
569	0.000460736094693
751	0.000455609644001
750	0.000912020164707
754	0.00136648373867
561	0.000912570831465
758	0.00177232004074
565	0.00176975219727
739	0.000915203645562
229	0.00181847456643
228	0.00138239698998
226	0.000462330363893
225	0.00135971587521
224	0.000914440598751
223	0.00135922123906
220	0.00045460466845
88	0.00132964151119
722	0.000864674852793
723	0.00176491820427
720	0.00318619595529
721	0.00181469331773
605	0.0023050433264
150	0.000453683865261
153	0.000924921046415
152	0.000921718774599
603	0.000451404215883
602	0.00181305261477
159	0.000906942928615
609	0.00544472123027
634	0.00175162513212
958	0.0
48	0.00312542092867
46	0.000451404215883
950	0.000912063047245
953	0.00182760476904
45	0.00090514379294
42	0.000905598275339
954	0.00182620013934
40	0.000915379712938
41	0.00220634300526
5	0.000926004989838
487	0.000897230274939
485	0.000862356375972
484	0.00182449950624
483	0.000460378565197
482	0.000916917128731
480	0.00045962254091
472	0.00135732739952
470	0.000921748630954
478	0.000455609644001
479	0.000454807727205
