344	0.000549747913653
0	0.0011075442299
347	0.00747412252339
341	0.000550900874277
810	0.00112424763543
812	0.00306261219548
815	0.000564075492322
817	0.000549976361158
719	0.000569319092095
718	0.00562023726356
716	0.0016861710306
715	0.000995280451558
713	0.0011407841945
711	0.000552791651439
710	0.000554235310995
915	0.00716625142432
916	0.000562098792775
299	0.0
294	0.0025022634827
295	0.0016604684505
292	0.00110024097875
293	0.000556663176193
290	0.00110262245127
291	0.00170918995902
591	0.00278711277109
590	0.00149588128218
592	0.0023003230605
595	0.00226158513985
597	0.000533124011839
596	0.00338761448441
195	0.00110688756515
197	0.00055629253696
196	0.00102662507642
191	0.0033973429778
190	0.00446028308517
193	0.00224517629874
192	0.00111910941771
270	0.000559531688815
274	0.00110300706319
275	0.00166126635716
277	0.00300360843742
278	0.0022506347135
526	0.00166252572977
522	0.0028112503494
528	0.00112858804727
443	0.00331148848018
441	0.0
447	0.00124965256911
444	0.00178157188832
102	0.000501748884712
103	0.00098655985954
101	0.00167975965131
107	0.0151881604368
104	0.00318374430585
105	0.000536447600488
900	0.000588210847437
38	0.00130132460766
907	0.00112159664502
904	0.000562928931831
32	0.00556527176385
908	0.00127343884172
30	0.00190123176019
35	0.00109965881073
641	0.00217917038975
643	0.00167204681396
644	0.00285477148878
647	0.00275342227599
439	0.00123822375474
648	0.00186802007852
435	0.00367882542548
432	0.000541654043327
433	0.00108515311604
338	0.00270842624995
335	0.00170676292523
334	0.00727675432326
337	0.000647345128854
333	0.00227917860447
332	0.0018341394678
745	0.000571568216359
854	0.00116837141649
855	0.0027553564561
857	0.00110355680107
850	0.00158099548807
851	0.00166016555136
858	0.000563434525552
6	0.000554235310995
98	0.00683526523113
91	0.000558014503844
90	0.00528392477228
92	0.00110482292147
95	0.000541654043327
97	0.000809059347874
96	0.0
740	0.000417337931087
741	0.00056330585304
742	0.00164736588854
743	0.0029756826677
559	0.0
558	0.00229921391992
746	0.000545642267091
748	0.000496441939315
557	0.000629140992941
551	0.000586252850701
550	0.00230379841147
553	0.00056243824722
552	0.00219523657984
239	0.000553749682436
235	0.000550562180892
236	0.00451452738959
230	0.000997042769937
231	0.00326290859847
232	0.00312098545328
233	0.00109691824528
1	0.000410675326786
147	0.00703239430613
144	0.00056330585304
142	0.00328507006607
143	0.00506877512665
141	0.00110172928155
612	0.00165520200757
613	0.0011082425398
617	0.00173726607238
614	0.00338012111699
149	0.00112569979503
912	0.00438510267467
951	0.0026865076089
1004	0.00169046519308
949	0.000626437163433
947	0.00170581135104
942	0.00109846918272
517	0.00523139373471
685	0.00279822279022
684	0.00191956735365
687	0.00223211854967
686	0.000997042769937
681	0.00166389968233
680	0.00167287840049
683	0.000568405764518
682	0.00113969874901
459	0.000582118565786
133	0.00125504764067
132	0.0011170571319
136	0.00276321604297
135	0.00662593583619
134	0.00114549690616
139	0.000501748884712
490	0.00112055047634
493	0.00221167652317
24	0.00497627583372
25	0.000448981422212
28	0.00108515311604
29	0.00225621707364
402	0.0
401	0.00397716531807
933	0.000997042769937
629	0.0105372352523
409	0.000554235310995
934	0.00113212295959
379	0.00057127432716
378	0.000316529931043
828	0.001141669812
371	0.00164634923696
373	0.000557433584168
372	0.0
374	0.00214976986339
377	0.00278534473619
822	0.000327599961289
708	0.000559153534244
704	0.00215110028068
707	0.00056988448477
700	0.00360773085663
702	0.00171462035372
703	0.000551752920389
176	0.00819457088499
181	0.00111481373732
86	0.00110687369071
84	0.000401488342342
85	0.000464031140579
795	0.00219820275247
791	0.00113213433634
790	0.00303563039445
798	0.000544050964491
7	0.00056197722724
586	0.0104868597618
587	0.00113010137996
582	0.00159002425556
580	0.00056330585304
581	0.00219756610734
588	0.000545642267091
245	0.00489657239322
246	0.00168124367525
241	0.000532997313537
243	0.00223550152566
249	0.00222232763069
248	0.00112289029667
924	0.00570768191722
511	0.00165421839313
510	0.000501748884712
513	0.000586252850701
512	0.000549976361158
514	0.0012819547747
1001	0.00284268180809
516	0.00172392015387
458	0.0027542531593
622	0.0
626	0.0005496160254
624	0.001637842828
450	0.00449815171832
452	0.00112485437136
628	0.000521300747131
454	0.00285337646647
178	0.0127543145766
199	0.0022830037948
175	0.0028012489394
173	0.00114325431448
171	0.000997042769937
170	0.00055062495335
977	0.00563701710975
976	0.000554235310995
972	0.000997042769937
971	0.00110049418636
978	0.0115589635505
656	0.00112751412573
599	0.00110860673862
654	0.00113783475829
2	0.00369107651951
652	0.00056243824722
187	0.00169921811992
650	0.00227203351679
185	0.000562132266363
188	0.00275817455294
189	0.00222863423511
658	0.0022182714198
659	0.00054153248948
184	0.00110945482763
868	0.00125030112468
13	0.00115129446401
12	0.000558187268694
15	0.00111489135405
14	0.00457308432519
17	0.000550900874277
16	0.00112541882894
19	0.00169205398331
862	0.0027768615778
867	0.000417337931087
866	0.00223024073286
883	0.00106918948851
881	0.000575153831549
880	0.000556760491411
886	0.000603247963075
885	0.00187787589862
752	0.000571914111264
809	0.00108520550365
322	0.00209927756369
320	0.00056243824722
321	0.00100068763208
327	0.00221362212374
325	0.00110197192837
329	0.00164071735802
688	0.00056243824722
201	0.00112159178146
200	0.00220128431388
777	0.0010777096992
758	0.000899564372572
771	0.00163185332742
770	0.000586252850701
207	0.00440134998292
772	0.00397783022444
209	0.000621632814965
208	0.00169046519308
779	0.00165684724682
77	0.00499088041483
75	0.00113503843226
74	0.00248592692034
73	0.000457549848403
78	0.00112561176903
669	0.00056330585304
664	0.00056243824722
662	0.00166690887493
660	0.00109311877098
692	0.00387728187787
693	0.00110737163111
696	0.0022420577952
695	0.00113687702845
542	0.00404940138459
540	0.00598650461447
541	0.00113956652389
546	0.000576576845319
547	0.00220281010208
544	0.0011352199643
549	0.00110913307354
995	0.000545642267091
994	0.00272138787773
996	0.0051130018647
991	0.000554235310995
990	0.00220369962806
993	0.00110700546906
999	0.00112004256003
120	0.00281061953214
122	0.00110658314801
125	0.0
126	0.00309132138099
127	0.0011218266945
415	0.00571478821202
416	0.00733772273431
410	0.00224533181233
413	0.00117723758122
920	0.00225123942948
922	0.0
923	0.00111196779192
418	0.00226500841671
926	0.000997042769937
499	0.00138701725252
319	0.000905618089797
318	0.000613454296846
313	0.0062772979034
311	0.00108515311604
310	0.00061917143596
316	0.00550937871944
496	0.00055629253696
832	0.00150448985426
833	0.00281024130851
836	0.000545642267091
837	0.000569319092095
838	0.00227897562012
369	0.00240128453665
364	0.000541654043327
365	0.00109092493974
362	0.00445470619556
360	0.00110686267562
361	0.000541654043327
952	0.00164488384423
381	0.0027984912758
383	0.00166483480035
388	0.0
784	0.00108429834167
780	0.00106995382076
782	0.00373334201876
783	0.00281316954854
788	0.0
789	0.00108722752235
151	0.00276211977891
573	0.00061917143596
572	0.0016797657865
577	0.000997042769937
153	0.00169851887325
575	0.00313178403505
61	0.00674306424564
62	0.00290642152414
259	0.000554294747501
66	0.0
67	0.00275132048589
68	0.00108729631042
253	0.0016530294155
250	0.00180470460919
251	0.00163131353692
256	0.000630481133151
254	0.0011214920465
157	0.00155518781929
731	0.00334543830234
730	0.000620609336321
735	0.00198851560802
737	0.00111060779547
509	0.0
506	0.00342560048783
738	0.00341236257935
505	0.000647345128854
502	0.00498127243688
500	0.00181102603933
630	0.00218015759127
631	0.00110604943988
633	0.000570899709732
634	0.0
465	0.000614572122401
464	0.00056243824722
927	0.0140456958687
462	0.0106378889628
168	0.00684368533293
169	0.0
165	0.00166944772731
166	0.00368803324012
167	0.0016521363275
160	0.00222359278883
162	0.00112803408741
963	0.000549747913653
969	0.00167169603335
936	0.00275062438465
935	0.00058977714212
909	0.0
879	0.000417337931087
876	0.00112047964971
872	0.000541654043327
873	0.0010847216125
890	0.000559888490832
891	0.00506752707373
896	0.00112455495332
897	0.000552995670357
898	0.00056243824722
646	0.00344972788302
357	0.0
356	0.00804968565935
355	0.000997042769937
808	0.00056243824722
353	0.00112056110065
803	0.00116935997204
216	0.000905618089797
217	0.0
214	0.0027584628799
769	0.000545642267091
762	0.00061917143596
767	0.000554235310995
764	0.00108729631042
765	0.00504553375291
957	0.000549976361158
956	0.00135280980095
4	0.00110659085011
281	0.000566290636647
280	0.00388859488303
283	0.000588210847437
285	0.00149588128218
678	0.000560522077375
679	0.000464031140579
674	0.000568184045544
676	0.0
670	0.00111943905654
671	0.000544050964491
672	0.000464031140579
267	0.00294825264229
266	0.000626437163433
265	0.00112523674679
264	0.00108424675326
268	0.00342352500797
58	0.0
56	0.001096906592
50	0.0
53	0.000526024245801
52	0.000621632814965
537	0.00284027711642
535	0.00236830022959
534	0.00352079205532
532	0.00518091894042
531	0.00329599506911
530	0.00111744125466
538	0.000554235310995
775	0.00110884862342
988	0.00164862507139
774	0.000569138890977
980	0.0022419425492
987	0.0146461028446
984	0.00244560603814
985	0.00056243824722
114	0.0011243979799
117	0.0011407841945
111	0.00061917143596
113	0.000586252850701
112	0.00175860149528
119	0.000614572122401
118	0.00276863993341
429	0.00113829024929
428	0.00552968563506
918	0.000907345452641
421	0.00219941107179
423	0.00279780664607
422	0.00222078113753
424	0.00274852150305
426	0.000550127073744
308	0.000566409337653
309	0.00124059025
301	0.000549976361158
304	0.0
305	0.000639867957207
306	0.00108429834167
847	0.000549682449574
846	0.00165579735353
844	0.00186415685866
843	0.00279644254937
840	0.00162804378304
849	0.0032921869067
823	0.00291954865762
568	0.00114116212273
569	0.000558014503844
754	0.000558753385949
561	0.0027607678442
563	0.00056330585304
565	0.00107614225222
566	0.000550562027076
739	0.00111420672732
229	0.0010682630797
228	0.00166174305873
223	0.000559907367727
724	0.00222765919383
722	0.000586252850701
720	0.00558265274979
729	0.000558753385949
605	0.00221883741133
150	0.000571914111264
607	0.0106032196237
152	0.00110637199716
603	0.000718048578183
602	0.0043333253595
159	0.0119787198429
158	0.0
609	0.00341094965032
83	0.00054153248948
469	0.00165143379888
48	0.00270935982508
46	0.0
950	0.000641545859424
953	0.000536447600488
45	0.0
955	0.00108515311604
954	0.000549976361158
40	0.00285793834959
41	0.000537832623189
638	0.00156665299136
5	0.00112253938578
485	0.00288917666257
483	0.000558014503844
482	0.00491603427049
481	0.000538181389651
472	0.00435422733121
470	0.000554235310995
471	0.000562742977571
474	0.000786900812031
479	0.00055682438182
