344	0.00315606925113
0	0.0109358714512
347	0.000904777346965
343	0.00226915871528
810	0.000917746429224
811	0.000453302299732
812	0.000906840413932
813	0.000453988285066
814	0.000450583357845
349	0.00180722618564
817	0.000901684406848
719	0.000932396386146
718	0.00864227953534
716	0.000454863964106
715	0.00135835340704
711	0.000910282656814
710	0.00273041172974
915	0.0140129083444
913	0.00135816708398
299	0.000907642650769
296	0.000455418692708
294	0.00271727662999
295	0.000455561278067
293	0.00407697500025
290	0.000912652865842
591	0.00226983718435
590	0.000452489991191
592	0.000908675261265
595	0.00363122138957
198	0.000454697570059
195	0.0
197	0.00181758611017
196	0.000912942075904
191	0.000909301894064
190	0.00361780145912
193	0.00272616049819
270	0.000465465276307
272	0.00182568077635
274	0.000904106885867
275	0.000913220587368
277	0.000452489991191
278	0.000890711531242
279	0.000455418692708
526	0.00180692823398
527	0.00136477756329
522	0.000455418692708
599	0.00182113585541
443	0.00185217660883
441	0.000454734589116
440	0.0
445	0.000453569855247
109	0.00045262783016
101	0.00227672938178
106	0.000445074976316
107	0.00274851825117
104	0.00136057634287
105	0.000462622305725
900	0.000913667498885
38	0.00228096580636
906	0.00133680937163
907	0.000910916085799
904	0.000454863964106
32	0.00181768465554
31	0.00270707949967
30	0.0013594564682
35	0.00270828455632
643	0.000919747662045
644	0.00232039695183
647	0.00180457966155
439	0.000907300963376
649	0.000909203849537
437	0.000465465276307
435	0.00362307555402
433	0.000466931109839
339	0.000455561278067
338	0.00135353560534
335	0.000465465276307
334	0.00546564179655
337	0.00181753400382
336	0.000452216229693
333	0.00319155614832
332	0.000903549519135
744	0.000453597293715
745	0.000932396386146
854	0.00135992833264
855	0.0013482258074
857	0.00315711209656
850	0.00274807531779
851	0.00361508376369
858	0.000451170833426
6	0.001372700887
99	0.000911266618612
98	0.00227275973182
91	0.00136213154557
90	0.00781707189655
92	0.0022555791416
96	0.000452737019065
740	0.00136013721133
742	0.00499415716634
743	0.00135858568845
559	0.0022659966298
558	0.000904831234836
746	0.00499425002671
748	0.00135720233379
749	0.00136176820238
551	0.000446404168738
550	0.00181259270128
552	0.00090190977463
239	0.00136126214742
235	0.000454888943172
236	0.000455705340545
231	0.00178954853189
232	0.00181306018696
233	0.00181296709433
147	0.00724132494038
142	0.00405995330291
143	0.00091087088153
141	0.000451018842456
613	0.000460164355789
611	0.000465512374273
617	0.000908883656941
614	0.00135339351477
149	0.000906866147349
912	0.0049896643949
1004	0.00137382096922
948	0.00726636515926
949	0.000453694186577
946	0.00318846900023
947	0.000457114238308
945	0.000465465276307
942	0.000908535941593
943	0.0
940	0.000453634913366
514	0.00273996645286
517	0.00588795154518
685	0.001374273321
684	0.000908481530486
687	0.00363484415581
516	0.0162681735589
680	0.00181589809174
682	0.000465465276307
133	0.00045197412122
132	0.000454560308967
137	0.000453399612842
136	0.00225530165998
135	0.00408622500343
134	0.00136770222189
139	0.000908722117586
138	0.000898756575903
24	0.0013570646123
28	0.000455494308041
29	0.00319859835641
407	0.00182180947227
939	0.00182049155659
404	0.00181548072876
401	0.00226757454211
400	0.000975518897484
933	0.000904777346965
931	0.000452489991191
937	0.000454263582393
936	0.00181389234064
409	0.000911266618612
934	0.0
379	0.000455078518854
378	0.00091112784731
828	0.000932396386146
371	0.00136115113472
373	0.00180499603262
372	0.00181599877791
374	0.0014062798276
377	0.0018246202855
708	0.000455418692708
704	0.00090137147455
706	0.000453647186152
707	0.00409116746802
700	0.00181034830027
701	0.000455418692708
702	0.00139661387005
393	0.000455418692708
392	0.000907097807362
391	0.00180636440523
390	0.0015090874113
82	0.000455418692708
83	0.000508837276845
399	0.000447777847206
86	0.000928582674213
796	0.000461434268384
795	0.00180305100182
790	0.00317181713794
607	0.00227687134524
586	0.00770538814595
587	0.000454888943172
585	0.00135801103096
580	0.000455413120589
581	0.00135648987616
589	0.000450342241226
245	0.00179505538748
247	0.000454560308967
246	0.00318589381203
241	0.000450665564392
615	0.000455418692708
249	0.0022844986049
248	0.00272604322437
924	0.00139722166494
925	0.000895273772313
519	0.000455705340545
518	0.00226469996081
510	0.00317948348411
513	0.000450983091845
512	0.000905383073027
1003	0.000454888943172
1002	0.000451312227862
1001	0.00184524872848
1000	0.00405356343469
622	0.00136106425018
951	0.00544423962653
624	0.0017960454059
450	0.00548338231047
451	0.000450665564392
629	0.0108590399037
628	0.000908700670795
454	0.0036374869229
457	0.000455251291093
178	0.0118436964702
199	0.000465465276307
175	0.00228373526024
173	0.000926899544692
171	0.00135722045314
170	0.000895185176789
977	0.00411152005202
976	0.00181713113944
974	0.000905588210004
972	0.000452489991191
971	0.00225530165998
979	0.000465465276307
978	0.00947602687037
656	0.00180852208078
657	0.000465465276307
654	0.000922272544323
181	0.000904106885867
187	0.000916859029484
650	0.000465465276307
185	0.00681809608916
188	0.00135891096395
189	0.0041016473891
658	0.00135540763654
659	0.000488380898612
184	0.0195816079809
868	0.0022629214066
13	0.00185618303172
15	0.000908144610902
14	0.00232426297568
17	0.00180464365008
16	0.000910176910499
863	0.000508837276845
862	0.00408839337704
866	0.000454863964106
883	0.00136639419002
881	0.000926899544692
880	0.000454593959268
887	0.000450342241226
886	0.000452980825263
752	0.00183615809439
888	0.00135363134835
929	0.00182233672543
809	0.000455494308041
322	0.000904894158609
323	0.000911705831191
321	0.000453940302662
326	0.000453194384646
327	0.000465465276307
324	0.000908090956062
329	0.00179585285417
201	0.000912849792639
200	0.00405866725496
203	0.00101474897351
771	0.000451499384281
207	0.00676680430236
772	0.00455099686802
208	0.000461434268384
779	0.00182155479011
77	0.00181409264174
75	0.00136738089849
74	0.00271772458207
73	0.000899731655123
71	0.000453872559561
70	0.00273692199329
78	0.00136551591546
2	0.00361484281328
686	0.000452489991191
669	0.000910974398656
668	0.000453988285066
663	0.00135647218089
662	0.00228695422941
692	0.00361505216149
693	0.00227773698027
696	0.00636651069237
697	0.00269156850274
695	0.000457114238308
542	0.00090567903579
543	0.00270610765592
540	0.00762200406891
541	0.00139252218777
546	0.0027238565828
547	0.00361327835892
544	0.00045345387341
8	0.000907026262187
994	0.00044797885835
996	0.00185980949611
991	0.00182675201299
990	0.00406527344408
999	0.000455418692708
120	0.00591069969036
122	0.0004509483132
125	0.000907981908381
126	0.003171153228
127	0.000457088209725
129	0.000452216229693
414	0.00136190244134
415	0.00680049684603
416	0.00271871630586
410	0.00182344013692
920	0.00316961242871
921	0.00139383065453
923	0.0050056453978
418	0.00277280263757
419	0.000453839913765
926	0.0040710000326
499	0.00453975116498
319	0.00180609210673
318	0.000453940302662
313	0.000453694186577
311	0.000895273772313
310	0.0
316	0.0117331349721
315	0.000451622587957
314	0.00182288402071
832	0.00863702394347
833	0.00318557764952
837	0.000932396386146
834	0.000454888943172
838	0.0004509483132
369	0.00090573871954
367	0.00226311864139
365	0.00182091765235
362	0.0013550413335
360	0.0013552544708
381	0.000921598624174
383	0.00405527960562
388	0.0013625283326
784	0.00252894124814
780	0.00136830960694
782	0.00226567929017
783	0.00139383065453
788	0.000445074976316
789	0.00181531676535
151	0.000886815611699
572	0.00136532435348
577	0.00135842954583
576	0.000465465276307
575	0.000453597293715
61	0.00408576774342
62	0.00223400295223
65	0.000907458658499
66	0.000905978497487
67	0.00225415988891
68	0.00044797885835
253	0.000442732672892
250	0.00226526077076
254	0.000457114238308
157	0.00317425986622
884	0.000455418692708
731	0.0013635942792
732	0.000910669983802
736	0.000894933058553
506	0.0106036250879
738	0.00466179826068
505	0.000909765250174
502	0.00999408628003
503	0.00179988812187
500	0.00180305014097
501	0.000454541227824
630	0.00271823395987
633	0.00364208558476
469	0.00721455215699
638	0.00181859918249
464	0.0
466	0.000457589446971
168	0.00680548218731
169	0.000907712473326
164	0.000452737019065
165	0.0049634382507
166	0.00226399084192
167	0.00270680964718
160	0.00135549362121
163	0.000898123400024
966	0.000453694186577
962	0.00045208344306
963	0.000450583939755
969	0.000455418692708
935	0.000909154347307
908	0.000453509426081
909	0.000906006398495
879	0.00226629964302
874	0.00268661446528
873	0.000895340065618
870	0.000909180395005
890	0.00136386699499
891	0.00589721344847
646	0.00089192575442
648	0.000905824132635
356	0.000452823920712
355	0.000452489991191
808	0.000461434268384
353	0.0036173683414
351	0.00856817347336
802	0.000457114238308
800	0.000896987526583
804	0.000462622305725
216	0.00135177114126
214	0.00635158560456
762	0.00181371120272
955	0.00178988940028
761	0.000928087582033
767	0.00182268277347
764	0.00134432699262
765	0.00271115424849
957	0.000901684406848
956	0.00090649283939
289	0.00045914661847
288	0.00271111520756
4	0.00136373597374
281	0.000907755965888
280	0.00180631616532
285	0.000452489991191
674	0.000906980279479
676	0.00136168494543
670	0.000915975496208
672	0.000453940302662
260	0.00136144783906
267	0.00225882456609
266	0.00181444585454
268	0.000455589650406
58	0.000903871279103
55	0.000453872559561
50	0.000453082341803
53	0.00227392919817
537	0.0
535	0.00226590144172
534	0.00409388104156
532	0.000465465276307
531	0.000907907115379
530	0.00181360863233
538	0.00136668531132
988	0.00135352991321
980	0.0
987	0.00227721215468
984	0.000906251799169
114	0.000912522159863
113	0.00089192575442
119	0.00045305694154
118	0.000454249296846
773	0.000451677026667
429	0.00181604323809
428	0.0103770673226
919	0.0013590235386
421	0.00135219368842
420	0.00181145793575
423	0.00318976396209
422	0.0013625608603
425	0.00363001940898
424	0.00225554060389
427	0.00134364667808
426	0.000455418692708
309	0.000454560308967
301	0.000901684406848
302	0.00270625092973
304	0.000909385963359
305	0.000455589650406
306	0.00145940818896
846	0.00135458489005
844	0.000907714365554
843	0.000455418692708
841	0.000907801479458
840	0.00224319650536
849	0.000456868665717
568	0.00136512513285
569	0.000912649487791
750	0.00135597755631
754	0.000910282656814
561	0.000452323923627
758	0.000453816598033
565	0.00225448734891
229	0.0027424893701
228	0.00182321713273
227	0.000452940625262
226	0.000461434268384
225	0.00136632340458
224	0.00135361906973
220	0.00136973629606
88	0.00134446748454
724	0.00227370293639
723	0.00180006393447
720	0.00227568765364
721	0.00181347767695
605	0.00319392793635
150	0.00090629803949
153	0.000917949124123
152	0.000928582674213
603	0.000454560308967
602	0.00135634930212
159	0.00136254442379
609	0.0122811092091
634	0.000453082341803
48	0.00135035283664
46	0.000454560308967
950	0.00181955277302
953	0.00180457966155
952	0.00180457966155
42	0.00137098290816
954	0.00270666186086
40	0.000918853104783
41	0.0026995370618
5	0.00137661149892
487	0.000908722117586
485	0.000902368462335
484	0.00180723030166
482	0.00135766531509
480	0.000452412807338
472	0.000907291480292
470	0.000911266618612
471	0.000453074201836
474	0.000455149329646
