344	0.00235502552776
0	0.0130410454088
347	0.00238402142373
341	0.000594162299731
343	0.00121185158357
812	0.000593692599613
719	0.00123265236727
718	0.00901217954903
713	0.00235985125302
712	0.00417679033787
711	0.000600827833882
710	0.00196303820542
915	0.0065387034756
910	0.00180017635821
299	0.000598821006163
294	0.00226983375274
295	0.0013053536537
293	0.000607035905085
290	0.00119373846559
291	0.00235976610051
591	0.00421893540686
592	0.00353171567825
595	0.00414950295912
594	0.000593753621891
596	0.00119403492598
599	0.00196303820542
197	0.000607035905085
191	0.00057971850337
190	0.00534910274258
193	0.0023932089098
272	0.00178879125694
274	0.000594071019538
275	0.00120862665706
278	0.0017934979453
526	0.00295726930164
528	0.00118815739219
443	0.00355012713942
440	0.000684039600362
445	0.000591036920212
444	0.00115826605748
102	0.000600972868481
103	0.00387756970773
101	0.000621110454141
107	0.00242198373519
104	0.00284697125938
900	0.00238902770606
907	0.000596559213872
905	0.0
32	0.00667440379869
31	0.00176900720819
30	0.00344763035568
35	0.000589392385435
641	0.00119512048466
644	0.00276897788813
647	0.0011820561173
439	0.00283357450621
648	0.00057709582514
435	0.00114513201961
432	0.000597753556439
433	0.00180351938343
338	0.000597753556439
335	0.0
334	0.00776655282271
337	0.000607035905085
333	0.00198939325406
332	0.0011453165233
745	0.000633051859261
854	0.00292406650561
855	0.00178027004009
857	0.00296431632478
850	0.00311303245978
851	0.00415447395252
819	0.00060042466799
6	0.0013053536537
98	0.00710270187166
91	0.00181436590646
90	0.00625500014667
92	0.00176730736114
95	0.00119610704816
740	0.00121091502889
742	0.00474879724036
743	0.00057709582514
558	0.00119444032264
746	0.00423276217484
557	0.0011333013705
551	0.00057971850337
550	0.00117896891206
553	0.0
239	0.00119460687493
235	0.0
236	0.0
230	0.000598214938122
231	0.00720497268112
232	0.00344102012141
233	0.00119920427329
1	0.0
147	0.00297897364588
142	0.00177440511955
141	0.000591204032666
612	0.000607019274683
613	0.000626697919185
617	0.00356286824337
149	0.00059116821774
948	0.000589574655077
949	0.00509753670924
947	0.00118821699699
942	0.000597971336297
940	0.00122629842719
517	0.00174351721112
685	0.00238324605365
684	0.00179159926409
687	0.00298335168447
686	0.00178595741685
681	0.000600827833882
680	0.00177714092438
682	0.00130454699317
458	0.00298543879767
133	0.000568348475779
136	0.00118165426333
135	0.00717643431267
134	0.00356488939266
139	0.000600972868481
497	0.0
491	0.00123158750202
493	0.00295479163115
24	0.00295560546513
25	0.00298580581647
26	0.000594564833627
927	0.0104505113614
28	0.000597753556439
29	0.00126926443811
407	0.000600827833882
939	0.000600972868481
404	0.000600827833882
402	0.00118013560762
401	0.00353122984045
933	0.00119368310308
936	0.0029311160331
409	0.0013053536537
934	0.00118973169772
453	0.000592432043193
379	0.000596559213872
378	0.000652039073189
828	0.0013218960554
373	0.000594071019538
372	0.00118316511726
377	0.00301971308453
708	0.000600827833882
704	0.00119403818457
706	0.00177440758439
707	0.00118121279554
700	0.00243592585081
702	0.00273944377193
703	0.00118382658972
392	0.000591227363552
391	0.0011832674804
397	0.000598821006163
395	0.000589585905857
82	0.0
181	0.000594071019538
398	0.00059657874224
86	0.0011829264005
795	0.00235852236214
791	0.000607035905085
790	0.0017817891823
586	0.00456979386703
587	0.000592068932855
584	0.000592359418039
582	0.00239055979425
581	0.002375972676
245	0.00359320549208
246	0.00248172629035
241	0.000590348265941
249	0.0013053536537
924	0.000684039600362
511	0.000597753556439
510	0.00240410885412
513	0.00057971850337
1004	0.0
514	0.00260411879931
1001	0.000595575289566
516	0.00185735386223
623	0.000597683319836
624	0.00119643929002
450	0.00832682020204
629	0.0124443947236
628	0.00119004026915
454	0.00885063764661
457	0.000604029450514
178	0.0136226988628
199	0.00207639959009
175	0.00181697265398
173	0.00130996240856
171	0.000595591918461
977	0.0
976	0.00196303820542
971	0.000589423703137
979	0.000695779417071
978	0.00236560007801
656	0.00177812092941
654	0.00194257558691
2	0.00355817327088
187	0.00119340173053
184	0.00119147725437
185	0.000594162299731
188	0.00473277863651
189	0.00299270472461
658	0.00471902353948
659	0.0005917733487
650	0.00130454699317
11	0.000598214938122
868	0.00345187245148
13	0.00187488479099
14	0.00271805847476
17	0.0011780126154
16	0.00203049983933
19	0.000639794594507
862	0.00319035225167
865	0.00119498705336
867	0.00060042466799
866	0.00179756985788
883	0.000596389882688
880	0.000590164603034
322	0.0030517224494
321	0.0017922253549
325	0.000597299654528
329	0.0035907142155
775	0.000684039600362
200	0.00177133734594
758	0.00179337056098
771	0.00118602444239
770	0.00114789963789
207	0.00294916016687
772	0.0017738498028
209	0.00172682214563
779	0.00118808010587
77	0.00228962079044
75	0.00897837613851
74	0.000572366164139
72	0.000597971336297
71	0.000592432043193
78	0.00327583376973
662	0.0017821693641
661	0.00059482126643
692	0.00659053173922
693	0.0013053536537
696	0.000598821006163
697	0.0035681252269
695	0.00119329619533
698	0.00358936740412
542	0.00289642768696
543	0.000589423703137
540	0.00836504604636
541	0.00414928225656
546	0.00116737388829
547	0.00472624080161
549	0.000597971336297
994	0.00299403403928
997	0.000598471615346
996	0.00278072927851
991	0.0013053536537
990	0.00117830104927
120	0.00410499446865
126	0.00170822989365
127	0.00358472837394
414	0.000597087762182
415	0.0023332120304
416	0.010253753345
410	0.000589392385435
413	0.000626697919185
920	0.00237787065358
921	0.000633051859261
923	0.00422885114289
418	0.000699646498079
925	0.00178846014991
499	0.00119578073758
319	0.00119537516489
318	0.000571441548201
313	0.00228061590124
311	0.0029851020107
310	0.000597292917152
316	0.0106180903907
833	0.00178408110209
837	0.000633051859261
835	0.000593336125757
838	0.0011771437285
368	0.00122292783575
369	0.00115826605748
364	0.00238896208323
362	0.00714040637742
360	0.00236642080738
361	0.000597753556439
381	0.00136730408973
383	0.000592068932855
388	0.00179468709503
784	0.00117590225571
787	0.000599600508007
780	0.00129937481719
782	0.00283689457245
783	0.00194378937881
789	0.000597753556439
151	0.000596055145753
573	0.0011635264665
572	0.00121530542572
577	0.000595087371677
575	0.0028313021271
574	0.00057709582514
61	0.0107671268607
62	0.000568181134515
152	0.00177825903045
67	0.00412621348252
68	0.000597753556439
253	0.00178857896695
250	0.00117853950953
251	0.000597753556439
256	0.00170328488755
257	0.000589574655077
254	0.000596822988287
731	0.00355602845499
732	0.00129062292317
736	0.00119666135929
506	0.00816321197923
738	0.00631560496082
502	0.00439944773495
500	0.00172861291267
630	0.00355245172609
631	0.00177589989457
633	0.0017880308394
469	0.001775395201
637	0.000594162299731
638	0.00178645003058
466	0.000607955858834
462	0.000565120819387
168	0.00680763741826
164	0.00187871851163
165	0.00412569509128
166	0.00113408002208
167	0.00237082563302
160	0.00354574789031
966	0.00179391883773
963	0.000588961566129
969	0.00060042466799
935	0.00120274129777
909	0.0
879	0.00306136208026
872	0.000597753556439
873	0.00119587407878
870	0.0
891	0.0106461218442
896	0.0
646	0.00176426837855
356	0.00693650454387
809	0.000597753556439
808	0.0
353	0.00118510793975
802	0.00596919003647
801	0.000588094728684
216	0.000597131200401
214	0.0095643248063
769	0.000597399751063
212	0.000597683319836
762	0.00169967071351
955	0.00358088685607
767	0.0013053536537
764	0.00298752330944
765	0.00404021818155
957	0.000590348265941
4	0.00059482126643
281	0.0
280	0.0100804998625
284	0.000592359418039
674	0.00118325356371
670	0.00124192110076
671	0.0023847289222
672	0.00059756107952
260	0.00283116017249
267	0.00474229921915
266	0.00396957859924
264	0.000597366928218
268	0.00354653901735
58	0.0
56	0.00119735406445
53	0.0035936390081
52	0.0011382696439
535	0.00347680334288
534	0.00601389514444
532	0.0018626225507
531	0.00178779629431
530	0.00532142565422
538	0.00190017492013
988	0.0017759369735
774	0.000593883162227
983	0.000599600508007
980	0.0
987	0.0173384467025
984	0.00113588939238
117	0.00118218186926
116	0.00059657874224
113	0.00057971850337
118	0.00126958077439
773	0.000596645736343
429	0.0017690951808
428	0.00300050319877
918	0.00119468267879
421	0.00177069163655
420	0.00123723934154
423	0.00194853406959
422	0.00118481208247
424	0.00176813049084
427	0.000596645736343
912	0.00624435037405
309	0.0
302	0.00117899835821
303	0.000647335744005
305	0.00115959607938
306	0.00177624681779
847	0.00118439975899
846	0.00295436939464
844	0.0035858518154
843	0.00238628863372
841	0.000598779605301
840	0.001793241007
849	0.00180807071895
823	0.00173567993261
568	0.00119329619533
752	0.000585803532378
754	0.000680087871443
561	0.00355011895313
563	0.00059482126643
565	0.0023893162874
566	0.000596055145753
739	0.00117996583211
229	0.0005917733487
228	0.00258908806665
225	0.000600827833882
223	0.00182088069602
220	0.00358161009187
726	0.0
724	0.00302262239288
722	0.00115826605748
720	0.00592392965741
605	0.00195478138296
607	0.0155708568804
606	0.000595048535006
603	0.000652039073189
602	0.00115329942926
159	0.00899392638499
609	0.00059888830435
48	0.00418063884004
951	0.00120014676667
950	0.000647335744005
952	0.00294148743533
42	0.000597683319836
954	0.00059482126643
40	0.00417467363529
956	0.0041818495727
5	0.00182808751475
485	0.00173567993261
482	0.00238115118921
481	0.000597232912827
472	0.0045559161357
470	0.0013053536537
