344	0.00239054305894
0	0.0
347	0.00215341994282
341	0.000608774565719
343	0.00233597801792
810	0.00123386485869
812	0.000600316577529
817	0.00231401464431
719	0.00139446960809
718	0.00799259076002
716	0.0023394868244
715	0.000508925122789
713	0.00126842764295
712	0.00354957388578
711	0.001466297857
710	0.000645619824947
915	0.0103619735428
299	0.00239518716955
294	0.00121912549406
295	0.000645619824947
293	0.000729451171073
290	0.00124902086258
291	0.00251136648453
591	0.0018402316222
590	0.00107174300886
592	0.00381574939269
595	0.00239782446404
596	0.000715288918028
599	0.00189407412966
194	0.000667131718897
197	0.000623700578889
191	0.00246411480766
190	0.00420807393423
193	0.00261668921272
272	0.0022491170509
273	0.000667131718897
274	0.00236327683676
275	0.00184108672355
277	0.00159224336058
278	0.00251429194958
524	0.000785497153081
526	0.00239953624668
523	0.000619964609827
528	0.00188503371475
443	0.00071067877702
447	0.00423338752734
444	0.000599720377416
102	0.00234953374284
103	0.000778624098987
101	0.00236917580514
106	0.00156403658976
107	0.00249684671083
104	0.00310015221993
900	0.00135289661938
38	0.0036221103387
905	0.0
32	0.0013032708401
31	0.00241924380418
30	0.00305027867242
35	0.00114623475788
641	0.0012166459771
643	0.00121702479149
647	0.00120513200323
646	0.000601325323558
648	0.000608036444165
435	0.00120233394654
432	0.000609685494011
433	0.000609685494011
338	0.00122013276162
335	0.0141783029382
334	0.00762201896383
333	0.0018850396191
332	0.000565532808951
854	0.000601643756574
855	0.00300990379276
857	0.00304780630787
850	0.00126317681016
851	0.0023689592629
852	0.000627631084193
858	0.000556796368561
6	0.00129243961292
98	0.0044204790149
90	0.00848780739657
92	0.000597496813509
95	0.000609685494011
741	0.00123619055203
742	0.00637036609851
743	0.00431133032859
559	0.0016046646704
558	0.00455508914873
746	0.00245086992847
749	0.000621581353592
556	0.000605697796588
550	0.00126130828024
553	0.000615252672949
552	0.00111912313435
239	0.00129787918474
236	0.000615252672949
237	0.000646516518321
230	0.00104753960067
231	0.00303930402888
232	0.00120711357424
233	0.00185961797646
1	0.0
147	0.00680081529397
142	0.00182068397588
143	0.00179775851631
612	0.00136614135216
613	0.00071067877702
617	0.00119676396348
614	0.000565199278918
149	0.00241397192941
1004	0.00256040724927
947	0.0021792981614
944	0.000601673540071
940	0.000627631084193
517	0.00181971013842
685	0.00180895357398
684	0.00297674220279
687	0.00375613318694
686	0.000519851388541
680	0.00121014034205
682	0.00259777697922
133	0.000608036444165
137	0.000599335910587
136	0.00185030391531
135	0.00241130411328
134	0.0025289476517
139	0.00314078583556
497	0.000704131779854
491	0.00061221105915
493	0.00179515633795
24	0.00241040759936
25	0.00171419452503
27	0.000519851388541
28	0.0012166459771
29	0.00249894713792
405	0.000602256755564
404	0.000829867830479
401	0.00309258203646
933	0.001055374306
936	0.000602256755564
409	0.000645619824947
934	0.000829867830479
379	0.00149531499326
371	0.00183161513289
373	0.000600070926445
372	0.00329101765473
377	0.00397273596373
704	0.00116362130453
705	0.00071067877702
707	0.000631867293198
700	0.00303616916975
703	0.000627838859275
393	0.000723343066166
82	0.000602256755564
181	0.000600070926445
398	0.000713701515106
84	0.0
796	0.000598117883786
795	0.0022775414778
790	0.00180448559985
586	0.0102258305946
582	0.00310324992634
580	0.000598117883786
581	0.00300275489225
589	0.000628577186306
245	0.00488654327015
246	0.00157299923156
241	0.000572560614096
249	0.0019181385295
248	0.000602873483877
924	0.000670188133341
511	0.000609685494011
510	0.00470871364405
512	0.000572560614096
514	0.00077533441946
1001	0.000704131779854
516	0.00193464687291
458	0.00343124977616
626	0.000627838859275
624	0.00123130631667
450	0.00361765891154
629	0.0102334479178
628	0.00180331995928
454	0.00695201845961
456	0.000602256755564
178	0.0103254822621
199	0.00133741710815
175	0.00306854515462
174	0.000785497153081
173	0.000642559657327
171	0.000519851388541
170	0.000602256755564
977	0.00561776835614
972	0.000519851388541
971	0.000608774565719
978	0.00227060171008
656	0.000600070926445
654	0.00194805428757
2	0.000600316577529
187	0.00215680099589
650	0.000649634601751
185	0.000594507207916
188	0.00291584330207
189	0.000741772277267
658	0.00179621138146
659	0.000627838859275
184	0.00432576894112
868	0.000609038507445
13	0.00064486609449
12	0.000602256755564
15	0.00122019704195
16	0.000729451171073
863	0.0012427805389
862	0.000645619824947
865	0.000627631084193
866	0.000799572459775
883	0.00147278166672
322	0.00310310918728
323	0.00156403658976
321	0.000572397824419
326	0.00124962657594
327	0.000618612185742
324	0.00141312823727
329	0.00245296803031
759	0.000604056899901
688	0.000615252672949
201	0.000615252672949
200	0.00183584568749
777	0.000729451171073
758	0.00111208856007
771	0.00502140300926
207	0.00690887523044
206	0.000785497153081
209	0.00182700537154
208	0.000615252672949
779	0.00219947127504
77	0.0018191281749
75	0.00432520837795
74	0.00180976822132
78	0.000645619824947
669	0.00063019100712
664	0.000615252672949
663	0.00230755259127
662	0.00215402309304
692	0.00807780347997
693	0.00261560624838
697	0.00362570372262
695	0.000715288918028
698	0.00365140822914
542	0.00301243949508
540	0.00794462212289
541	0.00126117184307
546	0.00436580210299
547	0.00174819726919
544	0.00125782209131
994	0.00246231402946
997	0.000655641343126
996	0.00332206239076
991	0.00129243961292
990	0.000598402203362
993	0.000627838859275
120	0.000655641343126
122	0.0026068769073
125	0.000785497153081
126	0.00244693919218
415	0.00363926119593
416	0.00672220434179
410	0.0022166640586
413	0.000612102770398
920	0.00362315174808
921	0.00128666434481
923	0.00383023428982
418	0.00136980547052
925	0.00180772510156
926	0.00102506244302
499	0.00229761868656
319	0.00170653031212
318	0.0011355845366
313	0.0012175999436
311	0.00121283251862
310	0.0
316	0.00182623121482
832	0.00694486675626
833	0.00357468183329
837	0.00128823600581
835	0.00188472829275
838	0.00240783858148
368	0.0
369	0.000599720377416
364	0.000609685494011
362	0.000609038232716
360	0.00179869310349
361	0.000609685494011
381	0.00371723186043
383	0.00182917242833
388	0.00136945516984
780	0.0015755628115
782	0.0018098765763
783	0.00322815116186
788	0.000786557918249
789	0.0044134714093
151	0.00185802055756
573	0.000600660406471
572	0.00136999093722
577	0.000519851388541
575	0.00181145862835
60	0.000715288918028
61	0.000646516518321
62	0.00240869271745
64	0.0
65	0.000629552870342
67	0.00354662492276
68	0.0012175690805
253	0.00186469467197
250	0.000628565515199
251	0.000609685494011
256	0.00184055423489
254	0.000715288918028
157	0.00332546353865
939	0.000785497153081
731	0.00306480426448
732	0.0
737	0.00309134698797
736	0.000667131718897
506	0.00385462985703
738	0.00391398600024
502	0.00706259286393
630	0.00305599896605
631	0.00179515633795
633	0.00071067877702
469	0.00919522684454
468	0.000615252672949
638	0.00287076285701
464	0.000615252672949
927	0.00314162715651
462	0.00241949159285
901	0.00124529331444
168	0.00363786578194
164	0.00071971714126
165	0.00479598910707
166	0.00545331801432
167	0.00353139252318
160	0.00240912048775
966	0.00111869415352
963	0.000589627533842
969	0.00143358295093
935	0.00116924464095
908	0.000608036444165
909	0.00123761541902
879	0.0
876	0.000729451171073
872	0.000609685494011
873	0.00182040922947
870	0.000602256755564
890	0.00134308741801
891	0.0036361642849
893	0.00158562723991
356	0.0103781807108
809	0.00182416766198
808	0.000615252672949
353	0.00120520503266
803	0.00181035030045
802	0.00138095111035
216	0.00113714551971
214	0.0232233456911
762	0.00180991955181
763	0.000627631084193
761	0.000614524236442
767	0.000645619824947
764	0.00427944205189
765	0.00608603439715
957	0.00114623475788
956	0.001690633364
4	0.000602256755564
281	0.0
280	0.0108058427598
285	0.000519851388541
679	0.000647624534004
674	0.00120774155464
670	0.00185138196087
260	0.000608497669028
267	0.00602648765101
264	0.000632408640987
56	0.00185069240525
53	0.0012190734474
52	0.00303758491216
537	0.001239104917
535	0.00300348761619
534	0.000785497153081
532	0.00184713570314
531	0.00122041154231
530	0.00303085173121
538	0.00201120073273
775	0.000621029672213
988	0.00174469534443
774	0.000731056371116
980	0.000615252672949
987	0.0177088605238
984	0.00241849160896
985	0.000615252672949
114	0.00144059051939
776	0.00251829400421
112	0.000602539309201
118	0.00125749051456
773	0.00060380439012
772	0.00567003379169
429	0.00251071891085
428	0.00307294845038
918	0.000553487844291
421	0.00283356482152
423	0.0046472071961
422	0.00365255450516
424	0.0022775414778
427	0.000612500426065
912	0.00426363387694
301	0.000572560614096
302	0.00120084378563
304	0.000602256755564
305	0.000619964609827
306	0.000627838859275
847	0.000573674143789
846	0.00238478387179
844	0.00258724576015
843	0.0044038807603
841	0.000589324115022
840	0.00365479053432
955	0.00302470800447
849	0.00245152414933
823	0.000599720377416
568	0.002894442005
569	0.000627631084193
754	0.000806017570116
561	0.00357878512001
562	0.000795927644179
509	0.00470117988241
565	0.00128986237562
566	0.000621389778392
739	0.00124791635591
229	0.00056425793107
228	0.00128785766656
223	0.00233597801792
220	0.00248741901517
724	0.000736846685931
723	0.0
720	0.012669735786
605	0.00123749489146
150	0.000605728965919
607	0.00135854084483
154	0.000785497153081
603	0.000803127243985
602	0.00183350258486
159	0.0053118789926
609	0.00785342991399
634	0.00319989910936
48	0.00173138203182
951	0.0033277407856
952	0.000611337754749
42	0.000727217328222
954	0.0017331293922
40	0.013519070733
41	0.0
5	0.00245431928196
488	0.00144334431602
485	0.000601325323558
482	0.00183503471804
472	0.00546140644763
470	0.000645619824947
477	0.0093794941659
479	0.00145323347452
