344	0.000836520654324
347	0.00429381700023
343	0.00166820592914
812	0.00327355192472
817	0.00209371932556
719	0.00157149833905
718	0.000705965407695
716	0.00131038784579
713	0.00251439734248
712	0.00148446150796
710	0.00059958705859
421	0.00170205358568
299	0.000773660720762
295	0.000817179136305
292	0.00209855470507
290	0.00413424947657
291	0.000971911280457
590	0.00208404856655
592	0.0105701395974
199	0.00352982703848
599	0.00158116909806
197	0.00161985213409
191	0.000884874449371
190	0.000797837618285
193	0.00572992471314
272	0.000855862172343
274	0.003046289088
275	0.000734977684724
278	0.000817179136305
526	0.00519803296762
522	0.000788166859276
443	0.00177941965775
440	0.00129104632777
446	0.00353466241798
444	0.00168271206766
103	0.00356851007451
101	0.00459361052952
106	0.000793002238781
107	0.0067018359936
105	0.000797837618285
900	0.00080267299779
901	0.000817179136305
907	0.000473867191467
32	0.000889709828876
31	0.00263528183009
909	0.00311398440107
35	0.00221943919269
34	0.00246120816792
641	0.000836520654324
643	0.00167787668815
646	0.00417776789211
435	0.00381027904975
433	0.0041680971331
338	0.000851026792838
335	0.00769308879207
334	0.0008123437568
337	0.000797837618285
333	0.0219236106746
332	0.00293023997988
854	0.000817179136305
857	0.00211306084358
850	0.00080267299779
851	0.00163919365211
853	0.00399885885044
859	0.00348147324343
6	0.00323970426819
98	0.00240801899337
91	0.00418260327162
90	0.000725306925714
92	0.000754319202743
742	0.00455009211398
743	0.0013248939843
558	0.000899380587885
746	0.00252890348099
748	0.00155215682103
749	0.00129104632777
557	0.000817179136305
551	0.000836520654324
550	0.00222427457219
553	0.00208888394606
552	0.00415359099459
239	0.000851026792838
231	0.00143127233341
233	0.00237417133684
147	0.000817179136305
144	0.0024418666499
142	0.00174073662171
141	0.00454525673447
612	0.00174073662171
617	0.000865532931352
614	0.00148929688747
149	0.000730142305219
1004	0.00150863840549
948	0.00249022044495
947	0.000938063623924
944	0.000880039069866
942	0.0009138867264
940	0.000778496100266
685	0.00151830916449
687	0.0018277734528
686	0.000889709828876
680	0.00174557200122
683	0.00480636722773
682	0.000715636166705
132	0.00308980750354
137	0.00228229912625
136	0.00257725727604
135	0.00220009767467
134	0.00205020091002
495	0.00492241633585
493	0.000841356033828
24	0.000730142305219
25	0.00154732144152
26	0.00549782649691
29	0.00170205358568
406	0.00144094309242
402	0.00158600447756
933	0.00369906532114
930	0.00245153740891
936	0.00212273160259
409	0.000894545208381
379	0.000865532931352
828	0.00821047439908
371	0.00161018137509
373	0.00125236329173
377	0.00219042691566
704	0.00176491351924
707	0.00176974889874
700	0.00176007813973
702	0.00333157647878
82	0.0016295228931
181	0.00522220986514
398	0.000725306925714
86	0.00331707034027
795	0.000870368310857
790	0.00224845146971
798	0.000889709828876
586	0.000449690293943
584	0.000928392864914
585	0.00415842637409
582	0.00238867747535
581	0.00330256420175
589	0.0008123437568
245	0.000725306925714
246	0.00485955640228
249	0.00388280974232
248	0.00158116909806
511	0.000478702570971
513	0.00265462334811
512	0.000744648443733
515	0.0046758119811
514	0.00443404300587
517	0.000851026792838
516	0.00568157091809
458	0.00153765068251
624	0.00157149833905
450	0.00164886441112
629	0.00225812222872
628	0.0023403236803
454	0.00134423550232
456	0.00174073662171
457	0.00161501675459
595	0.00243219589089
175	0.00519803296762
976	0.000855862172343
971	0.000734977684724
656	0.000725306925714
195	0.00251923272198
180	0.0024370312704
2	0.00632467639223
187	0.00428898162072
650	0.00169721820617
185	0.00141676619489
658	0.000865532931352
184	0.000899380587885
868	0.00499978240792
13	0.00180359655528
12	0.00154732144152
15	0.00633918253074
14	0.000604422438095
17	0.0091437026435
16	0.00080267299779
863	0.000478702570971
862	0.000773660720762
865	0.000594751679086
866	0.000367488842362
883	0.000657611612647
880	0.00157633371855
886	0.00149896764648
885	0.00154732144152
356	0.00181326731429
322	0.00167304130865
321	0.00168754744716
326	0.000793002238781
327	0.00578311388769
324	0.0016295228931
329	0.00242252513188
775	0.000773660720762
774	0.00222910995169
202	0.00557519256899
771	0.000739813064228
770	0.00315750281661
207	0.000783331479771
772	0.00234515905981
209	0.000797837618285
208	0.000846191413333
779	0.001523144544
77	0.000826849895314
75	0.000440019534933
72	0.00163435827261
71	0.000851026792838
663	0.00328322268373
662	0.00160051061608
660	0.000909051346895
692	0.000662446992152
693	0.00148929688747
696	0.000681788510171
694	0.00361686386956
695	0.000725306925714
542	0.0159374108477
543	0.000778496100266
540	0.00146995536945
541	0.000754319202743
544	0.00238384209585
548	0.00334608261729
997	0.00159567523657
996	0.000865532931352
991	0.000623763956114
993	0.0100914370264
125	0.00249505582446
126	0.00160051061608
415	0.00489340405882
416	0.00662930530103
920	0.000633434715124
921	0.00340410717135
923	0.00238867747535
418	0.00233065292129
925	0.00600070596541
926	0.00137324777935
927	0.00246604354743
319	0.00171655972419
318	0.000860697551847
313	0.000734977684724
311	0.00239351285486
310	0.00164886441112
316	0.000793002238781
832	0.0176829828489
833	0.00726757539566
830	0.00250956196297
835	0.00303661832899
838	0.000720471546209
369	0.000894545208381
365	0.000483537950476
362	0.000826849895314
360	0.000831685274819
952	0.000725306925714
380	0.00155699220053
381	0.00208404856655
383	0.00997055253882
386	0.0009138867264
388	0.00237900671634
389	0.000836520654324
783	0.00151830916449
789	0.00147479074895
573	0.000894545208381
572	0.000981582039466
577	0.00437601845181
607	0.000778496100266
575	0.000826849895314
61	0.00153765068251
62	0.000681788510171
65	0.00161501675459
66	0.00369422994164
67	0.00167787668815
253	0.000947734382933
250	0.00357334545402
251	0.0039650111939
257	0.00471933039665
499	0.00501428854644
731	0.00161985213409
509	0.00226779298773
506	0.000778496100266
738	0.00479186108922
505	0.00255791575802
502	0.00308980750354
500	0.00442437224686
631	0.000860697551847
633	0.00146995536945
469	0.00243219589089
638	0.00296408763642
462	0.00407138954301
168	0.00090421596739
164	0.000899380587885
165	0.00425513396419
166	0.000725306925714
167	0.00150380302598
160	0.00473383653516
966	0.00713218476952
963	0.00171172434469
969	0.00672117751162
30	0.00693393420983
879	0.00814277908602
873	0.000749483823238
870	0.000889709828876
891	0.00568157091809
894	0.00224845146971
951	0.00240801899337
809	0.00163919365211
353	0.00227746374674
216	0.000826849895314
214	0.00070113002819
769	0.00145544923093
762	0.00222427457219
763	0.000759154582247
761	0.0047725195712
764	0.000768825341257
765	0.000759154582247
957	0.00212756698209
956	0.00170205358568
281	0.000788166859276
280	0.00248538506545
284	0.00120884487619
679	0.0102993583451
674	0.0034572963459
676	0.00309947826255
670	0.0046709766016
671	0.00425996934369
672	0.0018277734528
260	0.000826849895314
267	0.000730142305219
268	0.00164402903162
58	0.000788166859276
56	0.00282386163078
53	0.000667282371657
52	0.00161501675459
537	0.000657611612647
534	0.000681788510171
532	0.00158116909806
531	0.00259659879406
538	0.000865532931352
988	0.0031526674371
987	0.00252406810148
984	0.00254824499901
114	0.00163435827261
117	0.00169238282667
776	0.000894545208381
113	0.000744648443733
112	0.000444854914438
118	0.00139742467688
773	0.00488856867931
429	0.000875203690362
428	0.00159567523657
918	0.000783331479771
915	0.000720471546209
420	0.0007108007872
423	0.000938063623924
422	0.00150863840549
424	0.000744648443733
427	0.000836520654324
912	0.00216625001813
308	0.000507714848
302	0.00080267299779
303	0.000749483823238
305	0.00725306925714
306	0.000942899003428
847	0.0071128432515
846	0.000807508377295
845	0.00260626955307
842	0.00225812222872
840	0.00394083429638
955	0.00661479916251
849	0.0042648047232
823	0.00143127233341
568	0.000797837618285
569	0.00459844590903
754	0.00158600447756
561	0.00224845146971
759	0.00153281530301
563	0.0025434096195
565	0.00231131140328
566	0.0135438979928
228	0.000763989961752
223	0.00158116909806
220	0.000715636166705
724	0.000817179136305
723	0.00219526229516
720	0.000870368310857
605	0.00563805250255
153	0.00551233263543
157	0.000884874449371
602	0.00473383653516
159	0.00371357145966
609	0.000918722105904
958	0.000860697551847
48	0.000768825341257
46	0.0146898829355
950	0.000841356033828
45	0.00344279020739
42	0.00159083985707
954	0.0169770174412
40	0.00299309991345
41	0.0026449525891
5	0.00556552180998
488	0.00341377793036
485	0.000851026792838
482	0.000604422438095
472	0.00161501675459
