344	0.000676953130666
0	0.00250956196297
347	0.000638270094628
343	0.00190513952488
810	0.00148446150796
812	0.000691459269181
817	0.00202118863299
719	0.000763989961752
718	0.000672117751162
716	0.000715636166705
713	0.00181810269379
712	0.00344279020739
711	0.0013200586048
710	0.00449690293943
421	0.000662446992152
295	0.00138291853836
292	0.000662446992152
291	0.00154732144152
591	0.00300277067246
590	0.00958855755794
592	0.00333641185828
199	0.00403270650697
198	0.00211789622309
596	0.00206954242804
195	0.000744648443733
197	0.000686623889676
191	0.0113147880411
190	0.00125719867124
193	0.00502395930545
192	0.000652776233143
270	0.000754319202743
272	0.000614093197105
274	0.00215174387962
277	0.0147382367305
526	0.000696294648686
528	0.00149413226697
443	0.0009138867264
440	0.00419227403063
444	0.00204536553051
103	0.00286738004632
101	0.00226779298773
107	0.000604422438095
105	0.00151830916449
900	0.00205503628952
901	0.00329772882225
32	0.000720471546209
30	0.000705965407695
35	0.00129588170728
34	0.00080267299779
641	0.0029447461184
643	0.00543980194286
644	0.00296892301592
646	0.000749483823238
437	0.00511583151604
435	0.0006092578176
433	0.00195349331992
335	0.00136357702034
334	0.00275616631771
337	0.00295925225691
333	0.00456459825249
332	0.000614093197105
745	0.00338960103284
854	0.000768825341257
855	0.00139258929737
857	0.0169093221281
850	0.00136841239985
851	0.00347180248442
852	0.00114114956312
859	0.000594751679086
6	0.00118950335817
98	0.00141193081539
90	0.000788166859276
92	0.00253857424
96	0.00140226005638
740	0.000783331479771
742	0.000633434715124
743	0.003046289088
558	0.00139258929737
746	0.00158600447756
747	0.0040665541635
748	0.00134423550232
749	0.000657611612647
557	0.00198734097646
551	0.0014264369539
550	0.000817179136305
553	0.00134423550232
552	0.00134907088183
239	0.000734977684724
236	0.00131522322529
230	0.00340894255086
231	0.00208888394606
232	0.000817179136305
233	0.00070113002819
147	0.0014264369539
144	0.000652776233143
142	0.000676953130666
143	0.000652776233143
141	0.00278517859474
612	0.000681788510171
617	0.00154732144152
614	0.00070113002819
149	0.00134423550232
948	0.00278517859474
947	0.00194865794042
945	0.000657611612647
942	0.00226295760823
940	0.000681788510171
685	0.000667282371657
684	0.000971911280457
687	0.00340410717135
686	0.00214207312061
680	0.00334608261729
682	0.000265945872762
133	0.00202118863299
132	0.00283836776929
131	0.000633434715124
136	0.00211306084358
135	0.00133940012282
497	0.00190030414537
491	0.000628599335619
493	0.00304145370849
25	0.00130071708678
26	0.00135390626133
27	0.00290606308236
406	0.000681788510171
402	0.00423095706667
401	0.0027464955587
931	0.00218559153615
936	0.00196316407893
935	0.000763989961752
379	0.00070113002819
371	0.00140226005638
370	0.00918722105905
373	0.000696294648686
372	0.00205020091002
374	0.000618928576609
823	0.00194865794042
704	0.000265945872762
707	0.0016295228931
700	0.000749483823238
702	0.00149413226697
393	0.00198250559695
82	0.000628599335619
83	0.000686623889676
399	0.00330256420175
86	0.000734977684724
796	0.000647940853638
795	0.00255308037851
790	0.00405204802499
798	0.00080267299779
587	0.000270781252267
584	0.00070113002819
585	0.00493692247436
582	0.000778496100266
580	0.00370873608015
581	0.00029495814979
589	0.00205987166903
245	0.00139742467688
246	0.000618928576609
187	0.000681788510171
249	0.0014264369539
248	0.00533342359375
924	0.000686623889676
513	0.00208404856655
1004	0.000604422438095
515	0.00196316407893
514	0.0021372377411
1001	0.00337993027383
516	0.00705965407695
458	0.000662446992152
624	0.00682755586072
450	0.00281902625128
629	0.000734977684724
628	0.00276100169722
454	0.000589916299581
456	0.00226779298773
595	0.00362653462857
175	0.00145544923093
173	0.00337025951482
171	0.0128524387237
977	0.00393116353737
976	0.000744648443733
972	0.000565739402057
971	0.00070113002819
180	0.00133456474331
979	0.00206954242804
978	0.00586531533927
656	0.00295441687741
657	0.00140226005638
654	0.00127170480975
181	0.00145061385143
653	0.0144432785807
650	0.00139258929737
185	0.000662446992152
188	0.00127170480975
189	0.000730142305219
658	0.00300760605196
659	0.00499978240792
13	0.00591366913432
15	0.000614093197105
14	0.000875203690362
17	0.000314299667809
16	0.000826849895314
863	0.000575410161066
862	0.000822014515809
865	0.00178909041676
866	0.000594751679086
883	0.00208404856655
881	0.00553167415345
886	0.00211306084358
885	0.00323970426819
322	0.000715636166705
320	0.00059958705859
321	0.00289155694385
326	0.000686623889676
327	0.000676953130666
324	0.0044678906624
329	0.0046758119811
774	0.00218075615665
776	0.00209855470507
771	0.0006092578176
770	0.00283836776929
207	0.00210339008457
772	0.000763989961752
209	0.000672117751162
208	0.00059958705859
77	0.00197767021745
73	0.000720471546209
72	0.0032493750272
78	0.00290606308236
663	0.00339443641234
662	0.000681788510171
660	0.000623763956114
692	0.00291089846187
693	0.000797837618285
696	0.000696294648686
697	0.000604422438095
694	0.00154248606202
695	0.000681788510171
698	0.000672117751162
542	0.0022339453312
543	0.000589916299581
540	0.00145544923093
541	0.00160534599558
546	0.00507714848
547	0.00132972936381
544	0.00138775391787
548	0.00217108539764
994	0.00117016184015
997	0.00504813620297
996	0.000686623889676
991	0.00266912948663
990	0.000773660720762
120	0.00137808315886
122	0.000778496100266
126	0.00275133093821
127	0.00270781252267
2	0.00540595428632
415	0.00650842081341
416	0.00140709543589
410	0.00137808315886
920	0.00132972936381
921	0.000696294648686
922	0.0027464955587
923	0.000691459269181
418	0.00799771770087
925	0.015192762404
926	0.00367005304411
927	0.00424062782567
319	0.00353466241798
313	0.00129588170728
311	0.0006092578176
310	0.000696294648686
832	0.00133456474331
833	0.00227746374674
830	0.00220976843368
837	0.0108022378136
835	0.00413424947657
838	0.0006092578176
368	0.00147479074895
369	0.000730142305219
364	0.00070113002819
365	0.00220976843368
362	0.00207437780754
360	0.00150863840549
380	0.00136841239985
381	0.00106861887055
383	0.00352015627947
784	0.00135390626133
782	0.000696294648686
783	0.000793002238781
788	0.00129104632777
789	0.00206954242804
573	0.000720471546209
572	0.00759154582247
577	0.00205020091002
607	0.00128621094827
575	0.00510132537752
61	0.00424062782567
62	0.00204536553051
67	0.00207921318705
253	0.00141676619489
250	0.00268847100465
256	0.00364587614659
499	0.000686623889676
731	0.00402303574796
737	0.00178425503726
736	0.00200184711497
506	0.000773660720762
738	0.000681788510171
505	0.00192448104289
502	0.00199217635596
500	0.00210339008457
630	0.00217108539764
631	0.00126203405074
633	0.000705965407695
634	0.00300760605196
638	0.00217592077714
464	0.000570574781562
467	0.0022387807107
168	0.000647940853638
164	0.00770275955108
165	0.000633434715124
166	0.000667282371657
167	0.0261255554642
160	0.000319135047314
966	0.00287221542583
963	0.00424546320518
969	0.000580245540571
409	0.00212273160259
909	0.000725306925714
879	0.000768825341257
873	0.00478702570971
870	0.00326871654522
894	0.000565739402057
898	0.000705965407695
648	0.00129588170728
356	0.000676953130666
809	0.000778496100266
353	0.00241768975238
216	0.00489823943832
214	0.00219042691566
769	0.00268847100465
762	0.000672117751162
763	0.00547848497889
761	0.00271264790217
765	0.00146028461044
40	0.00476284881219
956	0.00230164064427
4	0.00133940012282
281	0.0007108007872
285	0.00333157647878
284	0.00222427457219
678	0.00140709543589
679	0.00130071708678
670	0.00127654018926
671	0.00200668249448
672	0.000749483823238
576	0.000797837618285
260	0.00206470704853
267	0.00154732144152
264	0.00260626955307
268	0.00199701173547
58	0.0100769308879
52	0.00218559153615
537	0.00141676619489
535	0.00144094309242
534	0.00270297714316
533	0.00124269253272
531	0.000754319202743
530	0.00134907088183
988	0.00205503628952
200	0.00147962612846
987	0.00258692803505
984	0.00271264790217
115	0.00485955640228
117	0.000759154582247
202	0.000662446992152
113	0.00117983259916
118	0.00143610771291
429	0.00148446150796
428	0.00207437780754
918	0.00125719867124
915	0.00143127233341
423	0.000667282371657
422	0.00135390626133
424	0.00153281530301
427	0.000585080920076
912	0.00179876117577
308	0.000739813064228
302	0.000681788510171
303	0.00070113002819
306	0.0033557533763
847	0.000594751679086
846	0.000623763956114
845	0.00220976843368
844	0.000633434715124
843	0.0013248939843
840	0.00130071708678
955	0.00435667693379
849	0.00560904022552
377	0.000681788510171
568	0.000759154582247
569	0.00684689737874
508	0.00341377793036
754	0.00059958705859
561	0.00409556644053
759	0.00220009767467
758	0.00129104632777
565	0.00297375839543
566	0.0169431697847
229	0.000647940853638
228	0.00156182758004
226	0.000662446992152
220	0.00123302177371
727	0.000754319202743
724	0.000725306925714
723	0.00277550783573
720	0.000947734382933
605	0.0109521345783
150	0.000759154582247
153	0.00151347378499
152	0.000647940853638
157	0.000618928576609
602	0.00382962056777
159	0.000580245540571
158	0.000652776233143
609	0.000734977684724
469	0.00439052459032
48	0.00147479074895
951	0.000681788510171
950	0.000797837618285
953	0.000662446992152
952	0.00539144814781
42	0.0129056278982
954	0.000705965407695
957	0.0014264369539
41	0.00147479074895
5	0.00279968473326
488	0.00154248606202
485	0.00139742467688
483	0.000720471546209
482	0.00123785715322
472	0.00143610771291
