344	0.000705965407695
347	0.00378610215223
343	0.00186645648884
812	0.00292056922088
719	0.00150863840549
718	0.000744648443733
713	0.00238867747535
710	0.000725306925714
421	0.0008123437568
294	0.000797837618285
295	0.00230164064427
292	0.00306563060602
293	0.0009138867264
291	0.00166820592914
591	0.0116532646065
590	0.00367972380312
199	0.00150863840549
198	0.00217592077714
195	0.000822014515809
197	0.000647940853638
191	0.00605389513996
190	0.000865532931352
193	0.00594751679086
272	0.0009138867264
274	0.000768825341257
275	0.00569607705661
278	0.0176974889874
526	0.000894545208381
522	0.00180843193478
440	0.00288672156434
446	0.000788166859276
444	0.00311398440107
103	0.00394566967588
101	0.000981582039466
106	0.00530924669623
104	0.000846191413333
105	0.00161985213409
900	0.000884874449371
907	0.000826849895314
32	0.0011169726656
31	0.00252890348099
30	0.00722405698011
35	0.0034524609664
34	0.00438568921082
641	0.00090421596739
643	0.00254824499901
646	0.00321069199116
435	0.00399402347093
433	0.00493692247436
338	0.000947734382933
335	0.0060974135555
334	0.000855862172343
337	0.000739813064228
333	0.0228423327805
332	0.00382962056777
854	0.000957405141943
850	0.00100575893699
851	0.00155699220053
853	0.00393599891687
42	0.0016295228931
858	0.000880039069866
859	0.00563321712305
6	0.00258209265554
98	0.00140226005638
91	0.00410523719954
90	0.000889709828876
92	0.000773660720762
96	0.00554618029196
742	0.00149896764648
743	0.0027464955587
558	0.000734977684724
746	0.00146511998994
748	0.000942899003428
749	0.000880039069866
551	0.00151347378499
550	0.00178425503726
553	0.00190997490438
552	0.00090421596739
236	0.00146995536945
231	0.00173590124221
1	0.00167304130865
147	0.00260626955307
144	0.00557519256899
142	0.00174073662171
141	0.000754319202743
612	0.00153281530301
563	0.014245028021
614	0.000884874449371
149	0.000899380587885
948	0.000996088177981
947	0.000889709828876
942	0.000822014515809
517	0.00261594031208
684	0.0029447461184
686	0.00143610771291
680	0.00407622492251
682	0.00334608261729
132	0.00251923272198
137	0.00146028461044
136	0.00877137842164
134	0.00572508933364
493	0.000817179136305
24	0.0016246875136
25	0.0037570898752
26	0.00144577847192
402	0.00176007813973
930	0.0030511244675
936	0.00242736051139
409	0.00105894811154
379	0.00774144258712
828	0.00188096262735
371	0.00168271206766
370	0.00105894811154
372	0.00241768975238
823	0.00168754744716
704	0.00191481028389
707	0.00170205358568
702	0.00193898718141
393	0.00356367469501
82	0.00215174387962
181	0.00236933595733
399	0.00178425503726
398	0.000783331479771
86	0.00277550783573
795	0.000797837618285
586	0.000971911280457
585	0.000952569762438
582	0.00522704524465
580	0.00232581754179
589	0.00341861330987
245	0.000754319202743
246	0.000807508377295
249	0.000831685274819
248	0.00593301065234
924	0.00641171322331
511	0.00160534599558
1004	0.0024370312704
515	0.00306079522651
514	0.00174557200122
1001	0.00440986610834
458	0.00533342359375
624	0.000855862172343
450	0.00850059716937
629	0.00216625001813
628	0.00338476565333
454	0.00157633371855
456	0.00286254466682
457	0.00268847100465
595	0.00167304130865
175	0.00149896764648
977	0.00157149833905
976	0.00279001397425
971	0.00647457315687
978	0.000681788510171
656	0.00160534599558
599	0.000875203690362
180	0.00108312500907
2	0.0022339453312
187	0.00328322268373
650	0.00565255864107
185	0.00166337054964
188	0.00138291853836
659	0.00198250559695
868	0.000855862172343
13	0.00558002794849
12	0.00150380302598
15	0.00170688896518
14	0.00348630862293
16	0.00737878912426
862	0.000933228244419
865	0.0007108007872
866	0.000976746659962
883	0.000841356033828
886	0.000720471546209
322	0.000826849895314
321	0.00143610771291
326	0.000817179136305
327	0.00170205358568
324	0.00743197829882
329	0.00227262836724
775	0.00226779298773
774	0.00311881978057
202	0.00239351285486
770	0.000899380587885
207	0.00116532646065
772	0.00372807759817
209	0.0048740625408
208	0.00258692803505
779	0.000875203690362
77	0.000923557485409
75	0.00238384209585
72	0.00190513952488
663	0.000870368310857
662	0.000734977684724
660	0.00389248050133
692	0.000894545208381
693	0.00233065292129
696	0.000817179136305
694	0.0017310658627
695	0.000705965407695
698	0.00462745818606
542	0.000768825341257
540	0.0159567523657
541	0.000826849895314
546	0.000822014515809
547	0.000793002238781
994	0.00220009767467
997	0.00370390070065
996	0.00136841239985
991	0.00178909041676
120	0.00161018137509
126	0.00669700061409
415	0.00173590124221
416	0.00187612724785
410	0.00256275113752
920	0.000749483823238
921	0.00726757539566
923	0.000826849895314
418	0.00148446150796
925	0.00169238282667
926	0.00214690850011
927	0.00397468195291
319	0.00525605752167
318	0.0024370312704
313	0.00187129186834
311	0.00106861887055
310	0.00319135047314
316	0.00154248606202
832	0.001015429696
830	0.0197573606565
835	0.00523671600366
838	0.00261110493257
369	0.00344762558689
364	0.00180359655528
362	0.000739813064228
360	0.000865532931352
380	0.0016295228931
381	0.00221943919269
383	0.010691024085
386	0.000696294648686
388	0.0026449525891
389	0.000773660720762
783	0.0029447461184
789	0.00143127233341
573	0.00103960659352
577	0.00509165461851
153	0.00279484935375
575	0.000836520654324
61	0.0017310658627
64	0.00235482981882
65	0.00330739958126
66	0.00175040738072
67	0.00103477121402
253	0.0104250782123
250	0.00420678016914
257	0.00440503072884
499	0.0030511244675
731	0.00329772882225
737	0.00157149833905
506	0.00339927179185
738	0.000967075900952
505	0.00443887838537
502	0.0041632617536
500	0.00453075059596
630	0.0017310658627
631	0.00100575893699
633	0.00148929688747
469	0.00296892301592
638	0.00247571430644
168	0.000807508377295
164	0.00188579800686
165	0.00272231866118
166	0.00159083985707
167	0.00172139510369
160	0.00469998887863
966	0.0089357813248
963	0.00151830916449
969	0.00693393420983
909	0.00346213172541
879	0.00585080920076
873	0.000807508377295
870	0.000884874449371
891	0.00563805250255
894	0.00258692803505
356	0.00169721820617
809	0.000759154582247
353	0.00171172434469
216	0.000807508377295
214	0.000851026792838
769	0.00161985213409
762	0.00246120816792
763	0.000793002238781
761	0.00449690293943
764	0.000754319202743
765	0.00259176341455
40	0.000860697551847
4	0.000875203690362
281	0.00293023997988
280	0.00139742467688
284	0.00581212616472
674	0.00295441687741
670	0.00470965963764
671	0.00486922716129
672	0.00250956196297
260	0.00184227959131
267	0.000763989961752
264	0.00200184711497
268	0.000778496100266
58	0.00403270650697
52	0.000981582039466
535	0.000909051346895
534	0.00186645648884
532	0.00136841239985
530	0.00327838730423
988	0.00278517859474
200	0.000933228244419
987	0.0013200586048
984	0.00247087892693
117	0.00574926623116
776	0.000884874449371
112	0.00150380302598
118	0.00188096262735
773	0.000759154582247
429	0.00156666295954
428	0.000899380587885
918	0.00145061385143
915	0.000783331479771
420	0.00144577847192
423	0.000691459269181
422	0.000894545208381
424	0.00214690850011
912	0.000826849895314
309	0.00080267299779
305	0.00181326731429
301	0.00459361052952
302	0.00090421596739
303	0.00299793529295
952	0.000696294648686
846	0.00161985213409
845	0.00240318361387
844	0.00545914346087
842	0.00310431364206
840	0.00102510045501
849	0.0075190151299
377	0.000933228244419
568	0.00369906532114
569	0.00146028461044
754	0.00131522322529
561	0.00249022044495
758	0.000889709828876
566	0.000841356033828
228	0.00190030414537
226	0.000855862172343
223	0.000662446992152
724	0.00321069199116
723	0.00525605752167
720	0.00106861887055
605	0.000947734382933
607	0.00483054412526
157	0.00463712894507
602	0.000894545208381
609	0.00104927735253
958	0.000976746659962
48	0.000841356033828
951	0.00247571430644
950	0.00100575893699
45	0.00218559153615
955	0.00749483823238
954	0.0194188840911
957	0.00221943919269
956	0.00146511998994
5	0.00582663230324
488	0.00397951733242
485	0.000681788510171
482	0.000749483823238
472	0.00170688896518
