199	0.00361686386956
344	0.000691459269181
347	0.00497077013089
343	0.00059958705859
812	0.00224361609021
817	0.00289639232335
719	0.000585080920076
718	0.00123302177371
715	0.00281419087177
713	0.00127654018926
712	0.00340894255086
710	0.000594751679086
421	0.000725306925714
736	0.000778496100266
424	0.000643105474133
299	0.000614093197105
294	0.00247571430644
295	0.000686623889676
290	0.00190030414537
291	0.000705965407695
590	0.00268363562514
592	0.00907117195093
595	0.00138291853836
198	0.000662446992152
599	0.00147962612846
197	0.000647940853638
191	0.00128137556876
190	0.0007108007872
193	0.000691459269181
272	0.00204536553051
275	0.00286738004632
278	0.000676953130666
526	0.0007108007872
522	0.00120884487619
443	0.00314299667809
446	0.000657611612647
444	0.00974328970209
101	0.00141676619489
106	0.00129104632777
104	0.0122190040085
105	0.00308013674453
900	0.00210822546408
901	0.00459844590903
32	0.000778496100266
31	0.000778496100266
909	0.0071128432515
35	0.0103186998632
641	0.000734977684724
643	0.000715636166705
644	0.00131522322529
647	0.000763989961752
646	0.00222910995169
436	0.00473383653516
648	0.000715636166705
435	0.00258692803505
433	0.00209855470507
338	0.000560904022552
335	0.00371357145966
334	0.00621829804312
337	0.00466614122209
333	0.000759154582247
332	0.00530924669623
854	0.000628599335619
855	0.0177458427825
850	0.00255791575802
851	0.00254824499901
852	0.00185678572983
853	0.00141193081539
859	0.0025434096195
6	0.00195349331992
98	0.00131522322529
91	0.000565739402057
742	0.00194382256091
743	0.0026449525891
558	0.00265462334811
746	0.000647940853638
748	0.000783331479771
749	0.00363137000808
551	0.00134907088183
550	0.00147962612846
553	0.00130071708678
552	0.00369422994164
239	0.00188096262735
236	0.000643105474133
231	0.00125719867124
232	0.000725306925714
233	0.00302694756998
1	0.00264978796861
147	0.0006092578176
144	0.00326388116571
145	0.0014216015744
142	0.000768825341257
141	0.00139258929737
612	0.00342344868937
617	0.000763989961752
614	0.00260626955307
149	0.00147479074895
512	0.00399402347093
948	0.000614093197105
947	0.00219526229516
944	0.000725306925714
942	0.000643105474133
940	0.0019341518019
517	0.00070113002819
685	0.00135874164084
684	0.000560904022552
687	0.00123302177371
680	0.00315750281661
132	0.000691459269181
137	0.000686623889676
499	0.00474834267367
135	0.00494659323337
134	0.00133456474331
495	0.00130071708678
497	0.00201635325349
491	0.00206954242804
493	0.00124752791223
24	0.00176007813973
25	0.000556068643047
26	0.00322519812968
29	0.000686623889676
406	0.00131038784579
404	0.00134907088183
401	0.00132972936381
930	0.001523144544
409	0.00678887282468
136	0.000618928576609
379	0.00303178294948
828	0.0016295228931
371	0.00205020091002
373	0.00134907088183
377	0.0032542104067
704	0.00281902625128
707	0.000754319202743
700	0.00993670488228
702	0.000676953130666
703	0.000618928576609
392	0.0019293164224
395	0.00138775391787
82	0.000672117751162
398	0.00295441687741
86	0.000589916299581
795	0.000546397884038
791	0.00495142861287
790	0.00131038784579
586	0.000604422438095
587	0.000657611612647
582	0.00264978796861
580	0.000734977684724
581	0.00202118863299
589	0.000763989961752
245	0.000647940853638
246	0.00352015627947
249	0.00269330638415
248	0.0007108007872
515	0.0027464955587
418	0.000696294648686
511	0.00127170480975
513	0.00131038784579
1004	0.0112857757641
1003	0.00490307481783
514	0.00651809157242
1001	0.0022387807107
458	0.00271264790217
450	0.00134423550232
629	0.00661479916251
628	0.0035588393155
454	0.000614093197105
457	0.007108007872
176	0.00334124723779
175	0.00279968473326
173	0.000628599335619
977	0.000676953130666
976	0.000681788510171
654	0.000570574781562
978	0.00221460381318
656	0.00122818639421
180	0.00311881978057
2	0.00525122214217
187	0.00137324777935
184	0.00508681923901
188	0.0040665541635
189	0.00070113002819
658	0.00279968473326
659	0.00224361609021
650	0.00196316407893
868	0.000478702570971
12	0.00520286834712
15	0.00364104076708
14	0.0018277734528
17	0.00116049108114
16	0.00059958705859
863	0.00134423550232
862	0.000657611612647
865	0.000725306925714
866	0.0101591323395
880	0.00125719867124
886	0.00557035718948
885	0.000580245540571
322	0.00744164905783
323	0.000744648443733
326	0.000652776233143
324	0.00126686943025
329	0.00184711497082
775	0.00137808315886
200	0.00189063338636
777	0.00128621094827
202	0.0019341518019
771	0.000705965407695
770	0.00206954242804
773	0.000662446992152
772	0.000696294648686
209	0.00348630862293
779	0.00070113002819
77	0.00135390626133
72	0.000676953130666
71	0.00126686943025
663	0.00504330082347
660	0.00191481028389
769	0.000730142305219
692	0.000657611612647
693	0.00201635325349
696	0.000783331479771
695	0.0019293164224
698	0.000676953130666
542	0.00125236329173
543	0.00147479074895
540	0.00121368025569
541	0.00146995536945
546	0.00127170480975
547	0.000589916299581
544	0.00218075615665
8	0.000628599335619
995	0.00300760605196
994	0.0153910129637
997	0.000575410161066
996	0.00124269253272
991	0.0006092578176
990	0.000633434715124
120	0.00206470704853
122	0.00269330638415
125	0.0013200586048
126	0.0108796038857
127	0.00135874164084
415	0.000628599335619
416	0.000662446992152
920	0.002030859392
921	0.00452107983695
923	0.00296408763642
924	0.00205987166903
925	0.00266429410712
926	0.00312365516008
927	0.00193898718141
319	0.00590883375482
318	0.00472416577615
313	0.00146028461044
311	0.000754319202743
310	0.0007108007872
316	0.000589916299581
833	0.00125719867124
830	0.000667282371657
836	0.0146463645199
837	0.00671150675261
835	0.000614093197105
838	0.00372807759817
369	0.0011169726656
360	0.000527056366019
952	0.000647940853638
380	0.00200668249448
381	0.00147479074895
383	0.0014216015744
385	0.00193898718141
386	0.000638270094628
388	0.00192448104289
389	0.00876170766263
787	0.00212756698209
780	0.0021372377411
782	0.000691459269181
783	0.00130071708678
788	0.000734977684724
789	0.00187612724785
151	0.00123785715322
573	0.000551233263543
572	0.00271264790217
577	0.00616994424807
153	0.00566222940007
575	0.000551233263543
62	0.00070113002819
64	0.00379093753173
65	0.00131522322529
66	0.000705965407695
67	0.00265945872762
68	0.00344762558689
253	0.0026449525891
250	0.00537694200929
251	0.00126686943025
257	0.00137324777935
731	0.00277067245623
737	0.00207921318705
509	0.000623763956114
739	0.00170688896518
505	0.00330256420175
502	0.000686623889676
500	0.00144094309242
630	0.00206954242804
631	0.00190997490438
469	0.00414392023558
638	0.00343311944838
464	0.00130071708678
462	0.00343795482788
168	0.000575410161066
164	0.00241768975238
165	0.00337509489432
166	0.00473867191467
167	0.000604422438095
160	0.00129588170728
966	0.0053817773888
963	0.000633434715124
969	0.00138291853836
30	0.00737395374476
873	0.000739813064228
890	0.00346696710491
891	0.00251923272198
894	0.00146028461044
896	0.00122818639421
898	0.00120400949669
437	0.0012233510147
356	0.00200668249448
803	0.00070113002819
216	0.00343795482788
214	0.00462745818606
215	0.00125236329173
762	0.00381994980876
763	0.000739813064228
761	0.00273198942019
764	0.00330256420175
765	0.00211789622309
40	0.00728208153417
41	0.000730142305219
4	0.00204536553051
281	0.000725306925714
280	0.00131038784579
284	0.000546397884038
674	0.00133456474331
676	0.0082249805376
670	0.000589916299581
672	0.00227746374674
260	0.00149896764648
267	0.004061718784
264	0.000667282371657
269	0.00349597938194
268	0.000662446992152
58	0.000531891745524
56	0.00059958705859
53	0.00133456474331
52	0.000628599335619
537	0.00133940012282
535	0.000575410161066
534	0.00148446150796
532	0.00137324777935
531	0.000696294648686
530	0.000643105474133
538	0.00134423550232
201	0.00127654018926
988	0.00206954242804
987	0.000836520654324
984	0.00252406810148
114	0.00565739402057
117	0.00137808315886
776	0.00374741911619
111	0.00375225449569
113	0.000691459269181
112	0.00556552180998
207	0.00490791019733
429	0.000551233263543
428	0.00120400949669
915	0.000759154582247
423	0.00136841239985
910	0.0014216015744
427	0.00116532646065
912	0.000628599335619
308	0.002030859392
309	0.000633434715124
301	0.00135874164084
302	0.000725306925714
303	0.00133456474331
305	0.00453558597547
306	0.000522220986514
847	0.000696294648686
846	0.00558002794849
845	0.000643105474133
843	0.000754319202743
842	0.00851510330788
840	0.000676953130666
849	0.00265945872762
568	0.00177941965775
569	0.000715636166705
754	0.000778496100266
561	0.00383929132678
759	0.00521253910613
758	0.00126203405074
565	0.00431315851825
566	0.00151830916449
506	0.00553167415345
229	0.00206470704853
228	0.00332190571977
220	0.010700694844
724	0.000614093197105
722	0.00189063338636
723	0.000628599335619
720	0.000647940853638
605	0.00192448104289
150	0.000734977684724
607	0.00126686943025
152	0.00204536553051
157	0.000715636166705
602	0.00070113002819
159	0.00410523719954
158	0.00239834823436
609	0.000662446992152
958	0.000652776233143
951	0.00300760605196
953	0.00131038784579
45	0.000628599335619
955	0.00541078966583
954	0.0143030525751
957	0.000705965407695
956	0.0013248939843
5	0.0028480385283
488	0.00204536553051
485	0.000614093197105
483	0.000730142305219
482	0.000556068643047
472	0.000652776233143
470	0.00141193081539
476	0.000691459269181
