344	0.000754319202743
347	0.00461295204754
341	0.0007108007872
343	0.00275616631771
812	0.00211306084358
817	0.00292540460038
719	0.0019341518019
718	0.000720471546209
716	0.00133940012282
715	0.00473867191467
714	0.00137324777935
713	0.00322519812968
712	0.00134907088183
710	0.00134907088183
915	0.00303661832899
910	0.00290606308236
294	0.00252406810148
295	0.000672117751162
290	0.00249989120396
291	0.00729658767268
591	0.00326871654522
590	0.000623763956114
592	0.00124752791223
199	0.00126686943025
197	0.000720471546209
196	0.000715636166705
191	0.00312849053958
190	0.00125236329173
193	0.000633434715124
272	0.0006092578176
274	0.00114114956312
275	0.00140226005638
277	0.00176491351924
278	0.0007108007872
526	0.00913403188449
522	0.00138775391787
443	0.000899380587885
440	0.0126396820254
446	0.0032542104067
103	0.00134423550232
101	0.00451140907794
106	0.000638270094628
104	0.00130071708678
105	0.00618928576609
900	0.0100575893699
1003	0.000575410161066
904	0.00129588170728
32	0.011160055897
31	0.00589916299581
30	0.000594751679086
35	0.0039650111939
34	0.000623763956114
641	0.00140709543589
643	0.00278517859474
644	0.0062956641152
647	0.00256275113752
646	0.00148446150796
436	0.000560904022552
648	0.00465163508358
435	0.0006092578176
433	0.0168609683331
335	0.00176974889874
334	0.00262077569158
337	0.0017310658627
45	0.000691459269181
333	0.00249505582446
332	0.00192448104289
558	0.00382478518827
854	0.000662446992152
855	0.00184227959131
850	0.000522220986514
851	0.00212273160259
852	0.00261110493257
853	0.00422612168716
859	0.00145544923093
6	0.00362169924907
98	0.00132972936381
91	0.00124269253272
90	0.00123302177371
92	0.000681788510171
95	0.00354433317699
96	0.00146028461044
742	0.00132972936381
743	0.000594751679086
745	0.0013248939843
748	0.00472416577615
749	0.000691459269181
550	0.00328805806324
553	0.00141676619489
552	0.000589916299581
239	0.000662446992152
236	0.000662446992152
231	0.00340894255086
233	0.000705965407695
1	0.00261110493257
147	0.00140226005638
144	0.00424062782567
145	0.0013200586048
142	0.00263528183009
143	0.000575410161066
612	0.000623763956114
563	0.00135874164084
617	0.00123785715322
948	0.000962240521447
947	0.00201151787398
944	0.00392632815787
517	0.000604422438095
685	0.000512550227505
684	0.000691459269181
687	0.00376676063421
686	0.00131038784579
680	0.00133456474331
682	0.00123785715322
132	0.00403270650697
137	0.000570574781562
136	0.00153281530301
135	0.000556068643047
134	0.00269814176366
497	0.000633434715124
491	0.00123785715322
493	0.00207437780754
24	0.00127170480975
25	0.000681788510171
29	0.00795419928533
404	0.00277067245623
401	0.00144094309242
930	0.0021324023616
409	0.00184227959131
828	0.000730142305219
371	0.00338476565333
373	0.0019293164224
823	0.00443887838537
704	0.00117016184015
706	0.0101059431649
707	0.00134907088183
700	0.000657611612647
702	0.00059958705859
703	0.00133456474331
392	0.0014264369539
395	0.000725306925714
176	0.00386830360381
82	0.000657611612647
398	0.0047773549507
86	0.000691459269181
796	0.000604422438095
795	0.000696294648686
791	0.00305595984701
790	0.000633434715124
586	0.00195349331992
587	0.000449690293943
582	0.000730142305219
580	0.000657611612647
581	0.00394566967588
588	0.00330256420175
245	0.000734977684724
246	0.00126203405074
249	0.00125236329173
924	0.011208409692
513	0.00465647046308
1004	0.0064020424643
515	0.00215657925912
514	0.000754319202743
1001	0.00205987166903
516	0.000652776233143
458	0.00529474055771
450	0.00271264790217
628	0.0066051284035
454	0.00389731588084
457	0.00265462334811
595	0.00262077569158
175	0.000638270094628
173	0.000652776233143
171	0.000585080920076
977	0.00189546876587
976	0.00202118863299
971	0.00126203405074
654	0.00180359655528
978	0.00522704524465
656	0.00133456474331
180	0.00350565014095
652	0.00398435271192
187	0.000720471546209
650	0.00207437780754
185	0.0019293164224
189	0.0051835268291
658	0.000618928576609
659	0.000652776233143
868	0.00486439178179
15	0.00327838730423
14	0.00190513952488
861	0.00128137556876
863	0.000759154582247
862	0.00694844034834
865	0.00210339008457
866	0.00267396486613
880	0.00659062226499
886	0.000430348775924
885	0.00569607705661
356	0.00334608261729
322	0.000705965407695
321	0.000947734382933
326	0.00212273160259
324	0.00119433873768
325	0.00141676619489
329	0.00132972936381
201	0.00331707034027
200	0.00144577847192
777	0.00466130584259
776	0.0006092578176
771	0.00420194478964
770	0.00070113002819
773	0.00204053015101
772	0.0014264369539
209	0.0013248939843
779	0.00120884487619
77	0.00414392023558
75	0.00185195035032
72	0.000734977684724
71	0.000647940853638
78	0.0019293164224
663	0.00194382256091
660	0.000676953130666
215	0.00136841239985
692	0.00117016184015
693	0.00144094309242
696	0.0019341518019
697	0.000652776233143
698	0.00189063338636
542	0.000691459269181
543	0.0154925559333
540	0.0006092578176
541	0.0013248939843
546	0.0006092578176
544	0.000570574781562
8	0.000643105474133
995	0.0020356947715
994	0.00255791575802
997	0.00143610771291
996	0.0105314565614
991	0.00124752791223
990	0.000720471546209
120	0.00194382256091
122	0.00486922716129
125	0.00346213172541
126	0.00070113002819
127	0.00329772882225
415	0.00303661832899
416	0.00184227959131
410	0.00575893699017
920	0.00455976287299
921	0.0014264369539
923	0.00140709543589
418	0.00131522322529
925	0.00132972936381
926	0.000638270094628
927	0.0138920453172
319	0.00662446992152
318	0.00177941965775
313	0.00453075059596
311	0.000923557485409
316	0.000589916299581
833	0.00129104632777
830	0.00124269253272
836	0.00138775391787
837	0.000585080920076
835	0.000638270094628
838	0.00171172434469
369	0.00857312786194
365	0.00202118863299
360	0.000754319202743
380	0.00181326731429
381	0.000580245540571
383	0.00139258929737
385	0.000652776233143
386	0.00210339008457
388	0.00279968473326
389	0.000536727125028
787	0.0026449525891
780	0.00596202292937
782	0.00116532646065
783	0.000676953130666
789	0.00080267299779
605	0.00130071708678
573	0.00138291853836
572	0.00316233819611
577	0.00326388116571
575	0.00273198942019
61	0.00579762002621
62	0.00140709543589
64	0.00134423550232
65	0.00251439734248
66	0.00449206755992
67	0.00252890348099
68	0.002030859392
253	0.000633434715124
250	0.00197283483794
256	0.00328805806324
257	0.000623763956114
255	0.000749483823238
499	0.00249989120396
731	0.00256275113752
737	0.00134907088183
509	0.000633434715124
739	0.00336058875581
738	0.00524638676267
505	0.00340894255086
502	0.000744648443733
500	0.0032542104067
630	0.00193898718141
631	0.00339443641234
633	0.00499494702842
469	0.000662446992152
638	0.00137808315886
464	0.00417293251261
462	0.000643105474133
168	0.00129588170728
164	0.00806057763444
165	0.000560904022552
167	0.00188579800686
160	0.00308013674453
966	0.0019341518019
963	0.00113631418362
969	0.00121368025569
873	0.00124269253272
870	0.00198250559695
890	0.000744648443733
891	0.00307046598552
894	0.00380544367025
896	0.000580245540571
898	0.00413424947657
437	0.000628599335619
951	0.00249505582446
353	0.00332674109928
803	0.00115565570164
216	0.000647940853638
214	0.000638270094628
769	0.00191481028389
762	0.0006092578176
763	0.00132972936381
761	0.000647940853638
764	0.00090421596739
765	0.00205987166903
41	0.00814761446552
4	0.000672117751162
281	0.00199701173547
280	0.00139742467688
284	0.00327838730423
674	0.00143127233341
676	0.00321552737067
672	0.000560904022552
260	0.000691459269181
267	0.000647940853638
264	0.000647940853638
269	0.00133940012282
268	0.000667282371657
58	0.000420678016914
56	0.00207437780754
53	0.00139742467688
52	0.00144094309242
537	0.000705965407695
535	0.00285770928731
534	0.00134907088183
532	0.00245153740891
538	0.000546397884038
775	0.00191964566339
988	0.00576860774918
774	0.00205987166903
987	0.00200184711497
984	0.0027464955587
114	0.000652776233143
117	0.00433250003627
202	0.00453558597547
111	0.00120400949669
112	0.000546397884038
207	0.00119433873768
429	0.00131522322529
428	0.00139742467688
421	0.00200668249448
420	0.00128621094827
423	0.00126203405074
422	0.00202118863299
911	0.000657611612647
424	0.00181326731429
427	0.00219042691566
912	0.00121368025569
308	0.00525122214217
309	0.000628599335619
302	0.000604422438095
303	0.00536727125028
305	0.000604422438095
847	0.000720471546209
846	0.0089406167043
845	0.000623763956114
844	0.00252406810148
843	0.00139742467688
842	0.00108312500907
840	0.00392632815787
849	0.000672117751162
377	0.000638270094628
569	0.00602488286293
754	0.000672117751162
561	0.00137324777935
759	0.00418260327162
758	0.00131522322529
565	0.00478219033021
566	0.00268363562514
506	0.00145544923093
228	0.00428898162072
223	0.000730142305219
220	0.00198734097646
724	0.000734977684724
723	0.000647940853638
720	0.00134907088183
151	0.00324453964769
150	0.00070113002819
607	0.000449690293943
152	0.00941931927527
157	0.00194865794042
602	0.000604422438095
158	0.0011169726656
634	0.000386830360381
958	0.000623763956114
46	0.00124269253272
950	0.000676953130666
953	0.000652776233143
952	0.00544463732236
955	0.00265945872762
40	0.0074126367808
956	0.00128137556876
5	0.00190997490438
485	0.00138775391787
483	0.000623763956114
482	0.000623763956114
472	0.00128621094827
470	0.000681788510171
476	0.000633434715124
479	0.000797837618285
