344	0.000865532931352
0	0.00323486888868
347	0.000918722105904
343	0.00318651509364
817	0.00070113002819
719	0.00150863840549
718	0.000817179136305
716	0.000734977684724
712	0.000783331479771
710	0.00227262836724
421	0.00155699220053
295	0.00390698663985
292	0.00145544923093
293	0.00167304130865
290	0.000754319202743
591	0.00150380302598
590	0.00323486888868
592	0.0109763114758
199	0.00317684433463
198	0.00230164064427
195	0.00176491351924
197	0.000831685274819
190	0.000788166859276
193	0.0145061385143
192	0.000831685274819
270	0.00616027348906
272	0.000851026792838
274	0.000754319202743
275	0.000855862172343
277	0.00577344312868
278	0.015710148011
526	0.000618928576609
522	0.00155699220053
443	0.0032493750272
440	0.00153281530301
446	0.00251439734248
444	0.00319618585265
103	0.000783331479771
101	0.00154248606202
107	0.000744648443733
105	0.00646490239786
900	0.000836520654324
901	0.00164402903162
907	0.000715636166705
32	0.000633434715124
31	0.00312849053958
30	0.000841356033828
35	0.0031526674371
34	0.000817179136305
641	0.00326388116571
643	0.000725306925714
644	0.00231614678278
437	0.00316717357562
435	0.00282386163078
433	0.00584597382126
335	0.000841356033828
334	0.00379577291124
337	0.000807508377295
333	0.000681788510171
332	0.00820080364007
745	0.00191481028389
857	0.000822014515809
850	0.00156182758004
851	0.00135390626133
858	0.000768825341257
6	0.00358301621303
98	0.000822014515809
91	0.00139258929737
90	0.000763989961752
96	0.00512550227505
742	0.00172139510369
743	0.00206470704853
558	0.00452107983695
746	0.000846191413333
747	0.000797837618285
748	0.00115565570164
749	0.00154732144152
557	0.000855862172343
551	0.0017262304832
550	0.00080267299779
553	0.000860697551847
552	0.000681788510171
236	0.00372807759817
230	0.00169238282667
231	0.000923557485409
232	0.000846191413333
233	0.00249989120396
147	0.000759154582247
144	0.00155215682103
142	0.00090421596739
143	0.00165853517013
141	0.00233065292129
612	0.00182293807329
617	0.000754319202743
614	0.00165853517013
149	0.00543013118385
1004	0.00166337054964
948	0.000841356033828
947	0.000676953130666
944	0.00310914902156
945	0.000763989961752
940	0.000822014515809
517	0.00124752791223
685	0.00244670202941
684	0.00230647602377
686	0.00133456474331
680	0.00310914902156
682	0.0029447461184
133	0.00247571430644
132	0.00145061385143
499	0.00261110493257
134	0.0049804408899
495	0.00236450057783
493	0.00251439734248
24	0.00153765068251
25	0.00414392023558
26	0.00265945872762
401	0.00240318361387
400	0.00241285437288
933	0.000807508377295
931	0.00153281530301
936	0.0085296094464
409	0.00155699220053
379	0.00288188618484
371	0.000880039069866
373	0.0016295228931
372	0.000836520654324
823	0.000826849895314
704	0.00161018137509
707	0.00157633371855
702	0.00319618585265
392	0.00180843193478
82	0.00422128630766
83	0.00144094309242
399	0.000788166859276
790	0.000749483823238
798	0.00403754188647
586	0.000643105474133
584	0.00306079522651
582	0.00330739958126
580	0.00166337054964
581	0.000696294648686
589	0.000788166859276
245	0.00543013118385
246	0.00814761446552
187	0.00374741911619
249	0.00237417133684
924	0.00228713450575
511	0.00161018137509
513	0.00476768419169
512	0.00236450057783
515	0.000725306925714
514	0.00718053856457
1001	0.00230164064427
516	0.00080267299779
458	0.00272231866118
624	0.000676953130666
450	0.00310914902156
629	0.00357334545402
628	0.00154248606202
454	0.00165369979063
456	0.00298826453394
595	0.00688074503527
173	0.00282386163078
171	0.000623763956114
977	0.000754319202743
976	0.000855862172343
972	0.00220493305417
971	0.00246120816792
657	0.00371357145966
979	0.00301727681097
978	0.00155699220053
599	0.00151347378499
2	0.000773660720762
653	0.000865532931352
650	0.000754319202743
188	0.00198734097646
189	0.00465647046308
659	0.00890676904777
184	0.00163435827261
13	0.000880039069866
12	0.00080267299779
15	0.000860697551847
17	0.000725306925714
16	0.000817179136305
863	0.00100092355749
862	0.000788166859276
866	0.00236933595733
883	0.000826849895314
881	0.00622313342263
886	0.00232581754179
885	0.00399885885044
322	0.000860697551847
320	0.00230164064427
321	0.000822014515809
327	0.000831685274819
324	0.00363620538758
329	0.00551716801493
775	0.00240318361387
774	0.0009138867264
202	0.00202602401249
771	0.00227746374674
773	0.000715636166705
772	0.000763989961752
209	0.00303178294948
208	0.000773660720762
77	0.000788166859276
75	0.00387797436282
73	0.00070113002819
72	0.00171172434469
78	0.00307530136503
663	0.000734977684724
660	0.0161453321664
692	0.000841356033828
693	0.000768825341257
694	0.000870368310857
695	0.00159567523657
698	0.000928392864914
542	0.000744648443733
543	0.00262561107108
540	0.000623763956114
541	0.00171655972419
546	0.0016295228931
547	0.00596685830887
548	0.0024418666499
994	0.0016246875136
997	0.000773660720762
996	0.00496593475139
991	0.00161018137509
990	0.00145061385143
120	0.00219526229516
122	0.00330256420175
126	0.00708866635398
127	0.00642621936183
415	0.00139742467688
416	0.000778496100266
410	0.000855862172343
920	0.00320585661166
921	0.00154732144152
922	0.000880039069866
923	0.0177168305054
418	0.00163919365211
925	0.00232098216229
926	0.00306563060602
927	0.00474350729417
319	0.00164886441112
313	0.000797837618285
311	0.000807508377295
310	0.00171172434469
316	0.00224845146971
832	0.00149413226697
833	0.00969493590705
830	0.00220009767467
837	0.000851026792838
835	0.00151347378499
838	0.000730142305219
369	0.000817179136305
364	0.00316717357562
365	0.0020356947715
362	0.000541562504533
360	0.0016295228931
381	0.00404721264548
383	0.00306563060602
388	0.000759154582247
782	0.000556068643047
783	0.0018326088323
788	0.00241768975238
789	0.000783331479771
573	0.000793002238781
572	0.00666315295756
577	0.00342828406888
153	0.00161018137509
575	0.00475317805318
61	0.00389731588084
62	0.00161501675459
65	0.00336058875581
67	0.0041632617536
253	0.00317684433463
250	0.00373291297768
256	0.0008123437568
257	0.00159567523657
731	0.00415359099459
508	0.0013248939843
506	0.00372807759817
738	0.000831685274819
505	0.00170205358568
502	0.00269330638415
500	0.00161501675459
630	0.0013248939843
631	0.00414875561508
633	0.000657611612647
469	0.00790101011078
638	0.000686623889676
464	0.00161018137509
462	0.0313187530523
168	0.00307046598552
164	0.00371840683916
165	0.000759154582247
166	0.000783331479771
167	0.000783331479771
160	0.000880039069866
966	0.00651325619291
963	0.00352015627947
969	0.0016246875136
935	0.000647940853638
909	0.00650842081341
879	0.00157149833905
873	0.00080267299779
870	0.00080267299779
891	0.00208404856655
894	0.00395050505539
898	0.00134907088183
648	0.00295441687741
356	0.000860697551847
809	0.000681788510171
353	0.00248538506545
216	0.000759154582247
769	0.000754319202743
762	0.000691459269181
763	0.00151830916449
761	0.00183744421181
764	0.00484021488427
40	0.00316717357562
41	0.00280452011276
4	0.00155215682103
285	0.00155215682103
284	0.00166820592914
679	0.000647940853638
670	0.00163435827261
671	0.000841356033828
672	0.00392632815787
576	0.000652776233143
260	0.00866016469303
264	0.001523144544
268	0.000536727125028
58	0.000822014515809
56	0.000817179136305
537	0.00146511998994
534	0.00127654018926
531	0.00263528183009
530	0.00220976843368
538	0.00234999443931
988	0.00328322268373
200	0.00634885328975
987	0.00134907088183
984	0.00257242189653
117	0.000822014515809
776	0.00319135047314
113	0.00158116909806
118	0.000705965407695
207	0.00135874164084
429	0.000778496100266
428	0.00206954242804
915	0.000773660720762
422	0.00090421596739
424	0.000705965407695
427	0.00511583151604
912	0.000923557485409
308	0.000822014515809
301	0.000778496100266
303	0.000836520654324
305	0.000696294648686
181	0.00460811666804
847	0.00143127233341
846	0.000696294648686
845	0.00259659879406
844	0.00572508933364
842	0.00228713450575
840	0.00567673553859
955	0.000836520654324
849	0.00163435827261
377	0.000841356033828
568	0.00423579244617
569	0.00229680526476
737	0.00233065292129
754	0.00312365516008
561	0.0138388561426
759	0.000942899003428
758	0.00163919365211
565	0.000754319202743
229	0.0008123437568
228	0.000841356033828
226	0.00090421596739
223	0.000759154582247
722	0.00224361609021
720	0.00931294092617
605	0.000734977684724
150	0.000831685274819
607	0.00449690293943
152	0.00433250003627
157	0.000773660720762
602	0.000793002238781
159	0.000783331479771
609	0.00250472658347
634	0.000788166859276
48	0.000749483823238
951	0.000788166859276
950	0.00734010608823
952	0.0166627177734
42	0.000788166859276
954	0.00242736051139
957	0.00155215682103
956	0.00442437224686
5	0.00155699220053
488	0.00155215682103
485	0.000681788510171
482	0.000667282371657
472	0.00180359655528
