216	0.00312365516008
214	0.00107828962956
952	0.00447756142141
762	0.00124752791223
872	0.00127170480975
450	0.00104444197303
761	0.00175040738072
663	0.000967075900952
662	0.00492725171535
764	0.000957405141943
954	0.0016246875136
133	0.00359268697204
769	0.0017310658627
137	0.00107828962956
136	0.00442920762636
135	0.0123689007732
134	0.00206470704853
35	0.000875203690362
139	0.00352499165897
491	0.00306563060602
493	0.00226295760823
24	0.0023354883008
693	0.0185485157803
92	0.00102993583451
696	0.00202602401249
95	0.00226779298773
927	0.0012185156352
28	0.00248538506545
29	0.000938063623924
42	0.000962240521447
344	0.0013200586048
543	0.000759154582247
540	0.0010202650755
546	0.00125719867124
547	0.00238867747535
401	0.00207437780754
343	0.00300760605196
810	0.0022339453312
280	0.00329289344274
812	0.0011169726656
936	0.00187612724785
935	0.00115565570164
934	0.0031526674371
994	0.00110246652709
997	0.00725790463665
996	0.0041680971331
990	0.00171655972419
719	0.00709833711299
718	0.00409073106103
674	0.00105894811154
716	0.00425996934369
670	0.00113147880411
712	0.00358785159253
299	0.000870368310857
421	0.000870368310857
260	0.00169721820617
267	0.00188579800686
333	0.00120884487619
126	0.00251923272198
264	0.00103477121402
2	0.000865532931352
409	0.00218559153615
364	0.00471449501714
58	0.00111213728609
528	0.00291573384137
56	0.00241768975238
855	0.00163435827261
52	0.000793002238781
416	0.00191481028389
534	0.00178425503726
427	0.00110246652709
531	0.018785449376
530	0.00119433873768
920	0.0133553181921
824	0.00252890348099
294	0.0128621094827
923	0.000865532931352
292	0.00302694756998
293	0.000928392864914
823	0.00814277908602
291	0.00248538506545
591	0.00147962612846
988	0.00291089846187
318	0.000962240521447
595	0.00273682479969
594	0.000918722105904
774	0.000676953130666
704	0.00209371932556
957	0.00112664342461
980	0.000996088177981
310	0.00242252513188
700	0.00177458427825
987	0.00217592077714
984	0.00612159045303
985	0.00105411273204
392	0.00563321712305
272	0.00398918809143
275	0.00552683877394
112	0.00549782649691
278	0.00423579244617
83	0.00247571430644
399	0.00310431364206
398	0.00651809157242
86	0.00214690850011
832	0.00104444197303
796	0.00109763114758
883	0.00080267299779
837	0.00155215682103
791	0.00318167971413
835	0.00328805806324
838	0.00435184155428
581	0.000933228244419
429	0.00100092355749
428	0.000822014515809
526	0.00593301065234
197	0.00229680526476
523	0.00070113002819
915	0.00240801899337
423	0.00753835664792
592	0.00207437780754
362	0.00597652906788
424	0.0011169726656
360	0.00222910995169
361	0.000880039069866
586	0.00374258373668
977	0.00214690850011
582	0.00222910995169
580	0.00158600447756
25	0.0103090291041
301	0.00560420484602
302	0.00126686943025
440	0.00268363562514
305	0.00593301065234
306	0.00100092355749
245	0.00176491351924
371	0.00112664342461
383	0.00125236329173
241	0.00108796038857
445	0.00108312500907
921	0.00398435271192
388	0.00202602401249
703	0.00103960659352
249	0.00514000841356
107	0.00313332591908
104	0.00330739958126
105	0.00637786556678
784	0.00299309991345
846	0.00685173275825
844	0.0135777456494
852	0.0012185156352
782	0.00352015627947
783	0.00509165461851
418	0.00225812222872
31	0.00400369422994
789	0.00103477121402
849	0.00247571430644
374	0.00198734097646
641	0.00137324777935
640	0.00409556644053
643	0.00400852960945
246	0.00101059431649
377	0.00219042691566
647	0.00531891745524
648	0.00130071708678
513	0.0163967719006
512	0.00544463732236
432	0.0331368557461
542	0.00337993027383
1001	0.000860697551847
516	0.000957405141943
151	0.00286738004632
200	0.00229196988526
338	0.000981582039466
624	0.00395534043489
573	0.00178909041676
334	0.00215657925912
337	0.00551233263543
628	0.00113631418362
499	0.000942899003428
742	0.000865532931352
631	0.00227746374674
332	0.00105894811154
61	0.00102993583451
62	0.00323003350918
743	0.00295441687741
65	0.00156182758004
67	0.0011169726656
68	0.00225812222872
199	0.000783331479771
250	0.00566706477958
251	0.00240318361387
256	0.00519319758811
629	0.00117016184015
171	0.0013248939843
170	0.00178909041676
854	0.00256275113752
976	0.00400369422994
857	0.0115323801189
850	0.00104927735253
851	0.0076205580995
971	0.00605873051947
0	0.00108796038857
745	0.000860697551847
185	0.00123785715322
862	0.00404721264548
926	0.000754319202743
978	0.0043663476928
656	0.00634401791025
313	0.0026401172096
180	0.000788166859276
732	0.00212273160259
187	0.00157149833905
737	0.00217108539764
6	0.00182293807329
738	0.000865532931352
188	0.00592333989333
189	0.000991252798476
502	0.00864565855451
311	0.000870368310857
658	0.00363137000808
630	0.00632467639223
847	0.00111213728609
196	0.00737878912426
469	0.00364587614659
544	0.00318651509364
191	0.00188579800686
466	0.0023403236803
772	0.00103960659352
566	0.00107828962956
462	0.00349597938194
98	0.0028432031488
168	0.00102993583451
553	0.00151347378499
885	0.00109763114758
228	0.00412941409707
164	0.00573959547215
165	0.00118950335817
309	0.00119917411718
40	0.00148446150796
160	0.00117016184015
97	0.00230647602377
220	0.00352499165897
868	0.001015429696
881	0.00523671600366
15	0.00297375839543
841	0.000793002238781
17	0.00444854914438
963	0.00265462334811
840	0.00293507535939
865	0.00504330082347
866	0.0022387807107
709	0.000855862172343
724	0.00216141463863
722	0.00166820592914
500	0.00218075615665
720	0.00104444197303
32	0.00232098216229
587	0.000884874449371
817	0.00430832313874
470	0.00179876117577
110	0.00108312500907
605	0.000962240521447
150	0.00357334545402
607	0.000705965407695
152	0.00248538506545
886	0.00228229912625
746	0.00346696710491
602	0.00249022044495
551	0.00244670202941
550	0.00103960659352
599	0.00215174387962
82	0.00481603798674
633	0.00125719867124
239	0.00106861887055
236	0.00121368025569
230	0.000778496100266
231	0.00246604354743
233	0.000560904022552
958	0.0008123437568
381	0.00113147880411
879	0.00115082032213
950	0.00209855470507
953	0.00107345425006
45	0.00539628352731
955	0.00788166859276
873	0.00114114956312
870	0.00250472658347
1	0.00107345425006
321	0.0014264369539
5	0.00813794370651
327	0.0169383344052
324	0.00174557200122
329	0.000918722105904
335	0.00125719867124
644	0.00415842637409
147	0.00210339008457
776	0.0013248939843
771	0.00184227959131
207	0.00265462334811
141	0.00227262836724
898	0.00170205358568
208	0.0212998467185
290	0.000870368310857
614	0.00443887838537
77	0.00219526229516
685	0.0054833203584
74	0.000971911280457
209	0.00219526229516
510	0.00144094309242
485	0.0260917078077
248	0.000933228244419
482	0.00148446150796
78	0.000918722105904
435	0.00126203405074
692	0.00293023997988
947	0.0007108007872
790	0.00215174387962
940	0.00127170480975
472	0.000739813064228
356	0.00280935549227
809	0.0010202650755
471	0.00244670202941
477	0.000976746659962
157	0.00268847100465
803	0.00484988564327
802	0.000918722105904
687	0.0011169726656
572	0.00256758651703
680	0.00122818639421
