344	0.00080267299779
347	0.0041632617536
343	0.00161985213409
812	0.0024370312704
817	0.00201151787398
719	0.0015279799235
718	0.0008123437568
716	0.00130071708678
715	0.00261110493257
713	0.00226295760823
712	0.000730142305219
710	0.000768825341257
421	0.000720471546209
294	0.000749483823238
295	0.00150380302598
293	0.00373774835718
291	0.00249022044495
591	0.0105798103564
590	0.00315750281661
199	0.00178425503726
198	0.00173590124221
195	0.00250956196297
197	0.000793002238781
190	0.00564288788206
193	0.000759154582247
272	0.00314299667809
274	0.000768825341257
275	0.000884874449371
278	0.00558002794849
526	0.014177332708
522	0.00160534599558
443	0.00125236329173
440	0.00354433317699
446	0.00161985213409
444	0.00332674109928
103	0.00422128630766
101	0.000996088177981
106	0.00752868588891
104	0.000754319202743
105	0.000855862172343
900	0.000865532931352
901	0.000647940853638
907	0.000822014515809
32	0.00247087892693
31	0.0084329018563
30	0.00316233819611
35	0.000855862172343
34	0.00166337054964
643	0.00421645092815
644	0.00388280974232
646	0.00443404300587
435	0.000831685274819
433	0.00768825341257
338	0.0009138867264
335	0.000739813064228
334	0.0215416156937
337	0.00297859377493
45	0.0048788979203
333	0.000846191413333
332	0.00212273160259
854	0.000865532931352
857	0.00166820592914
851	0.00378126677272
852	0.00175524276023
858	0.00333157647878
859	0.00259659879406
6	0.00432766465676
98	0.000691459269181
91	0.000807508377295
90	0.00455976287299
92	0.0014264369539
742	0.000793002238781
743	0.00181810269379
558	0.00156666295954
746	0.00148929688747
748	0.000822014515809
749	0.000846191413333
557	0.00334608261729
551	0.00242736051139
550	0.00413424947657
553	0.00158116909806
552	0.00168271206766
239	0.00149413226697
236	0.00337993027383
233	0.000817179136305
1	0.00263528183009
147	0.00165369979063
144	0.00474350729417
142	0.00178425503726
141	0.000793002238781
612	0.00164886441112
617	0.000836520654324
614	0.000841356033828
149	0.00234515905981
1004	0.0048740625408
948	0.000763989961752
947	0.000831685274819
944	0.000836520654324
940	0.00150380302598
685	0.0018277734528
684	0.000836520654324
687	0.00155215682103
686	0.0046709766016
680	0.000754319202743
683	0.00287705080533
682	0.00215174387962
132	0.00258692803505
137	0.00206954242804
136	0.00180843193478
135	0.000614093197105
134	0.00522220986514
497	0.000846191413333
491	0.00090421596739
24	0.00161501675459
25	0.00586531533927
26	0.00190030414537
29	0.00129104632777
406	0.00161018137509
401	0.00358301621303
933	0.00259176341455
930	0.00204536553051
936	0.000899380587885
409	0.000744648443733
379	0.00755769816594
828	0.00151347378499
371	0.00116049108114
372	0.00217592077714
377	0.0017310658627
704	0.00164886441112
707	0.00164886441112
700	0.00234999443931
392	0.00156182758004
82	0.00524638676267
399	0.000691459269181
398	0.0034524609664
86	0.000749483823238
795	0.00239834823436
790	0.000826849895314
798	0.000444854914438
586	0.000875203690362
584	0.00415359099459
585	0.00234999443931
580	0.00311398440107
581	0.000889709828876
589	0.000773660720762
245	0.00421645092815
246	0.00372807759817
249	0.00169721820617
924	0.000425513396419
511	0.00285287390781
513	0.0017310658627
512	0.000846191413333
514	0.0042696401027
517	0.000957405141943
516	0.00594268141135
458	0.00171172434469
624	0.00163919365211
629	0.00252890348099
628	0.00247571430644
454	0.00145061385143
456	0.00169238282667
457	0.00151830916449
595	0.00252406810148
175	0.00564288788206
976	0.000855862172343
971	0.000672117751162
656	0.000817179136305
599	0.00161018137509
180	0.00259176341455
2	0.00620862728411
187	0.00453558597547
650	0.000754319202743
185	0.00124269253272
658	0.000918722105904
184	0.00250472658347
868	0.00496593475139
12	0.00167304130865
14	0.00595718754987
17	0.000647940853638
16	0.00845707875383
861	0.0007108007872
863	0.000527056366019
862	0.000865532931352
865	0.000730142305219
866	0.000415842637409
883	0.00157633371855
880	0.00153765068251
886	0.00145061385143
885	0.00167787668815
356	0.00241285437288
322	0.00175040738072
323	0.00170688896518
321	0.00602488286293
326	0.00159083985707
327	0.00261594031208
324	0.000797837618285
329	0.00133456474331
775	0.000884874449371
774	0.000667282371657
202	0.000459361052952
771	0.00485955640228
770	0.00229680526476
207	0.00158116909806
772	0.000933228244419
209	0.00164886441112
208	0.000826849895314
779	0.0004061718784
77	0.00161985213409
75	0.000633434715124
72	0.00319618585265
71	0.00166820592914
663	0.000884874449371
662	0.00124269253272
660	0.00229196988526
692	0.000749483823238
693	0.00347180248442
696	0.00168754744716
695	0.0160582953353
698	0.000715636166705
542	0.00159083985707
543	0.000667282371657
546	0.00266429410712
547	0.00252890348099
544	0.00164886441112
548	0.000783331479771
997	0.000517385607009
996	0.0103670536582
993	0.00146511998994
120	0.00155699220053
125	0.00550749725592
126	0.00576377236967
415	0.000836520654324
416	0.00350081476145
920	0.0023354883008
921	0.00246120816792
923	0.00695327572785
418	0.000749483823238
925	0.00246604354743
926	0.00161018137509
927	0.000793002238781
319	0.000918722105904
318	0.00239834823436
313	0.00157149833905
311	0.000846191413333
310	0.0185049973647
316	0.00781397327969
832	0.00159567523657
833	0.00316233819611
830	0.00123785715322
835	0.000880039069866
838	0.000420678016914
369	0.00179876117577
365	0.000807508377295
362	0.00158600447756
360	0.00204536553051
380	0.00826366357364
381	0.000860697551847
383	0.00248538506545
386	0.0009138867264
388	0.00174557200122
783	0.001523144544
789	0.000793002238781
605	0.00551233263543
573	0.00432766465676
572	0.00578311388769
577	0.000788166859276
607	0.00154248606202
575	0.000773660720762
62	0.00151347378499
64	0.00417293251261
65	0.00165369979063
66	0.000957405141943
67	0.00369906532114
253	0.00409073106103
251	0.00515451455207
256	0.00484021488427
257	0.00170688896518
731	0.00235966519832
737	0.000870368310857
509	0.00574443085166
506	0.00248538506545
738	0.00314299667809
505	0.00446305528289
500	0.000899380587885
630	0.00177458427825
631	0.00249022044495
633	0.00329772882225
469	0.000851026792838
464	0.00431799389775
462	0.0008123437568
168	0.000899380587885
164	0.00318167971413
165	0.000676953130666
166	0.00147962612846
167	0.00488373329981
160	0.00748033209386
966	0.00181810269379
963	0.00635852404876
969	0.00347663786392
909	0.00766891189455
879	0.000826849895314
873	0.0009138867264
870	0.00557519256899
891	0.00157149833905
894	0.00176491351924
896	0.00156182758004
46	0.000744648443733
809	0.000817179136305
353	0.000759154582247
803	0.00318167971413
216	0.00245637278842
214	0.000662446992152
769	0.00171655972419
762	0.000725306925714
763	0.000667282371657
761	0.00239351285486
764	0.00239351285486
957	0.000826849895314
41	0.00252406810148
4	0.00128621094827
281	0.0100962724059
280	0.00332190571977
284	0.00326871654522
679	0.00469998887863
674	0.00427931086171
676	0.00156182758004
670	0.000793002238781
671	0.000880039069866
672	0.000807508377295
260	0.00262077569158
267	0.000991252798476
268	0.00205503628952
58	0.00059958705859
56	0.00147962612846
53	0.000623763956114
537	0.000681788510171
535	0.00173590124221
534	0.00234515905981
531	0.000763989961752
530	0.00331707034027
988	0.00243219589089
200	0.00249505582446
987	0.00164402903162
984	0.000884874449371
114	0.00608774279649
117	0.000793002238781
776	0.00317684433463
113	0.00119917411718
112	0.0007108007872
118	0.000981582039466
773	0.000831685274819
429	0.000778496100266
918	0.00161985213409
915	0.000759154582247
420	0.000831685274819
423	0.00148929688747
422	0.000841356033828
424	0.000899380587885
427	0.00250956196297
912	0.000411007257905
301	0.000841356033828
302	0.000667282371657
303	0.00687107427626
305	0.000788166859276
847	0.00770275955108
846	0.000647940853638
845	0.00251923272198
842	0.0021372377411
840	0.00318167971413
955	0.00685173275825
849	0.00407622492251
823	0.00144094309242
568	0.000817179136305
569	0.00492241633585
754	0.00166337054964
561	0.00253373886049
759	0.00161501675459
563	0.00309947826255
565	0.00330739958126
566	0.0105072796638
228	0.000773660720762
223	0.00179392579627
220	0.000822014515809
724	0.000822014515809
723	0.000783331479771
720	0.000870368310857
151	0.00100575893699
153	0.000831685274819
157	0.000860697551847
602	0.00473383653516
159	0.00376676063421
609	0.000894545208381
958	0.000788166859276
48	0.000725306925714
951	0.00265462334811
950	0.000783331479771
952	0.000759154582247
42	0.00245153740891
954	0.0171655972419
40	0.00308013674453
956	0.00154732144152
5	0.00465647046308
488	0.00318651509364
485	0.000734977684724
482	0.000725306925714
472	0.00150863840549
