344	0.000705965407695
0	0.00288672156434
347	0.000638270094628
343	0.00194382256091
810	0.00187612724785
812	0.000696294648686
817	0.00196799945844
719	0.000778496100266
718	0.000788166859276
716	0.000749483823238
713	0.00184711497082
712	0.0035588393155
711	0.00148929688747
710	0.00435184155428
421	0.0014264369539
295	0.00134423550232
292	0.000657611612647
291	0.00148446150796
591	0.00276583707672
590	0.00969493590705
592	0.00339443641234
595	0.00396984657341
594	0.00407622492251
596	0.00211789622309
599	0.00153765068251
197	0.000681788510171
191	0.0117838198531
190	0.00133456474331
193	0.00484988564327
192	0.000681788510171
270	0.0007108007872
272	0.0006092578176
274	0.00150863840549
277	0.0150428656393
526	0.000647940853638
528	0.00153765068251
443	0.000667282371657
440	0.00431799389775
446	0.00210822546408
444	0.00280452011276
103	0.00220493305417
101	0.000754319202743
107	0.00135390626133
105	0.00224361609021
900	0.00356851007451
907	0.000734977684724
31	0.00147479074895
30	0.000676953130666
35	0.00251439734248
34	0.00584597382126
641	0.00286254466682
643	0.000725306925714
644	0.00364104076708
646	0.000725306925714
437	0.00214690850011
435	0.00137324777935
433	0.00266912948663
335	0.00288672156434
334	0.00471933039665
337	0.000705965407695
333	0.00339927179185
332	0.000589916299581
745	0.00144577847192
854	0.0166482116349
855	0.00210339008457
857	0.00257242189653
850	0.000826849895314
851	0.000546397884038
852	0.00131522322529
858	0.00157633371855
859	0.000725306925714
6	0.00312365516008
98	0.001523144544
90	0.0006092578176
92	0.000672117751162
96	0.0034572963459
742	0.00148929688747
743	0.00161985213409
558	0.00399402347093
746	0.000657611612647
747	0.000580245540571
748	0.00194382256091
749	0.00156666295954
557	0.000855862172343
551	0.00128621094827
550	0.00146995536945
553	0.000696294648686
239	0.00348630862293
236	0.00219042691566
230	0.000841356033828
231	0.000638270094628
232	0.00155215682103
233	0.0007108007872
147	0.0014216015744
144	0.000720471546209
142	0.00321552737067
143	0.000734977684724
141	0.00128621094827
612	0.000807508377295
617	0.0015279799235
614	0.00293991073889
149	0.00225328684922
948	0.000696294648686
947	0.00232581754179
945	0.000744648443733
942	0.00115082032213
940	0.000763989961752
685	0.00346213172541
684	0.00219042691566
687	0.00342344868937
686	0.000343311944838
680	0.00125236329173
682	0.00263044645059
133	0.00351532089996
132	0.00191481028389
131	0.00136841239985
499	0.00344762558689
135	0.00191964566339
134	0.000846191413333
497	0.00321069199116
493	0.00197767021745
25	0.00269814176366
26	0.000720471546209
27	0.00353949779748
406	0.00236450057783
400	0.00224845146971
933	0.00199701173547
931	0.00211789622309
936	0.000725306925714
935	0.000647940853638
379	0.00972878356358
371	0.00137324777935
370	0.0021324023616
373	0.000667282371657
372	0.000628599335619
374	0.00149896764648
823	0.00070113002819
704	0.00137324777935
707	0.0012233510147
702	0.0007108007872
393	0.000768825341257
82	0.00328805806324
83	0.000623763956114
399	0.000488373329981
86	0.00265945872762
796	0.00420194478964
795	0.00106378349105
798	0.000415842637409
607	0.0014216015744
586	0.000720471546209
587	0.00580245540571
584	0.000715636166705
585	0.00337025951482
582	0.000372324221867
580	0.00217108539764
581	0.0014216015744
589	0.000705965407695
245	0.0013248939843
246	0.00529957593722
249	0.00786232707474
248	0.00215657925912
924	0.000604422438095
513	0.00197283483794
1004	0.00220976843368
515	0.00391665739886
514	0.00711767863101
516	0.00632467639223
458	0.00271748328168
624	0.000647940853638
450	0.00275616631771
629	0.000715636166705
628	0.00234515905981
454	0.00367488842362
456	0.00123785715322
199	0.000618928576609
175	0.00351048552046
173	0.0135245564748
198	0.00205020091002
977	0.000691459269181
976	0.000614093197105
972	0.000638270094628
971	0.000580245540571
657	0.00128137556876
654	0.00151347378499
979	0.00617477962758
978	0.00267880024564
195	0.000604422438095
180	0.00208404856655
181	0.000672117751162
187	0.0013248939843
184	0.000676953130666
188	0.00125236329173
189	0.000672117751162
658	0.00287705080533
659	0.00408106030202
13	0.00539628352731
15	0.000594751679086
14	0.00080267299779
17	0.000386830360381
16	0.000681788510171
863	0.000686623889676
862	0.000870368310857
865	0.00283353238979
866	0.000705965407695
883	0.000734977684724
881	0.00626181645866
886	0.00199701173547
885	0.0030511244675
322	0.000672117751162
320	0.000483537950476
321	0.00293507535939
326	0.000536727125028
327	0.000657611612647
324	0.00390215126034
329	0.00469515349912
200	0.00252890348099
776	0.00126686943025
771	0.000672117751162
770	0.00241768975238
207	0.00205987166903
772	0.000589916299581
209	0.0007108007872
208	0.0006092578176
77	0.00354916855649
73	0.000691459269181
72	0.00402787112747
78	0.000647940853638
663	0.00270297714316
662	0.00411007257905
660	0.000783331479771
653	0.000720471546209
692	0.0144191016832
693	0.00273198942019
696	0.000696294648686
697	0.000783331479771
694	0.000696294648686
695	0.00157633371855
698	0.000633434715124
542	0.000638270094628
543	0.00212273160259
540	0.000638270094628
541	0.00129588170728
546	0.0014216015744
547	0.00515934993158
544	0.00145061385143
548	0.00133940012282
994	0.00219526229516
997	0.00129104632777
996	0.00492241633585
991	0.000754319202743
990	0.00278034321524
120	0.000623763956114
122	0.00115082032213
126	0.0006092578176
127	0.0029447461184
2	0.00263044645059
415	0.00471449501714
416	0.00592817527284
410	0.00138775391787
920	0.00146511998994
921	0.00135874164084
922	0.000730142305219
923	0.00293507535939
418	0.000585080920076
925	0.00059958705859
926	0.0160244476788
927	0.0032542104067
319	0.00420678016914
318	0.00370390070065
311	0.0011218080451
310	0.000628599335619
832	0.000672117751162
833	0.00135390626133
830	0.0028432031488
837	0.00144577847192
835	0.0101011077854
838	0.00401820036846
369	0.000705965407695
364	0.00140709543589
365	0.000773660720762
362	0.000662446992152
360	0.00215657925912
380	0.00220493305417
381	0.00154732144152
383	0.00155215682103
388	0.000768825341257
784	0.00356851007451
783	0.00136357702034
788	0.000604422438095
789	0.0018277734528
573	0.00198250559695
572	0.000691459269181
577	0.00819596826057
576	0.000773660720762
575	0.00151830916449
61	0.00499978240792
62	0.00423579244617
65	0.00211306084358
253	0.00211789622309
250	0.000705965407695
256	0.00225812222872
731	0.00388764512183
508	0.00356851007451
736	0.00144577847192
506	0.000643105474133
738	0.000749483823238
505	0.00202118863299
502	0.0021372377411
500	0.0018326088323
630	0.00194382256091
631	0.00130555246629
633	0.000763989961752
469	0.00413908485607
638	0.00146028461044
464	0.000778496100266
467	0.00188096262735
168	0.000575410161066
164	0.00687590965577
165	0.000512550227505
166	0.000739813064228
167	0.0267299779023
160	0.00288188618484
966	0.00441953686735
963	0.000676953130666
969	0.000662446992152
409	0.00144094309242
909	0.000686623889676
879	0.00480153184823
873	0.00334124723779
891	0.00070113002819
894	0.000807508377295
898	0.00131038784579
648	0.000725306925714
356	0.000778496100266
809	0.00219526229516
353	0.00452591521646
216	0.0021372377411
214	0.0029447461184
769	0.000623763956114
762	0.00440019534933
763	0.00281419087177
764	0.00132972936381
765	0.00139258929737
957	0.00219042691566
956	0.00146511998994
4	0.000720471546209
280	0.00404721264548
285	0.00205503628952
284	0.00135874164084
679	0.00124269253272
670	0.00151347378499
671	0.00216141463863
672	0.000691459269181
260	0.00219042691566
267	0.001523144544
264	0.00290606308236
268	0.0019293164224
58	0.00884390911421
53	0.00141193081539
52	0.00138291853836
537	0.00136357702034
535	0.0028432031488
534	0.00115565570164
532	0.0014216015744
530	0.00219526229516
538	0.00143127233341
988	0.00256758651703
774	0.00209371932556
987	0.00559453408701
984	0.000739813064228
115	0.00210339008457
117	0.0011169726656
202	0.000691459269181
113	0.000754319202743
118	0.00141193081539
429	0.00215657925912
428	0.0013200586048
918	0.000768825341257
915	0.000633434715124
423	0.00118950335817
422	0.00150380302598
424	0.00120884487619
427	0.000430348775924
912	0.000783331479771
301	0.00070113002819
303	0.000696294648686
305	0.00341377793036
306	0.000725306925714
847	0.000580245540571
846	0.0022387807107
845	0.000720471546209
844	0.000667282371657
840	0.00132972936381
955	0.00462262280655
849	0.00575893699017
377	0.00251439734248
568	0.000783331479771
569	0.0067018359936
737	0.00252406810148
754	0.000667282371657
561	0.00418743865112
759	0.00191964566339
758	0.00108312500907
565	0.00283353238979
566	0.0177168305054
229	0.0007108007872
228	0.00140226005638
226	0.000725306925714
220	0.00147962612846
727	0.000720471546209
724	0.000734977684724
723	0.00290606308236
720	0.000725306925714
605	0.0107248717416
150	0.000730142305219
153	0.0027416601792
152	0.000696294648686
157	0.000560904022552
602	0.00422612168716
159	0.000696294648686
158	0.000589916299581
609	0.00070113002819
634	0.00281902625128
48	0.00134423550232
951	0.000749483823238
950	0.000875203690362
953	0.000720471546209
952	0.00632467639223
42	0.0138727037992
954	0.00070113002819
40	0.00497077013089
41	0.00208888394606
5	0.00390215126034
488	0.00130555246629
485	0.00143610771291
483	0.000826849895314
482	0.00117983259916
472	0.00144577847192
