344	0.0008123437568
0	0.00323003350918
347	0.000778496100266
343	0.00321069199116
817	0.000933228244419
719	0.00161018137509
718	0.000875203690362
716	0.000725306925714
712	0.000947734382933
710	0.00228713450575
915	0.000788166859276
295	0.00378126677272
292	0.00148929688747
293	0.00166337054964
290	0.000846191413333
591	0.00175524276023
590	0.00308013674453
592	0.0108360854702
595	0.00683239124023
198	0.00249022044495
195	0.00164886441112
197	0.000807508377295
190	0.000880039069866
193	0.014235357262
192	0.000841356033828
270	0.00570574781562
272	0.0008123437568
274	0.000652776233143
275	0.000763989961752
277	0.0054833203584
278	0.015260457717
526	0.000715636166705
522	0.00165369979063
599	0.00176491351924
443	0.00287705080533
440	0.00153765068251
446	0.00228229912625
444	0.00321552737067
103	0.000696294648686
101	0.00161985213409
107	0.000928392864914
105	0.0063004994947
900	0.000826849895314
901	0.00155215682103
907	0.000836520654324
32	0.000705965407695
31	0.00319618585265
30	0.000744648443733
35	0.00299793529295
34	0.0007108007872
641	0.00313816129859
643	0.0008123437568
644	0.00218559153615
648	0.00311881978057
435	0.00277550783573
433	0.00571541857463
335	0.000860697551847
334	0.00394083429638
337	0.00080267299779
333	0.000759154582247
332	0.00827816971215
745	0.0017262304832
857	0.000822014515809
850	0.00155215682103
851	0.00130071708678
858	0.000720471546209
6	0.00380060829074
98	0.000759154582247
91	0.00145544923093
90	0.000691459269181
96	0.00498527626941
742	0.00171655972419
743	0.00219526229516
558	0.00461295204754
746	0.000763989961752
747	0.000836520654324
748	0.00115565570164
749	0.00147479074895
557	0.000822014515809
551	0.00156182758004
550	0.000894545208381
553	0.000730142305219
552	0.000715636166705
236	0.00392149277836
230	0.00144094309242
231	0.000749483823238
232	0.000817179136305
233	0.00242736051139
147	0.000855862172343
144	0.00157633371855
142	0.000880039069866
143	0.00157633371855
141	0.00244670202941
612	0.00164886441112
617	0.000822014515809
614	0.001523144544
149	0.00598619982689
1004	0.00156666295954
948	0.000797837618285
947	0.000773660720762
944	0.0029447461184
945	0.000855862172343
940	0.0007108007872
517	0.00136357702034
685	0.00239351285486
684	0.00249505582446
686	0.00148446150796
680	0.00302211219048
682	0.00286738004632
133	0.00248538506545
132	0.00160051061608
499	0.00243219589089
134	0.00455976287299
495	0.00249022044495
493	0.00275616631771
24	0.00141676619489
25	0.00409556644053
26	0.00247571430644
401	0.0022339453312
400	0.00237900671634
933	0.000754319202743
931	0.00168271206766
936	0.00839421882026
935	0.000657611612647
379	0.00329289344274
371	0.000778496100266
373	0.00154732144152
372	0.000730142305219
823	0.000870368310857
704	0.00161501675459
707	0.00164402903162
702	0.00314299667809
392	0.00164886441112
82	0.0039650111939
83	0.00151830916449
399	0.000855862172343
790	0.000739813064228
798	0.00405688340449
586	0.000686623889676
584	0.00311398440107
582	0.00308497212404
580	0.00153765068251
581	0.000585080920076
589	0.000754319202743
245	0.0054833203584
246	0.00808958991146
249	0.00242252513188
418	0.00164886441112
511	0.00158600447756
513	0.00460811666804
512	0.00230164064427
515	0.000739813064228
514	0.0075190151299
1001	0.00228713450575
516	0.000734977684724
458	0.00267880024564
624	0.0008123437568
450	0.00319135047314
629	0.00357818083352
628	0.00167787668815
454	0.00154732144152
456	0.00317684433463
199	0.00322036275017
173	0.00317200895512
171	0.00070113002819
977	0.000894545208381
976	0.000841356033828
972	0.00233065292129
971	0.00238384209585
979	0.00316233819611
978	0.00149413226697
657	0.00340894255086
181	0.00469031811962
187	0.00367488842362
184	0.00160534599558
188	0.00184227959131
189	0.00486439178179
659	0.00855862172343
650	0.000749483823238
13	0.000870368310857
12	0.0008123437568
15	0.000691459269181
17	0.000831685274819
16	0.000754319202743
863	0.000696294648686
862	0.000778496100266
866	0.00250472658347
883	0.000788166859276
881	0.00646006701836
886	0.00239351285486
885	0.00409073106103
322	0.000826849895314
320	0.00255791575802
321	0.00080267299779
327	0.000822014515809
324	0.00362653462857
329	0.00561387560503
775	0.00231131140328
774	0.000831685274819
776	0.00319135047314
771	0.00243219589089
207	0.00161985213409
772	0.000846191413333
209	0.00317200895512
208	0.00090421596739
77	0.000884874449371
75	0.00403270650697
73	0.000846191413333
72	0.00150380302598
78	0.00302694756998
663	0.000826849895314
660	0.0161743444434
653	0.000715636166705
692	0.000831685274819
693	0.000773660720762
694	0.000788166859276
695	0.00146511998994
698	0.000928392864914
542	0.000788166859276
543	0.00245153740891
540	0.000754319202743
541	0.00160534599558
546	0.00165369979063
547	0.00623280418164
548	0.00252890348099
994	0.00147962612846
997	0.000778496100266
996	0.00491274557684
991	0.00151830916449
990	0.00154732144152
120	0.00228713450575
122	0.003046289088
126	0.00674535440914
127	0.00672117751162
2	0.000783331479771
415	0.00157633371855
416	0.000884874449371
410	0.00080267299779
920	0.00306079522651
921	0.00156666295954
922	0.000865532931352
923	0.0183502652206
924	0.00237417133684
925	0.00252890348099
926	0.00329289344274
927	0.0047725195712
319	0.0016246875136
313	0.000797837618285
311	0.000846191413333
310	0.00167787668815
316	0.00252406810148
832	0.00164402903162
833	0.00959822831695
830	0.00229680526476
837	0.00080267299779
835	0.00160051061608
838	0.000696294648686
369	0.000734977684724
364	0.00317684433463
365	0.00186645648884
362	0.000633434715124
360	0.00146995536945
381	0.0040665541635
383	0.00311881978057
388	0.000870368310857
782	0.000589916299581
783	0.00186162110933
788	0.0023354883008
789	0.000734977684724
573	0.000778496100266
572	0.00651325619291
577	0.00332674109928
607	0.00452107983695
575	0.00472416577615
61	0.00354916855649
62	0.00164886441112
65	0.00305595984701
67	0.00419710941013
253	0.00313332591908
250	0.00360235773105
256	0.000807508377295
257	0.00163435827261
731	0.00390698663985
737	0.00240801899337
506	0.00392149277836
738	0.000788166859276
505	0.00155699220053
502	0.00249989120396
500	0.00148446150796
630	0.00123785715322
631	0.00402303574796
633	0.000589916299581
469	0.00810893142948
638	0.000826849895314
464	0.00156182758004
462	0.0322036275017
168	0.00312849053958
164	0.00392149277836
165	0.000783331479771
166	0.000734977684724
167	0.000759154582247
160	0.000763989961752
966	0.0064987500544
963	0.00298342915444
969	0.00164886441112
409	0.00155699220053
909	0.00653259771093
879	0.00157633371855
873	0.0007108007872
870	0.000865532931352
891	0.00204053015101
894	0.00377643139322
898	0.00143610771291
437	0.00326871654522
356	0.000686623889676
809	0.000720471546209
353	0.00249505582446
216	0.000676953130666
769	0.000730142305219
762	0.000851026792838
763	0.00154732144152
761	0.00210339008457
764	0.00465647046308
957	0.00147962612846
41	0.00261594031208
4	0.00167787668815
285	0.00180843193478
284	0.00168271206766
679	0.000647940853638
670	0.00157633371855
671	0.000860697551847
672	0.00412457871756
576	0.000734977684724
260	0.00844740799482
264	0.00156182758004
268	0.000681788510171
58	0.000841356033828
56	0.000938063623924
537	0.00141676619489
534	0.00119917411718
531	0.00248054968594
530	0.00244670202941
538	0.00239834823436
988	0.00303661832899
200	0.00655193922895
987	0.00160051061608
984	0.00255791575802
117	0.000662446992152
202	0.00210822546408
113	0.00153281530301
118	0.000633434715124
773	0.000846191413333
429	0.000807508377295
428	0.00204053015101
421	0.00153765068251
422	0.000788166859276
424	0.000822014515809
427	0.00479669646872
912	0.000797837618285
308	0.000831685274819
301	0.000957405141943
303	0.000725306925714
305	0.000652776233143
847	0.00153281530301
846	0.000623763956114
845	0.00254824499901
844	0.00562838174354
842	0.00243219589089
840	0.00559936946651
955	0.00103477121402
849	0.0016295228931
377	0.000793002238781
568	0.00382478518827
569	0.00250472658347
508	0.00155699220053
754	0.00306079522651
561	0.0139258929737
759	0.000725306925714
758	0.00157149833905
565	0.000797837618285
229	0.000923557485409
228	0.000696294648686
226	0.000681788510171
223	0.0009138867264
722	0.00245637278842
720	0.00974328970209
605	0.000841356033828
150	0.000705965407695
153	0.00157633371855
152	0.0044678906624
157	0.000889709828876
602	0.000836520654324
159	0.000831685274819
609	0.00234515905981
634	0.000749483823238
48	0.000836520654324
951	0.000725306925714
950	0.00763506423802
952	0.0170205358568
42	0.000836520654324
954	0.00230164064427
40	0.00293507535939
956	0.00449690293943
5	0.00157149833905
488	0.00155699220053
485	0.000705965407695
482	0.000647940853638
472	0.00168271206766
