344	0.000734977684724
0	0.00325904578621
347	0.0008123437568
343	0.00330256420175
817	0.000884874449371
719	0.0016246875136
718	0.000807508377295
716	0.0009138867264
712	0.000783331479771
710	0.00246120816792
295	0.00382962056777
292	0.00161018137509
293	0.00153281530301
290	0.00080267299779
591	0.00157149833905
590	0.00313332591908
592	0.0108796038857
199	0.00315750281661
198	0.00232581754179
195	0.00168271206766
197	0.000783331479771
190	0.000884874449371
193	0.0146270230019
192	0.000831685274819
270	0.00578311388769
272	0.000749483823238
274	0.000715636166705
275	0.000894545208381
277	0.00580729078522
278	0.0159374108477
526	0.000865532931352
522	0.00178425503726
599	0.00165853517013
443	0.00327355192472
440	0.001523144544
446	0.00267396486613
444	0.00341861330987
103	0.000797837618285
101	0.0016246875136
107	0.000797837618285
105	0.00643589012084
900	0.000783331479771
901	0.00158600447756
907	0.000851026792838
32	0.000691459269181
31	0.00329772882225
30	0.00151347378499
35	0.00313816129859
34	0.000918722105904
641	0.0030511244675
643	0.000822014515809
644	0.00224361609021
437	0.00333157647878
435	0.00289639232335
433	0.0059910352064
335	0.000691459269181
334	0.00389731588084
337	0.000783331479771
333	0.000831685274819
332	0.00810893142948
558	0.00472900115566
857	0.000759154582247
850	0.00161501675459
851	0.0014216015744
858	0.000817179136305
6	0.00368455918263
98	0.000894545208381
91	0.00149896764648
90	0.000841356033828
96	0.00475801343268
742	0.00176974889874
743	0.00207921318705
745	0.00198734097646
746	0.000817179136305
747	0.000725306925714
748	0.00114114956312
749	0.00169721820617
557	0.000826849895314
551	0.00138291853836
550	0.000836520654324
553	0.000797837618285
552	0.000817179136305
236	0.00397468195291
230	0.00153281530301
231	0.000763989961752
232	0.000933228244419
233	0.00250472658347
147	0.000725306925714
144	0.00155699220053
142	0.000730142305219
143	0.00163435827261
141	0.00256275113752
612	0.00163919365211
617	0.000643105474133
614	0.00163919365211
149	0.0052850697987
1004	0.00158600447756
948	0.000759154582247
947	0.000783331479771
944	0.00303178294948
945	0.000778496100266
940	0.0007108007872
517	0.00123785715322
685	0.00255791575802
684	0.00252406810148
686	0.0014216015744
680	0.00309947826255
682	0.00309947826255
133	0.00256758651703
132	0.00165369979063
136	0.00160051061608
134	0.00488856867931
495	0.00262077569158
493	0.0026401172096
24	0.00156666295954
25	0.00422128630766
26	0.00247571430644
401	0.00225812222872
400	0.00259659879406
933	0.000836520654324
931	0.00160051061608
936	0.00851026792838
409	0.00163919365211
379	0.00311398440107
371	0.000870368310857
373	0.00168271206766
372	0.000952569762438
377	0.000855862172343
704	0.0018277734528
707	0.00144577847192
702	0.00313332591908
392	0.0016295228931
82	0.00348630862293
83	0.00476768419169
399	0.000967075900952
790	0.000773660720762
798	0.00420194478964
607	0.00447756142141
586	0.000657611612647
584	0.0031526674371
582	0.00321552737067
580	0.00154248606202
581	0.000604422438095
589	0.000880039069866
245	0.0053817773888
246	0.00799288232137
249	0.00243219589089
924	0.00238384209585
511	0.0017262304832
513	0.00459361052952
512	0.00149896764648
515	0.000691459269181
514	0.00737395374476
1001	0.00232581754179
516	0.000826849895314
458	0.00293507535939
624	0.000618928576609
450	0.0030511244675
629	0.00365071152609
628	0.00137808315886
454	0.00159083985707
456	0.00343311944838
595	0.00694360496884
173	0.0029495814979
171	0.000807508377295
977	0.000875203690362
976	0.000759154582247
972	0.00226779298773
971	0.0024418666499
979	0.00288188618484
978	0.00164886441112
657	0.00400852960945
181	0.000855862172343
653	0.00080267299779
650	0.000744648443733
188	0.00135874164084
189	0.00479186108922
187	0.00367005304411
184	0.00155699220053
13	0.000744648443733
12	0.000788166859276
15	0.000759154582247
17	0.000841356033828
16	0.000918722105904
863	0.0007108007872
862	0.000807508377295
866	0.00250956196297
659	0.00869884772906
883	0.000841356033828
881	0.0067018359936
886	0.00240801899337
885	0.00320102123215
322	0.000793002238781
320	0.00243219589089
321	0.000860697551847
327	0.000870368310857
324	0.00371840683916
329	0.00568157091809
775	0.00217592077714
774	0.000846191413333
202	0.00169721820617
771	0.00250472658347
773	0.000715636166705
772	0.000807508377295
209	0.00333157647878
208	0.000797837618285
77	0.000793002238781
75	0.00380544367025
73	0.0008123437568
72	0.00177941965775
78	0.00308497212404
663	0.000836520654324
660	0.0166143639784
692	0.0007108007872
693	0.000681788510171
694	0.000875203690362
695	0.00158600447756
698	0.000826849895314
542	0.000855862172343
543	0.0023403236803
540	0.000725306925714
541	0.00175524276023
546	0.0018277734528
547	0.00626665183817
548	0.00237417133684
994	0.00169238282667
997	0.000952569762438
996	0.0049804408899
991	0.00143127233341
990	0.00145544923093
120	0.00237900671634
122	0.00299309991345
126	0.00719988008259
127	0.00551716801493
2	0.00232098216229
415	0.000759154582247
416	0.000841356033828
410	0.0028432031488
920	0.00148446150796
921	0.000817179136305
922	0.0176201229153
923	0.00253857424
418	0.00160534599558
925	0.00327838730423
927	0.00481603798674
318	0.0007108007872
313	0.000822014515809
311	0.00160534599558
310	0.00248538506545
316	0.00155699220053
832	0.0097529604611
833	0.00244670202941
830	0.00070113002819
837	0.00153765068251
835	0.0008123437568
838	0.00080267299779
369	0.00312365516008
364	0.00219042691566
365	0.000730142305219
362	0.00124269253272
380	0.00409073106103
381	0.00311398440107
383	0.000788166859276
388	0.000628599335619
782	0.00173590124221
783	0.00237417133684
788	0.000759154582247
789	0.000807508377295
573	0.00686140351726
572	0.00356851007451
577	0.00158116909806
576	0.00861664627748
575	0.00382962056777
61	0.00169721820617
64	0.00323003350918
65	0.00454525673447
67	0.00332674109928
253	0.00363620538758
250	0.000768825341257
256	0.00147962612846
257	0.00409073106103
499	0.00220493305417
731	0.00249022044495
508	0.00326871654522
736	0.00399402347093
506	0.000759154582247
738	0.00153765068251
505	0.00230164064427
502	0.00149413226697
500	0.00135874164084
630	0.0037570898752
631	0.000570574781562
633	0.00831201736868
634	0.000822014515809
638	0.00157633371855
464	0.031449308299
462	0.00319135047314
168	0.00341377793036
164	0.000739813064228
165	0.000807508377295
166	0.000754319202743
167	0.000817179136305
160	0.00605389513996
966	0.00321069199116
963	0.00150863840549
969	0.000638270094628
935	0.000647940853638
909	0.00642621936183
879	0.000768825341257
873	0.000739813064228
870	0.00204536553051
891	0.0037619252547
894	0.00129588170728
898	0.00297375839543
648	0.000807508377295
356	0.000696294648686
809	0.00229680526476
353	0.000826849895314
214	0.000715636166705
769	0.000836520654324
762	0.000725306925714
763	0.00161501675459
761	0.00490307481783
765	0.00299793529295
957	0.00160051061608
41	0.00153765068251
280	0.00164402903162
285	0.00145544923093
284	0.000618928576609
679	0.00146511998994
670	0.000841356033828
671	0.00403754188647
672	0.000725306925714
267	0.00156666295954
264	0.0006092578176
268	0.000860697551847
58	0.000870368310857
56	0.0013248939843
535	0.0012233510147
532	0.00260626955307
531	0.00235482981882
530	0.00230647602377
538	0.00288188618484
988	0.00637786556678
200	0.00158600447756
987	0.00266912948663
984	0.000715636166705
117	0.00208888394606
776	0.00297375839543
113	0.000696294648686
118	0.00155215682103
207	0.000822014515809
429	0.00205987166903
918	0.000783331479771
421	0.00148446150796
423	0.000739813064228
422	0.000894545208381
424	0.00460811666804
427	0.000831685274819
912	0.00080267299779
308	0.00080267299779
301	0.000836520654324
303	0.00070113002819
306	0.00164402903162
847	0.0006092578176
846	0.00227262836724
845	0.00560904022552
844	0.0024370312704
842	0.00552200339444
840	0.00143610771291
955	0.000793002238781
849	0.000739813064228
823	0.00322519812968
568	0.0022387807107
569	0.00147479074895
754	0.0143175587136
561	0.000730142305219
759	0.00151347378499
758	0.000836520654324
566	0.000773660720762
229	0.000831685274819
228	0.000807508377295
226	0.000773660720762
724	0.00237417133684
723	0.00992703412327
720	0.000884874449371
605	0.000822014515809
150	0.00442920762636
153	0.00511099613653
152	0.000749483823238
157	0.000783331479771
602	0.0007108007872
159	0.00241285437288
609	0.00156182758004
469	0.000763989961752
48	0.000996088177981
951	0.00080267299779
950	0.007108007872
952	0.0164789733522
42	0.00135874164084
954	0.00231614678278
40	0.00260626955307
956	0.00466130584259
5	0.00187612724785
488	0.00150380302598
485	0.000705965407695
482	0.000768825341257
472	0.00155215682103
