344	0.000734977684724
0	0.00302694756998
347	0.000817179136305
343	0.00333157647878
817	0.000807508377295
719	0.00151830916449
718	0.000831685274819
716	0.000793002238781
712	0.000773660720762
710	0.00214207312061
294	0.00362653462857
295	0.000851026792838
292	0.00163919365211
293	0.000744648443733
291	0.00135390626133
591	0.00309464288305
590	0.0108119085726
592	0.00332674109928
199	0.00232098216229
198	0.00165369979063
599	0.000826849895314
191	0.000754319202743
190	0.0140467774613
193	0.000773660720762
192	0.00597652906788
270	0.000759154582247
272	0.000560904022552
274	0.000894545208381
275	0.00543013118385
277	0.0154490375177
278	0.000831685274819
526	0.00154732144152
528	0.00304145370849
443	0.00161018137509
440	0.00253373886049
446	0.00379093753173
444	0.00080267299779
103	0.00170205358568
101	0.0008123437568
107	0.00630533487421
105	0.000754319202743
900	0.0016295228931
901	0.000754319202743
907	0.000763989961752
32	0.00317684433463
31	0.00677920206567
30	0.00150863840549
35	0.0008123437568
34	0.00319135047314
641	0.000763989961752
643	0.00235966519832
646	0.00332190571977
437	0.00272231866118
435	0.00566706477958
433	0.000865532931352
335	0.00396984657341
334	0.000880039069866
337	0.000705965407695
333	0.00654226846994
332	0.00179876117577
854	0.000880039069866
857	0.00170205358568
850	0.00114114956312
851	0.000865532931352
858	0.00369422994164
6	0.000783331479771
98	0.00146511998994
91	0.000725306925714
90	0.00482570874575
96	0.00167787668815
742	0.00224361609021
743	0.00492241633585
558	0.000831685274819
746	0.0008123437568
747	0.00125719867124
748	0.0015279799235
749	0.000894545208381
557	0.00158600447756
551	0.00080267299779
550	0.000894545208381
553	0.000759154582247
239	0.00405688340449
236	0.00156666295954
230	0.000851026792838
231	0.000720471546209
232	0.0023403236803
233	0.000875203690362
147	0.00156182758004
144	0.000909051346895
142	0.00161018137509
143	0.00234999443931
141	0.00163919365211
612	0.000720471546209
617	0.00161018137509
614	0.00552683877394
149	0.00185195035032
1004	0.00070113002819
948	0.000759154582247
947	0.00080267299779
944	0.00293023997988
945	0.000773660720762
940	0.0007108007872
1001	0.00226779298773
685	0.00232581754179
684	0.00227746374674
686	0.00148446150796
680	0.00285287390781
682	0.00316233819611
133	0.00241768975238
132	0.00141676619489
136	0.00247087892693
134	0.00449206755992
495	0.00244670202941
493	0.00262077569158
24	0.00140226005638
25	0.00388764512183
26	0.00250956196297
401	0.0022387807107
400	0.00240318361387
933	0.000768825341257
931	0.00165369979063
936	0.00841839571779
935	0.000783331479771
379	0.00318651509364
371	0.000923557485409
373	0.00163435827261
372	0.000899380587885
823	0.00323486888868
704	0.00156666295954
707	0.00159567523657
702	0.0031478320576
392	0.00165853517013
82	0.00328322268373
83	0.00440019534933
399	0.000865532931352
790	0.000826849895314
798	0.00449206755992
607	0.0041632617536
586	0.000662446992152
584	0.00315750281661
582	0.00342344868937
580	0.00148929688747
581	0.00059958705859
589	0.000822014515809
245	0.00542529580434
246	0.00755286278644
249	0.00248054968594
418	0.00149413226697
511	0.00167787668815
513	0.00475801343268
512	0.0024370312704
515	0.000725306925714
514	0.00749483823238
517	0.00132972936381
516	0.000807508377295
458	0.00199701173547
624	0.000715636166705
450	0.00323486888868
629	0.00342344868937
628	0.00164402903162
454	0.00147962612846
456	0.000633434715124
595	0.00326388116571
175	0.00706932483596
171	0.00279001397425
977	0.000817179136305
976	0.000957405141943
972	0.000797837618285
971	0.0023403236803
979	0.00383929132678
978	0.00302694756998
656	0.00138291853836
657	0.00229196988526
654	0.00166337054964
2	0.00544947270187
653	0.0166433762554
184	0.00349597938194
188	0.00157633371855
189	0.00124269253272
658	0.00482570874575
187	0.000730142305219
650	0.00879555531916
13	0.000739813064228
12	0.000942899003428
15	0.000831685274819
14	0.000643105474133
16	0.000822014515809
863	0.0007108007872
862	0.000657611612647
866	0.000749483823238
883	0.00232098216229
881	0.000831685274819
886	0.00649391467489
885	0.0023403236803
322	0.00329289344274
320	0.000933228244419
321	0.00239834823436
327	0.00103477121402
324	0.000676953130666
329	0.00377159601371
775	0.00564772326156
774	0.00183744421181
202	0.00153765068251
771	0.00312365516008
770	0.00257725727604
207	0.000841356033828
772	0.000686623889676
209	0.000696294648686
208	0.00326388116571
77	0.000860697551847
75	0.000846191413333
73	0.00360719311055
72	0.000633434715124
78	0.00157633371855
663	0.00293507535939
662	0.000788166859276
769	0.000909051346895
692	0.000909051346895
693	0.00070113002819
694	0.000768825341257
695	0.000855862172343
698	0.00161501675459
542	0.000793002238781
543	0.0015279799235
540	0.00248054968594
541	0.00070113002819
546	0.00164402903162
547	0.00161018137509
548	0.00163435827261
994	0.00251439734248
997	0.00148929688747
996	0.000759154582247
991	0.00475801343268
990	0.0016246875136
120	0.00151347378499
122	0.002030859392
126	0.00310914902156
127	0.00694844034834
415	0.00170688896518
416	0.000822014515809
410	0.000797837618285
920	0.00301244143147
921	0.00145544923093
922	0.000797837618285
923	0.0178909041676
924	0.00240801899337
925	0.00242736051139
926	0.00326871654522
927	0.00472900115566
319	0.00172139510369
313	0.000768825341257
311	0.000817179136305
310	0.00161501675459
316	0.00218075615665
832	0.00159567523657
833	0.00994154026179
830	0.00227746374674
837	0.000763989961752
835	0.00232098216229
838	0.000759154582247
369	0.000817179136305
364	0.00323003350918
365	0.00209855470507
362	0.00136357702034
360	0.0006092578176
381	0.00409556644053
383	0.00330256420175
388	0.000865532931352
782	0.000522220986514
783	0.00168271206766
788	0.00248538506545
789	0.00148446150796
573	0.000778496100266
572	0.0067018359936
577	0.00334608261729
576	0.00834102964571
575	0.00484021488427
61	0.00377159601371
62	0.00169238282667
65	0.00320585661166
66	0.00443404300587
67	0.00332674109928
253	0.00356367469501
250	0.000875203690362
256	0.00165853517013
257	0.00417293251261
731	0.00248538506545
508	0.00329772882225
736	0.00413424947657
506	0.00080267299779
738	0.00177458427825
505	0.00255308037851
502	0.00148929688747
500	0.00124269253272
630	0.00392632815787
631	0.000556068643047
633	0.0084329018563
634	0.000730142305219
638	0.00172139510369
464	0.0317732787258
462	0.00309464288305
168	0.00331707034027
164	0.000754319202743
165	0.000860697551847
166	0.00090421596739
167	0.000870368310857
160	0.00646490239786
966	0.00305595984701
963	0.00166337054964
969	0.000565739402057
409	0.00157633371855
909	0.00308980750354
879	0.000759154582247
873	0.000773660720762
870	0.00210339008457
891	0.00308497212404
894	0.00145544923093
898	0.00463712894507
648	0.000754319202743
356	0.000657611612647
809	0.00233065292129
353	0.000826849895314
214	0.000672117751162
45	0.0171704326214
762	0.000672117751162
763	0.00688558041478
761	0.00498527626941
765	0.00309947826255
957	0.00161501675459
41	0.00165369979063
280	0.00166337054964
285	0.00176974889874
284	0.00070113002819
679	0.00166337054964
670	0.000957405141943
671	0.0038586328448
672	0.000836520654324
267	0.00165853517013
264	0.000705965407695
268	0.000899380587885
58	0.000817179136305
56	0.00150863840549
535	0.00119433873768
532	0.00240318361387
531	0.00244670202941
530	0.00249989120396
538	0.00308980750354
988	0.00675018978865
200	0.0021372377411
987	0.00224845146971
984	0.000754319202743
117	0.00212273160259
776	0.000928392864914
113	0.000638270094628
118	0.00157149833905
429	0.00207921318705
918	0.000763989961752
915	0.00170688896518
423	0.000749483823238
422	0.000817179136305
424	0.00500461778743
427	0.000860697551847
912	0.000889709828876
308	0.000778496100266
301	0.000773660720762
303	0.000696294648686
306	0.00144577847192
847	0.000575410161066
846	0.00295441687741
845	0.00601037672442
844	0.00222427457219
842	0.00616510886857
840	0.00140709543589
955	0.000754319202743
849	0.000788166859276
377	0.000817179136305
568	0.00229196988526
569	0.00153765068251
754	0.01366961786
561	0.000739813064228
759	0.00154732144152
758	0.000768825341257
566	0.000865532931352
229	0.000730142305219
228	0.000817179136305
226	0.000807508377295
724	0.00246604354743
723	0.0089357813248
720	0.000860697551847
605	0.000870368310857
150	0.00427447548221
153	0.00161018137509
152	0.000884874449371
157	0.000865532931352
602	0.00090421596739
159	0.00241285437288
609	0.00150863840549
469	0.00070113002819
48	0.000875203690362
951	0.000778496100266
950	0.00712251401051
952	0.00145061385143
42	0.000647940853638
954	0.00210339008457
40	0.00330739958126
956	0.00500461778743
5	0.0014264369539
488	0.00164886441112
485	0.000676953130666
482	0.000734977684724
472	0.00147479074895
