344	0.00257242189653
0	0.00349597938194
347	0.000551233263543
340	0.001523144544
810	0.000971911280457
813	0.00161018137509
814	0.000517385607009
349	0.00371357145966
817	0.00285770928731
719	0.00210339008457
718	0.000502879468495
716	0.000469031811962
715	0.00198250559695
713	0.00607323665798
712	0.000991252798476
711	0.00255308037851
710	0.00110730190659
421	0.00199701173547
294	0.000483537950476
295	0.00102510045501
292	0.00419227403063
293	0.00208888394606
290	0.00101059431649
291	0.00256275113752
591	0.000430348775924
590	0.0105943164949
592	0.00246120816792
595	0.000493208709486
198	0.00161018137509
599	0.00150380302598
197	0.00218559153615
196	0.00311881978057
191	0.00444854914438
190	0.00100575893699
193	0.000942899003428
192	0.000560904022552
273	0.00451140907794
275	0.00303661832899
277	0.00207437780754
278	0.00881489683718
526	0.000541562504533
46	0.00200184711497
443	0.000464196432457
442	0.00198734097646
440	0.0116049108114
445	0.00211306084358
444	0.00154248606202
103	0.000971911280457
101	0.0041632617536
107	0.0028480385283
104	0.000512550227505
105	0.00262077569158
900	0.00106378349105
38	0.000454525673447
904	0.00404237726598
32	0.000551233263543
31	0.000478702570971
909	0.000541562504533
35	0.000575410161066
641	0.000512550227505
644	0.00232098216229
647	0.00241768975238
439	0.00520286834712
649	0.001015429696
648	0.0077172656896
434	0.0010202650755
435	0.00202118863299
432	0.000580245540571
433	0.000502879468495
338	0.00102510045501
335	0.000594751679086
334	0.000512550227505
337	0.00381511442926
333	0.00461778742705
332	0.00138775391787
745	0.00102993583451
854	0.00149896764648
855	0.00544947270187
857	0.000894545208381
850	0.000420678016914
851	0.00241768975238
819	0.00156182758004
858	0.00168271206766
6	0.00240318361387
98	0.00144094309242
91	0.00103960659352
90	0.000560904022552
92	0.00196316407893
95	0.000580245540571
96	0.0037570898752
740	0.00210339008457
743	0.00160051061608
559	0.00199701173547
558	0.0066051284035
746	0.00278034321524
748	0.000488373329981
551	0.00157149833905
550	0.00226779298773
553	0.000541562504533
552	0.00049804408899
239	0.000425513396419
235	0.00999472943634
236	0.00148929688747
230	0.000546397884038
231	0.00105894811154
232	0.00448239680091
147	0.000991252798476
142	0.000986417418971
141	0.000957405141943
617	0.000517385607009
614	0.00049804408899
1004	0.0011169726656
948	0.000527056366019
949	0.00410523719954
946	0.000996088177981
947	0.00158116909806
940	0.000541562504533
517	0.00251923272198
685	0.000541562504533
684	0.00245637278842
687	0.00194865794042
686	0.000918722105904
680	0.0030511244675
683	0.0114598494263
133	0.000469031811962
137	0.00101059431649
136	0.00364587614659
135	0.00109763114758
497	0.000938063623924
491	0.000454525673447
493	0.000933228244419
24	0.00214690850011
25	0.00143127233341
28	0.0053817773888
29	0.000570574781562
939	0.00148929688747
404	0.00105411273204
402	0.000527056366019
401	0.000478702570971
933	0.00263528183009
936	0.000986417418971
935	0.00154732144152
414	0.000541562504533
379	0.000444854914438
378	0.00103477121402
828	0.00155699220053
373	0.00141193081539
374	0.00049804408899
377	0.000488373329981
822	0.0011169726656
704	0.00155215682103
706	0.000391665739886
707	0.000483537950476
700	0.00105894811154
393	0.000522220986514
391	0.000464196432457
89	0.00212273160259
82	0.000546397884038
796	0.000541562504533
795	0.000531891745524
794	0.00147962612846
791	0.00146995536945
790	0.00783331479771
798	0.0038586328448
587	0.00101059431649
585	0.000478702570971
582	0.000527056366019
581	0.001015429696
589	0.00205503628952
245	0.00193898718141
246	0.000473867191467
243	0.00199217635596
249	0.0137953377271
248	0.00201635325349
513	0.0020356947715
512	0.00362169924907
514	0.00248054968594
1001	0.0019293164224
516	0.00307046598552
458	0.00104444197303
459	0.00628599335619
624	0.00153281530301
450	0.000425513396419
629	0.000531891745524
454	0.00234515905981
456	0.00157149833905
457	0.000502879468495
178	0.000628599335619
199	0.00127170480975
175	0.00110730190659
173	0.000971911280457
171	0.00153281530301
977	0.00253373886049
976	0.00923073947459
654	0.000531891745524
253	0.0009138867264
978	0.00160051061608
656	0.000488373329981
195	0.000512550227505
180	0.000488373329981
2	0.000556068643047
186	0.000459361052952
187	0.00306079522651
184	0.000517385607009
188	0.0014264369539
189	0.00252890348099
658	0.000454525673447
659	0.000464196432457
868	0.000981582039466
13	0.000464196432457
14	0.000469031811962
17	0.00146995536945
16	0.000522220986514
19	0.00200668249448
863	0.00105894811154
862	0.000454525673447
867	0.0034524609664
866	0.0108554269882
883	0.00150380302598
881	0.00325904578621
880	0.000449690293943
885	0.000473867191467
752	0.000483537950476
322	0.00205503628952
323	0.00526572828068
321	0.00205020091002
326	0.00156666295954
329	0.000425513396419
759	0.00216141463863
775	0.00258209265554
200	0.000473867191467
776	0.00110730190659
771	0.00253857424
773	0.00412457871756
772	0.00195832869943
208	0.000469031811962
77	0.00613609659154
75	0.00153765068251
74	0.00567673553859
73	0.00146511998994
70	0.000560904022552
78	0.00185195035032
668	0.00193898718141
666	0.00150863840549
664	0.000570574781562
663	0.00049804408899
662	0.000527056366019
660	0.00469031811962
693	0.00101059431649
696	0.00307530136503
697	0.000541562504533
695	0.00280935549227
698	0.000512550227505
699	0.00104927735253
542	0.000459361052952
543	0.00143127233341
540	0.00231614678278
541	0.0011169726656
546	0.00255791575802
547	0.000996088177981
544	0.00286738004632
994	0.00208888394606
996	0.000531891745524
991	0.0116822768835
990	0.00102510045501
122	0.00194865794042
126	0.00397951733242
127	0.00396984657341
928	0.000957405141943
415	0.00159567523657
416	0.000996088177981
410	0.00410040182004
413	0.00338476565333
920	0.00462262280655
921	0.000952569762438
923	0.00523188062415
418	0.00364587614659
925	0.000512550227505
926	0.00199701173547
499	0.000517385607009
319	0.00156182758004
318	0.011677441504
313	0.00311398440107
311	0.00158116909806
310	0.00199217635596
832	0.00049804408899
833	0.000444854914438
837	0.00210822546408
834	0.00167304130865
838	0.00208404856655
369	0.00261594031208
364	0.000401336498895
365	0.00105411273204
360	0.003554003936
361	0.000473867191467
381	0.00102993583451
386	0.000507714848
388	0.00155699220053
784	0.00151347378499
780	0.000488373329981
783	0.00114598494263
788	0.0035588393155
605	0.0231372909303
573	0.000502879468495
572	0.00151347378499
577	0.000415842637409
153	0.00149896764648
574	0.00256758651703
60	0.00170205358568
61	0.00395534043489
62	0.000512550227505
66	0.00150863840549
67	0.00207921318705
68	0.000560904022552
69	0.0015279799235
250	0.000488373329981
251	0.000391665739886
256	0.000831685274819
254	0.00101059431649
157	0.00197767021745
405	0.000570574781562
731	0.000469031811962
730	0.00155215682103
732	0.000575410161066
735	0.000435184155428
737	0.00175524276023
509	0.00147962612846
739	0.00255308037851
738	0.00109279576808
505	0.0117112891605
502	0.000556068643047
500	0.00155699220053
630	0.00109763114758
631	0.00115565570164
633	0.00100092355749
469	0.00198250559695
638	0.00101059431649
464	0.000565739402057
168	0.00149413226697
164	0.000517385607009
165	0.00174073662171
166	0.000560904022552
167	0.00657611612647
160	0.0016295228931
161	0.00252406810148
963	0.00723372773912
409	0.00160051061608
30	0.000444854914438
879	0.0160728014738
874	0.000478702570971
875	0.00327838730423
872	0.000522220986514
873	0.00157149833905
870	0.00115565570164
890	0.000971911280457
891	0.000507714848
899	0.00300760605196
646	0.00217592077714
356	0.00151830916449
809	0.00506747772099
353	0.000493208709486
803	0.00110246652709
802	0.00206954242804
804	0.0133117997766
216	0.00104444197303
214	0.000507714848
45	0.00146511998994
762	0.00250956196297
763	0.00146511998994
761	0.00101059431649
767	0.00328805806324
764	0.00204053015101
765	0.000512550227505
289	0.00157149833905
288	0.00415359099459
281	0.000483537950476
280	0.000507714848
283	0.00389248050133
284	0.000551233263543
674	0.000473867191467
672	0.0009138867264
262	0.000594751679086
260	0.000962240521447
267	0.000454525673447
266	0.000454525673447
264	0.0014264369539
268	0.000556068643047
58	0.002030859392
56	0.000454525673447
50	0.001015429696
53	0.00108796038857
52	0.00255308037851
537	0.000536727125028
534	0.000488373329981
532	0.00049804408899
531	0.00104444197303
530	0.00049804408899
538	0.00106378349105
988	0.000512550227505
774	0.00205020091002
980	0.00318651509364
987	0.00188579800686
984	0.000536727125028
114	0.00200184711497
117	0.00375225449569
111	0.00459361052952
112	0.00578311388769
118	0.000478702570971
207	0.00236933595733
429	0.000996088177981
428	0.00158600447756
918	0.00245153740891
915	0.00115565570164
420	0.00100092355749
423	0.000473867191467
422	0.00408106030202
425	0.000880039069866
424	0.000517385607009
427	0.00154732144152
912	0.00307046598552
309	0.000527056366019
302	0.000551233263543
304	0.00232098216229
305	0.00154732144152
306	0.00349114400244
847	0.0006092578176
846	0.00266912948663
844	0.00383929132678
843	0.000444854914438
841	0.00949184996785
840	0.00159567523657
849	0.00104927735253
823	0.00107345425006
568	0.000478702570971
569	0.0146173522429
754	0.00788650397226
561	0.00158116909806
562	0.00192448104289
758	0.00253373886049
565	0.00105894811154
566	0.00728691691367
506	0.000971911280457
229	0.000981582039466
228	0.00214207312061
225	0.00149896764648
223	0.00210822546408
220	0.00103477121402
724	0.0014264369539
722	0.0006092578176
723	0.000502879468495
720	0.00258209265554
721	0.00144094309242
151	0.000986417418971
150	0.00257242189653
607	0.0010202650755
152	0.001523144544
603	0.00736911836526
602	0.00105411273204
159	0.00101059431649
609	0.00145061385143
634	0.00257242189653
951	0.000565739402057
953	0.00156666295954
952	0.000507714848
955	0.0091437026435
40	0.00261594031208
956	0.0015279799235
5	0.00216625001813
488	0.003554003936
484	0.0143272294726
482	0.000517385607009
480	0.00249505582446
472	0.000483537950476
470	0.000517385607009
474	0.0024370312704
478	0.00275133093821
