216	0.0109763114758
730	0.00191964566339
199	0.000986417418971
45	0.0022339453312
126	0.000502879468495
762	0.000280452011276
761	0.00106861887055
663	0.00220493305417
662	0.00214207312061
873	0.00379093753173
133	0.00117016184015
868	0.00458393977051
499	0.00128137556876
135	0.000478702570971
134	0.00131522322529
956	0.0009138867264
491	0.00309947826255
493	0.00648907929539
24	0.00176007813973
693	0.00292540460038
250	0.00115082032213
92	0.00226295760823
696	0.00242252513188
399	0.00125719867124
695	0.000236933595733
698	0.000981582039466
773	0.00090421596739
29	0.00465163508358
137	0.00147479074895
542	0.0011169726656
0	0.00144094309242
540	0.0130797015604
404	0.00114598494263
546	0.00113631418362
341	0.00389731588084
401	0.00316233819611
343	0.00117499721966
280	0.00148446150796
812	0.00332674109928
549	0.00239834823436
349	0.00351048552046
935	0.0106475056695
817	0.00131522322529
994	0.0016246875136
996	0.00403754188647
990	0.00822014515809
719	0.00617961500708
718	0.00102510045501
716	0.00513517303406
670	0.00153281530301
671	0.00201635325349
767	0.00145544923093
120	0.00286738004632
421	0.000981582039466
891	0.00134907088183
260	0.00233065292129
267	0.00180359655528
577	0.000967075900952
332	0.000880039069866
176	0.00100575893699
302	0.00148929688747
425	0.0152846346145
963	0.00108796038857
50	0.00184711497082
52	0.00692426345082
379	0.00205503628952
535	0.00190030414537
410	0.000981582039466
532	0.00520770372663
530	0.0022339453312
920	0.00727724615466
921	0.00287221542583
294	0.00552200339444
923	0.00116532646065
924	0.00158600447756
344	0.00140709543589
823	0.00244670202941
927	0.00642621936183
591	0.00440503072884
590	0.00107828962956
319	0.00199217635596
318	0.00550266187642
595	0.0045742690115
774	0.00187129186834
704	0.00428414624122
980	0.00652292695192
310	0.00129588170728
317	0.00104927735253
316	0.00150863840549
702	0.000865532931352
703	0.00547848497889
270	0.00622796880213
391	0.00333157647878
397	0.000502879468495
110	0.00450657369844
112	0.000986417418971
82	0.000899380587885
771	0.0018277734528
313	0.00301244143147
86	0.0152991407531
118	0.00114114956312
84	0.00645523163886
537	0.00279001397425
837	0.000894545208381
790	0.000793002238781
838	0.000933228244419
416	0.0011218080451
429	0.00499494702842
428	0.0168706390921
214	0.000614093197105
500	0.0012185156352
288	0.000996088177981
522	0.00709833711299
407	0.000996088177981
915	0.0056912416771
420	0.00127654018926
364	0.0010202650755
422	0.00149896764648
362	0.00240318361387
910	0.00521253910613
360	0.000198250559695
191	0.000976746659962
586	0.000909051346895
587	0.00322519812968
585	0.00107345425006
582	0.0112519281076
580	0.0040665541635
25	0.00681304972221
443	0.00286254466682
301	0.00271748328168
441	0.0123882422912
306	0.00620379190461
444	0.000923557485409
245	0.00176491351924
381	0.00570091243611
241	0.00420678016914
445	0.00214690850011
388	0.00225812222872
103	0.00113147880411
101	0.00403754188647
249	0.00457910439101
107	0.00702580642042
104	0.0011169726656
105	0.00208888394606
784	0.00146995536945
900	0.00197283483794
844	0.00461778742705
843	0.00114598494263
782	0.00185678572983
783	0.00198734097646
418	0.00337509489432
908	0.00601037672442
909	0.00248054968594
789	0.0029495814979
35	0.00080267299779
925	0.00287221542583
643	0.00514484379307
645	0.00253857424
377	0.000918722105904
647	0.00310914902156
646	0.00519319758811
648	0.00220009767467
1004	0.012175485593
514	0.00222910995169
1001	0.00234515905981
458	0.00545430808137
622	0.00143610771291
624	0.00115565570164
573	0.00146511998994
629	0.00338960103284
454	0.000962240521447
742	0.000933228244419
333	0.00238867747535
457	0.00115082032213
61	0.00760121658148
62	0.00773660720762
592	0.00106378349105
66	0.00155699220053
67	0.000971911280457
887	0.000444854914438
175	0.00436151231329
171	0.00106861887055
170	0.00106378349105
855	0.00207921318705
975	0.00278517859474
857	0.00123302177371
850	0.00503846544396
851	0.00573959547215
971	0.0152894699941
543	0.00598136444739
745	0.000672117751162
926	0.000822014515809
979	0.00452591521646
656	0.00354433317699
657	0.000962240521447
2	0.00178425503726
187	0.00214690850011
184	0.00128137556876
506	0.00260626955307
738	0.00146028461044
188	0.00764957037653
189	0.00607323665798
502	0.00438568921082
197	0.000947734382933
658	0.00101059431649
659	0.00687107427626
568	0.00111213728609
752	0.00139742467688
151	0.000986417418971
633	0.000918722105904
469	0.00337025951482
468	0.00539144814781
464	0.0497705612425
450	0.000971911280457
402	0.00191481028389
190	0.00915337340251
987	0.00198734097646
98	0.00250956196297
528	0.00534792973227
168	0.000290122770286
984	0.00132972936381
229	0.00453075059596
228	0.00229680526476
164	0.0043663476928
165	0.00155215682103
167	0.00224361609021
223	0.00494659323337
931	0.00292056922088
220	0.00590399837531
424	0.00154732144152
13	0.00114114956312
14	0.00227746374674
17	0.000952569762438
38	0.0023403236803
19	0.00183744421181
862	0.00501428854644
547	0.000918722105904
969	0.00369422994164
936	0.00104444197303
988	0.00116532646065
723	0.00222910995169
720	0.00292056922088
721	0.00196799945844
765	0.00110246652709
274	0.00103960659352
544	0.00568157091809
31	0.00101059431649
153	0.000246604354743
729	0.00128137556876
275	0.000328805806324
741	0.00471933039665
881	0.00894545208381
743	0.00135390626133
559	0.00116532646065
558	0.00197283483794
746	0.000580245540571
602	0.0009138867264
609	0.00149413226697
553	0.00205503628952
840	0.00123302177371
239	0.00438085383131
236	0.00150863840549
230	0.0018326088323
231	0.00364587614659
48	0.00123302177371
46	0.00177458427825
950	0.00628115797668
953	0.00133940012282
952	0.00278517859474
954	0.0020356947715
870	0.0115130386008
41	0.00113147880411
323	0.00178909041676
321	0.00245153740891
5	0.0138775391787
327	0.00154248606202
324	0.000894545208381
561	0.0011218080451
335	0.00597169368838
374	0.000894545208381
890	0.00171172434469
200	0.000976746659962
618	0.00303178294948
142	0.00579762002621
207	0.00398435271192
439	0.00224845146971
614	0.00105894811154
149	0.0010202650755
77	0.00248538506545
74	0.00462262280655
73	0.000478702570971
912	0.000865532931352
710	0.00293991073889
687	0.00247571430644
828	0.00115082032213
435	0.0102945229656
948	0.00342828406888
949	0.00108796038857
946	0.00212756698209
947	0.00117983259916
945	0.00410040182004
122	0.000967075900952
940	0.00316717357562
433	0.00318651509364
472	0.00450657369844
808	0.00997055253882
353	0.00150380302598
688	0.0030511244675
682	0.00115082032213
607	0.000875203690362
684	0.00553167415345
337	0.00191964566339
804	0.00141676619489
169	0.00566222940007
