344	0.000725306925714
0	0.00442920762636
347	0.000618928576609
343	0.000638270094628
810	0.00180359655528
812	0.000797837618285
817	0.000749483823238
719	0.00199217635596
718	0.000749483823238
716	0.000672117751162
712	0.000676953130666
711	0.00181326731429
710	0.00672117751162
421	0.00134907088183
295	0.000778496100266
292	0.00434217079527
293	0.00129588170728
290	0.00140709543589
291	0.000725306925714
590	0.0021372377411
592	0.00275616631771
595	0.00955470990141
198	0.00346213172541
596	0.00407622492251
195	0.00200184711497
197	0.00136841239985
196	0.000705965407695
191	0.000560904022552
190	0.0113099526616
193	0.00132972936381
192	0.00462262280655
270	0.000696294648686
272	0.000686623889676
274	0.000560904022552
275	0.00216625001813
277	0.000623763956114
526	0.0139355637327
528	0.00133456474331
448	0.000444854914438
443	0.0039650111939
440	0.00218559153615
444	0.00257242189653
103	0.00352982703848
101	0.0006092578176
107	0.00129588170728
105	0.0024418666499
900	0.00323003350918
38	0.0006092578176
907	0.000763989961752
904	0.000638270094628
32	0.00194382256091
31	0.000585080920076
30	0.00474350729417
35	0.00249989120396
34	0.00589916299581
641	0.00263528183009
644	0.000618928576609
646	0.0045742690115
437	0.000667282371657
435	0.000720471546209
433	0.00134423550232
335	0.0020356947715
334	0.00251439734248
337	0.00285287390781
333	0.00448239680091
332	0.000657611612647
745	0.000725306925714
854	0.00313332591908
855	0.0006092578176
857	0.00137808315886
850	0.0161695090639
851	0.00109763114758
852	0.00343795482788
859	0.000444854914438
6	0.00059958705859
98	0.00138291853836
91	0.00140226005638
90	0.000672117751162
92	0.00124752791223
96	0.00135390626133
153	0.000652776233143
740	0.000628599335619
742	0.000614093197105
743	0.00394566967588
558	0.000715636166705
746	0.00161018137509
747	0.00410040182004
748	0.0013200586048
749	0.00115565570164
557	0.00178909041676
551	0.00148446150796
550	0.000763989961752
553	0.00146511998994
552	0.00116532646065
239	0.000734977684724
236	0.00190997490438
230	0.00256758651703
231	0.00196799945844
232	0.000715636166705
233	0.000773660720762
147	0.000686623889676
144	0.000623763956114
142	0.00070113002819
143	0.000763989961752
141	0.00278034321524
612	0.000618928576609
617	0.0013200586048
614	0.000638270094628
149	0.00125719867124
1004	0.00192448104289
948	0.0026401172096
515	0.0038634682243
945	0.000643105474133
942	0.000623763956114
940	0.00212273160259
517	0.000575410161066
685	0.0006092578176
684	0.000851026792838
687	0.00360719311055
686	0.00202602401249
680	0.00321069199116
682	0.00174073662171
133	0.00282869701028
132	0.000793002238781
131	0.00158600447756
499	0.00195832869943
134	0.0012233510147
497	0.000580245540571
491	0.00268847100465
24	0.00140226005638
25	0.00120884487619
26	0.00277550783573
27	0.000614093197105
406	0.00388280974232
402	0.00225328684922
400	0.00116532646065
933	0.00188096262735
931	0.00180359655528
936	0.00207921318705
935	0.00458393977051
934	0.00128137556876
379	0.00878104918065
371	0.000657611612647
370	0.00169721820617
373	0.0006092578176
372	0.000643105474133
374	0.000232098216229
823	0.00108796038857
704	0.000672117751162
707	0.00135390626133
700	0.00200184711497
702	0.000633434715124
393	0.000715636166705
82	0.00374258373668
83	0.000749483823238
399	0.000720471546209
86	0.000531891745524
796	0.00241768975238
795	0.00357334545402
790	0.000875203690362
798	0.000594751679086
586	0.000227262836724
587	0.000565739402057
584	0.00499494702842
585	0.000739813064228
582	0.00341861330987
580	0.000207921318705
581	0.00212273160259
589	0.00116532646065
245	0.000623763956114
246	0.00190030414537
249	0.00747066133486
248	0.00189063338636
924	0.00392149277836
513	0.00187612724785
927	0.00108796038857
1003	0.000536727125028
514	0.00642138398232
1001	0.00120400949669
516	0.00758671044297
458	0.00272715404068
450	0.000686623889676
629	0.00347663786392
628	0.000623763956114
454	0.0024370312704
456	0.00360719311055
199	0.00134423550232
175	0.000638270094628
173	0.00263044645059
171	0.0131570676325
977	0.00341377793036
976	0.000763989961752
972	0.00070113002819
971	0.000633434715124
657	0.00265462334811
979	0.00137808315886
978	0.00201635325349
656	0.00519319758811
599	0.00125236329173
180	0.00139258929737
181	0.000560904022552
653	0.00129588170728
650	0.000589916299581
185	0.00143127233341
188	0.000759154582247
189	0.00119433873768
658	0.000623763956114
187	0.00476768419169
184	0.00472900115566
15	0.00594268141135
14	0.000570574781562
17	0.000720471546209
16	0.000261110493257
863	0.000725306925714
862	0.0006092578176
865	0.000705965407695
866	0.00137324777935
947	0.0013200586048
659	0.00290122770286
883	0.00195349331992
881	0.0006092578176
880	0.00186645648884
886	0.00417776789211
885	0.00187612724785
752	0.00297375839543
322	0.000556068643047
320	0.000449690293943
321	0.00299793529295
326	0.00049804408899
327	0.00123302177371
324	0.00425513396419
329	0.00466614122209
201	0.00278517859474
774	0.00133940012282
777	0.0006092578176
202	0.00339927179185
771	0.00190030414537
770	0.000604422438095
207	0.000720471546209
772	0.00070113002819
209	0.00194382256091
77	0.000715636166705
75	0.00318167971413
73	0.00269814176366
72	0.00308013674453
78	0.000667282371657
663	0.000638270094628
662	0.0130216770063
660	0.00380544367025
692	0.000681788510171
693	0.000734977684724
696	0.000793002238781
697	0.000507714848
694	0.000681788510171
695	0.00211306084358
698	0.000594751679086
542	0.00123302177371
543	0.000647940853638
540	0.00431799389775
541	0.0014216015744
546	0.0011169726656
547	0.00261594031208
544	0.00174073662171
548	0.00470965963764
994	0.0007108007872
997	0.00323003350918
996	0.000754319202743
991	0.00122818639421
990	0.000643105474133
120	0.0020356947715
122	0.0026449525891
124	0.0059958705859
126	0.00592817527284
127	0.00137808315886
2	0.0013248939843
415	0.000638270094628
416	0.00130555246629
410	0.00059958705859
920	0.00194865794042
921	0.000676953130666
922	0.0154055191022
923	0.00367488842362
418	0.000391665739886
925	0.00332190571977
136	0.00191481028389
319	0.000560904022552
318	0.00130071708678
313	0.00209855470507
311	0.00200184711497
832	0.00468548274011
833	0.00379093753173
830	0.000618928576609
837	0.00127170480975
835	0.000672117751162
838	0.000585080920076
368	0.00190513952488
369	0.00196316407893
364	0.00143127233341
365	0.0013248939843
362	0.00090421596739
360	0.00337509489432
383	0.000594751679086
388	0.000754319202743
784	0.00124752791223
782	0.00257725727604
783	0.000705965407695
788	0.00617477962758
789	0.00252890348099
572	0.000686623889676
577	0.00270781252267
576	0.00193898718141
575	0.00169238282667
62	0.000522220986514
65	0.00132972936381
67	0.00239834823436
253	0.0033557533763
250	0.000541562504533
256	0.0030511244675
731	0.00686623889676
737	0.00199217635596
736	0.000768825341257
506	0.00220493305417
738	0.00263528183009
505	0.00250472658347
502	0.014694718315
500	0.00132972936381
630	0.0007108007872
631	0.00388764512183
633	0.00234515905981
634	0.00295441687741
638	0.00402787112747
467	0.000623763956114
462	0.00730142305219
168	0.00059958705859
164	0.0245879047817
165	0.000212756698209
166	0.00135390626133
167	0.00408106030202
160	0.000575410161066
966	0.000594751679086
963	0.000580245540571
969	0.000638270094628
409	0.000575410161066
909	0.0006092578176
879	0.000541562504533
873	0.00139258929737
870	0.0007108007872
891	0.000855862172343
894	0.00131522322529
898	0.000643105474133
648	0.000647940853638
356	0.00219526229516
809	0.00674051902964
353	0.00205987166903
802	0.00304145370849
216	0.000667282371657
214	0.00547364959939
769	0.00329772882225
762	0.000556068643047
42	0.0123398884961
761	0.000662446992152
764	0.000580245540571
765	0.00133940012282
40	0.00466130584259
41	0.00120884487619
281	0.00352499165897
280	0.00361202849006
285	0.00139258929737
284	0.00135390626133
678	0.000638270094628
679	0.000570574781562
670	0.0021372377411
671	0.000623763956114
672	0.000618928576609
260	0.00126686943025
267	0.00278034321524
264	0.00195832869943
268	0.00969010052754
53	0.00265462334811
52	0.00133456474331
537	0.0024370312704
535	0.00275133093821
534	0.00104444197303
532	0.000614093197105
531	0.00122818639421
538	0.00200184711497
988	0.00132972936381
200	0.00263528183009
987	0.00520286834712
984	0.00395050505539
115	0.000570574781562
114	0.00423579244617
117	0.00180843193478
776	0.00157149833905
113	0.00135390626133
118	0.00221943919269
773	0.00119433873768
429	0.000556068643047
428	0.000594751679086
918	0.00182293807329
915	0.00230164064427
423	0.000594751679086
422	0.00139742467688
424	0.000672117751162
427	0.000628599335619
912	0.00130071708678
308	0.000686623889676
301	0.000585080920076
302	0.00262561107108
303	0.000715636166705
306	0.000589916299581
847	0.00204053015101
846	0.000749483823238
845	0.00138775391787
844	0.000647940853638
843	0.00136357702034
842	0.00108796038857
840	0.00070113002819
849	0.00462262280655
377	0.00128137556876
568	0.000604422438095
569	0.00534309435276
508	0.00059958705859
754	0.000691459269181
561	0.00382962056777
759	0.00166820592914
758	0.0012233510147
565	0.0033509179968
566	0.016754589984
229	0.000672117751162
228	0.00146511998994
226	0.0007108007872
223	0.000778496100266
727	0.00133940012282
724	0.000628599335619
722	0.000628599335619
720	0.00331223496076
605	0.000884874449371
150	0.0105314565614
607	0.00414392023558
152	0.00133940012282
157	0.000604422438095
602	0.00175040738072
159	0.00259176341455
158	0.000657611612647
609	0.000560904022552
469	0.000676953130666
48	0.00190030414537
951	0.000715636166705
950	0.000652776233143
953	0.000734977684724
952	0.00581212616472
955	0.00396984657341
954	0.000672117751162
957	0.00205987166903
956	0.0028432031488
5	0.00206954242804
488	0.00123302177371
485	0.00189063338636
483	0.000633434715124
482	0.00110246652709
472	0.00123785715322
470	0.00134423550232
