344	0.000652776233143
0	0.00258692803505
347	0.000657611612647
343	0.00217108539764
812	0.00215174387962
817	0.000681788510171
719	0.000536727125028
718	0.000918722105904
716	0.000793002238781
713	0.000865532931352
712	0.000744648443733
710	0.00313332591908
915	0.00141676619489
295	0.00389731588084
292	0.00157633371855
290	0.00144577847192
291	0.000768825341257
590	0.00157149833905
592	0.00327838730423
199	0.0105121150433
198	0.00378126677272
195	0.00509648999802
197	0.00145061385143
191	0.00153765068251
190	0.000672117751162
193	0.0140226005638
192	0.00145061385143
270	0.00537694200929
272	0.00080267299779
274	0.000749483823238
275	0.000652776233143
277	0.003046289088
526	0.0139984236663
522	0.000715636166705
599	0.00605389513996
528	0.00140226005638
443	0.000759154582247
440	0.00312849053958
446	0.00209371932556
444	0.00210822546408
103	0.00244670202941
101	0.000817179136305
107	0.00158116909806
105	0.00158116909806
900	0.00333157647878
901	0.000841356033828
907	0.000793002238781
32	0.00146028461044
31	0.000696294648686
30	0.00255791575802
35	0.00603455362194
34	0.00290122770286
641	0.00070113002819
643	0.00306079522651
644	0.000797837618285
646	0.00230647602377
648	0.00307046598552
435	0.00295925225691
433	0.00302694756998
335	0.00525605752167
334	0.000705965407695
337	0.00358301621303
333	0.000759154582247
332	0.001523144544
745	0.016725577707
854	0.0021324023616
855	0.00319618585265
857	0.00102993583451
850	0.000570574781562
851	0.00143127233341
852	0.00151830916449
42	0.000638270094628
858	0.000846191413333
6	0.0033509179968
98	0.00135390626133
90	0.00059958705859
92	0.000686623889676
96	0.00369422994164
742	0.00145061385143
743	0.00189546876587
558	0.00408106030202
746	0.000705965407695
747	0.00206954242804
748	0.00163435827261
749	0.000652776233143
557	0.00156182758004
551	0.00163435827261
550	0.000759154582247
552	0.00359268697204
239	0.00229196988526
236	0.000643105474133
230	0.000720471546209
231	0.00140226005638
232	0.000681788510171
233	0.0014264369539
147	0.000754319202743
142	0.000855862172343
143	0.0031526674371
141	0.00165853517013
612	0.000749483823238
617	0.0015279799235
614	0.0064020424643
149	0.00235482981882
1004	0.000589916299581
948	0.00222427457219
947	0.000667282371657
945	0.00129588170728
942	0.000855862172343
940	0.00144094309242
685	0.00222427457219
684	0.00231614678278
687	0.0004061718784
686	0.00127654018926
680	0.00151347378499
133	0.00348147324343
132	0.00220009767467
131	0.00134423550232
136	0.00455976287299
135	0.00202118863299
134	0.0014264369539
497	0.00353949779748
493	0.00198734097646
25	0.00309464288305
26	0.000734977684724
27	0.00380060829074
406	0.00179392579627
400	0.00290606308236
933	0.00146511998994
931	0.00237417133684
936	0.000734977684724
935	0.00354433317699
379	0.00830234660967
371	0.00157149833905
370	0.00237417133684
373	0.000875203690362
372	0.000739813064228
374	0.00170205358568
377	0.00586047995977
704	0.00146995536945
707	0.00159083985707
702	0.000749483823238
393	0.000725306925714
392	0.00346213172541
82	0.000647940853638
83	0.0032493750272
399	0.00267880024564
86	0.00451624445745
796	0.0013200586048
798	0.000551233263543
607	0.00147962612846
586	0.000759154582247
584	0.00587015071878
585	0.000768825341257
582	0.00380544367025
580	0.000338476565333
581	0.00232581754179
589	0.00170688896518
245	0.000681788510171
246	0.00143127233341
249	0.0052850697987
924	0.000783331479771
513	0.00219042691566
512	0.000749483823238
515	0.00159083985707
514	0.00195349331992
1001	0.00352015627947
516	0.00727724615466
624	0.00705965407695
450	0.00262561107108
629	0.000851026792838
628	0.00292056922088
454	0.000657611612647
456	0.00232098216229
595	0.00379093753173
175	0.00159567523657
173	0.000691459269181
171	0.00212756698209
977	0.00841356033828
972	0.00424062782567
971	0.000681788510171
979	0.000817179136305
978	0.00143610771291
656	0.00247571430644
657	0.000589916299581
654	0.00279001397425
2	0.00150380302598
187	0.000667282371657
650	0.00456459825249
188	0.00070113002819
189	0.00220009767467
658	0.00140226005638
659	0.00293507535939
184	0.00146995536945
15	0.00483537950476
14	0.000720471546209
17	0.000715636166705
16	0.000797837618285
863	0.000411007257905
862	0.000778496100266
865	0.000672117751162
866	0.000783331479771
883	0.00313816129859
881	0.000763989961752
886	0.00667282371657
885	0.00207921318705
322	0.00268363562514
320	0.0007108007872
321	0.00239834823436
327	0.000570574781562
324	0.000788166859276
329	0.00390698663985
774	0.00488373329981
202	0.00313332591908
771	0.000744648443733
770	0.000759154582247
207	0.00304145370849
772	0.00214207312061
209	0.000768825341257
208	0.000662446992152
77	0.0009138867264
75	0.00298342915444
73	0.000768825341257
72	0.000691459269181
78	0.00411007257905
663	0.000759154582247
662	0.00326388116571
660	0.00411007257905
653	0.000831685274819
692	0.0153088115121
693	0.00149413226697
697	0.000841356033828
694	0.000884874449371
695	0.000623763956114
698	0.00153281530301
542	0.000720471546209
543	0.000860697551847
540	0.00228229912625
541	0.000546397884038
546	0.00145061385143
547	0.00151830916449
544	0.00523671600366
548	0.00143127233341
994	0.00230647602377
997	0.00134423550232
996	0.00542046042484
991	0.00434217079527
990	0.00135390626133
120	0.000759154582247
122	0.00293507535939
126	0.00304145370849
127	0.00646006701836
415	0.006092578176
416	0.00222427457219
410	0.00141193081539
920	0.000657611612647
921	0.000763989961752
922	0.00308497212404
923	0.00118950335817
418	0.0071128432515
925	0.016725577707
926	0.00227746374674
927	0.00801705921889
319	0.0031478320576
313	0.00128621094827
311	0.000319135047314
310	0.000662446992152
316	0.000836520654324
832	0.00136841239985
833	0.00309464288305
830	0.00157633371855
837	0.0105314565614
835	0.00123302177371
838	0.000734977684724
369	0.00143610771291
364	0.000672117751162
365	0.000696294648686
362	0.00227262836724
360	0.00239834823436
380	0.000759154582247
381	0.00144577847192
383	0.0010202650755
388	0.003554003936
782	0.00132972936381
783	0.00136841239985
788	0.000643105474133
789	0.00219526229516
573	0.00224361609021
572	0.000643105474133
577	0.00851510330788
576	0.000788166859276
575	0.00148446150796
61	0.00449206755992
62	0.00291573384137
64	0.00214690850011
67	0.00238384209585
253	0.00260143417356
250	0.00370873608015
256	0.00438568921082
731	0.00373774835718
508	0.000817179136305
736	0.000730142305219
506	0.00206954242804
738	0.00410040182004
505	0.00225328684922
502	0.00205503628952
500	0.00140226005638
630	0.000739813064228
631	0.00306079522651
633	0.00166820592914
634	0.00136841239985
638	0.0022339453312
464	0.000744648443733
462	0.000672117751162
168	0.00129104632777
164	0.0286061051502
165	0.00292056922088
166	0.00371357145966
167	0.00059958705859
160	0.000725306925714
966	0.000763989961752
963	0.000749483823238
969	0.00610708431451
409	0.001523144544
909	0.00149413226697
879	0.000807508377295
873	0.000875203690362
870	0.00143610771291
891	0.00080267299779
894	0.000836520654324
898	0.00255308037851
437	0.000754319202743
356	0.0021372377411
809	0.00317200895512
353	0.000715636166705
216	0.000763989961752
214	0.00320585661166
762	0.00154732144152
763	0.000681788510171
761	0.00230164064427
764	0.00216625001813
957	0.00435184155428
41	0.00240318361387
4	0.00160051061608
280	0.00136841239985
285	0.00155699220053
284	0.00131522322529
679	0.000855862172343
670	0.00143610771291
671	0.0006092578176
672	0.00319618585265
260	0.00959822831695
264	0.00174073662171
268	0.00151347378499
58	0.00134423550232
56	0.0021372377411
537	0.00120884487619
534	0.00220976843368
531	0.0022387807107
530	0.00159567523657
538	0.00202118863299
988	0.00290122770286
200	0.00516902069059
987	0.0007108007872
984	0.00145061385143
115	0.000585080920076
117	0.00147962612846
776	0.000851026792838
113	0.00215174387962
118	0.00134423550232
429	0.000734977684724
428	0.000831685274819
918	0.000643105474133
421	0.000691459269181
423	0.00188579800686
422	0.000478702570971
424	0.000691459269181
912	0.000715636166705
308	0.000788166859276
301	0.00370873608015
303	0.000836520654324
305	0.000705965407695
306	0.00147962612846
181	0.00059958705859
847	0.000788166859276
846	0.000715636166705
844	0.00148929688747
842	0.00238867747535
840	0.00516902069059
849	0.000696294648686
823	0.000705965407695
569	0.00289155694385
737	0.000763989961752
754	0.00373774835718
561	0.00217592077714
759	0.00126686943025
758	0.00293023997988
565	0.0184808204672
566	0.000749483823238
229	0.00164402903162
228	0.000759154582247
223	0.00153281530301
220	0.000720471546209
724	0.000705965407695
723	0.003046289088
720	0.00103477121402
605	0.00900347663786
150	0.000647940853638
153	0.00295925225691
152	0.000696294648686
157	0.000614093197105
602	0.00430348775924
159	0.000730142305219
158	0.000657611612647
609	0.000744648443733
469	0.000763989961752
48	0.000705965407695
951	0.000691459269181
950	0.0008123437568
953	0.00636335942826
952	0.0144964677553
955	0.00272715404068
954	0.00227262836724
40	0.00145061385143
956	0.00413908485607
5	0.00149413226697
488	0.0016295228931
485	0.000667282371657
482	0.00110730190659
472	0.00140709543589
