344	0.000763989961752
0	0.00319135047314
347	0.000744648443733
343	0.00321552737067
817	0.000773660720762
719	0.0016295228931
718	0.000797837618285
716	0.000889709828876
712	0.000884874449371
710	0.00224361609021
915	0.000749483823238
295	0.00383929132678
292	0.00155215682103
293	0.00177458427825
290	0.000880039069866
591	0.0015279799235
590	0.00308497212404
592	0.0104105720737
199	0.00306563060602
198	0.00230164064427
195	0.00164886441112
197	0.000759154582247
190	0.000754319202743
193	0.0140709543589
192	0.000836520654324
270	0.00587015071878
272	0.000705965407695
274	0.000647940853638
275	0.00070113002819
277	0.00544947270187
278	0.0153861775841
526	0.000691459269181
522	0.00164886441112
443	0.00302694756998
440	0.00158600447756
446	0.00237900671634
444	0.00293023997988
103	0.000875203690362
101	0.0017310658627
107	0.000676953130666
105	0.0063972070848
900	0.000773660720762
901	0.00157633371855
907	0.000783331479771
32	0.000846191413333
31	0.00304145370849
909	0.0063972070848
35	0.0032493750272
34	0.000899380587885
641	0.00339927179185
643	0.000884874449371
644	0.00240801899337
648	0.00302694756998
435	0.00288672156434
433	0.00556068643047
335	0.0008123437568
334	0.00372807759817
337	0.000807508377295
333	0.000875203690362
332	0.00787199783375
558	0.00456459825249
857	0.000875203690362
850	0.00151347378499
851	0.0014264369539
858	0.000880039069866
6	0.00371840683916
98	0.000763989961752
91	0.00144094309242
90	0.000720471546209
96	0.00495626399238
153	0.00168271206766
742	0.00176974889874
743	0.00205987166903
745	0.00171655972419
746	0.000749483823238
747	0.000817179136305
748	0.00134907088183
749	0.00149413226697
557	0.000826849895314
551	0.00158600447756
550	0.000797837618285
553	0.000826849895314
552	0.000855862172343
236	0.00400369422994
230	0.00159083985707
231	0.00080267299779
232	0.000875203690362
233	0.00260626955307
147	0.000763989961752
144	0.00151830916449
142	0.000788166859276
143	0.0015279799235
141	0.00241285437288
612	0.00168271206766
617	0.000793002238781
614	0.00170205358568
149	0.00552200339444
512	0.00238384209585
948	0.000793002238781
947	0.0008123437568
944	0.00301244143147
945	0.000744648443733
940	0.000768825341257
517	0.0013248939843
685	0.00230647602377
684	0.00250956196297
686	0.00130555246629
680	0.00288188618484
682	0.00282386163078
133	0.00235482981882
132	0.0016295228931
499	0.00236450057783
134	0.00476284881219
495	0.00234999443931
493	0.00256275113752
24	0.00155699220053
25	0.00409073106103
26	0.00240801899337
401	0.00253373886049
400	0.00249022044495
933	0.000851026792838
931	0.00166820592914
936	0.00875203690362
409	0.00178425503726
379	0.00321069199116
371	0.000870368310857
373	0.00143610771291
372	0.000860697551847
377	0.000773660720762
704	0.00157633371855
707	0.00150863840549
702	0.00300277067246
392	0.00174557200122
82	0.00407622492251
83	0.00148929688747
399	0.000841356033828
790	0.0007108007872
798	0.00376676063421
586	0.000662446992152
584	0.0033509179968
582	0.00341861330987
580	0.00148929688747
581	0.000556068643047
589	0.000822014515809
245	0.00541562504533
246	0.00798321156236
187	0.0036555469056
249	0.00241285437288
418	0.00148929688747
511	0.00167787668815
513	0.00483537950476
1004	0.00158600447756
515	0.000715636166705
514	0.00728208153417
1001	0.00224361609021
516	0.000851026792838
458	0.00266429410712
624	0.000797837618285
450	0.00317684433463
629	0.00348147324343
628	0.00161501675459
454	0.00168754744716
456	0.00322519812968
595	0.00726274001615
173	0.00297859377493
171	0.000730142305219
977	0.000793002238781
976	0.000734977684724
972	0.00222427457219
971	0.00228229912625
657	0.00391665739886
979	0.00312849053958
978	0.00170688896518
599	0.00168754744716
181	0.00471449501714
653	0.000899380587885
184	0.00153765068251
188	0.00190513952488
189	0.00502879468495
659	0.00876170766263
650	0.000749483823238
13	0.000831685274819
12	0.000715636166705
15	0.000793002238781
17	0.00070113002819
16	0.000681788510171
863	0.000763989961752
862	0.000880039069866
866	0.00271748328168
883	0.000952569762438
881	0.00623280418164
886	0.00215657925912
885	0.00331223496076
322	0.000797837618285
320	0.00234515905981
321	0.000783331479771
327	0.000754319202743
324	0.00369906532114
329	0.00575410161067
775	0.00238867747535
774	0.000720471546209
776	0.00336542413531
771	0.00253373886049
207	0.00158600447756
772	0.000768825341257
209	0.00330256420175
208	0.000826849895314
77	0.000967075900952
75	0.00391182201935
73	0.000739813064228
72	0.00157633371855
78	0.00328805806324
663	0.00080267299779
660	0.0163967719006
692	0.000763989961752
693	0.000754319202743
694	0.000875203690362
695	0.00165369979063
698	0.000763989961752
542	0.000754319202743
543	0.00237900671634
540	0.000715636166705
541	0.00171172434469
546	0.00167787668815
547	0.00636335942826
548	0.00234515905981
994	0.00155699220053
997	0.000894545208381
996	0.00505297158247
991	0.00157633371855
990	0.00158116909806
120	0.00249505582446
122	0.00308980750354
126	0.00701613566141
127	0.00633918253074
2	0.0008123437568
415	0.00153765068251
416	0.000797837618285
410	0.000797837618285
920	0.0032493750272
921	0.0015279799235
922	0.000836520654324
923	0.0182632283895
924	0.00235966519832
925	0.00232098216229
926	0.00310431364206
927	0.00471449501714
319	0.0016246875136
313	0.000841356033828
311	0.000788166859276
310	0.00175040738072
316	0.00241285437288
832	0.00184711497082
833	0.00962724059398
830	0.00251923272198
837	0.000768825341257
835	0.00167787668815
838	0.000860697551847
369	0.0008123437568
364	0.00343795482788
365	0.00198250559695
362	0.000672117751162
360	0.0013248939843
381	0.0039601758144
383	0.00242736051139
388	0.000759154582247
782	0.000565739402057
783	0.00184227959131
788	0.0024370312704
789	0.000797837618285
573	0.000730142305219
572	0.0069049219328
577	0.00351532089996
576	0.000662446992152
575	0.00475317805318
61	0.00392632815787
62	0.00139258929737
65	0.00305595984701
67	0.00448723218042
253	0.00327355192472
250	0.00360235773105
256	0.000817179136305
257	0.00165369979063
731	0.00391665739886
737	0.00231614678278
506	0.00403754188647
738	0.000817179136305
505	0.00164402903162
502	0.00265945872762
500	0.001523144544
630	0.00118466797867
631	0.00387313898331
633	0.000604422438095
469	0.00843773723581
638	0.000793002238781
464	0.00154248606202
462	0.0307965320658
168	0.00323003350918
164	0.00361202849006
165	0.000933228244419
166	0.000768825341257
167	0.000865532931352
160	0.000773660720762
966	0.00583146768274
963	0.00281419087177
969	0.00171172434469
935	0.000488373329981
30	0.000686623889676
879	0.00138775391787
873	0.000884874449371
870	0.000768825341257
891	0.00212273160259
894	0.00386830360381
898	0.0014216015744
437	0.00326388116571
356	0.000739813064228
809	0.000667282371657
353	0.00265945872762
216	0.000739813064228
769	0.000865532931352
762	0.000880039069866
763	0.00160051061608
761	0.00190997490438
764	0.00479669646872
40	0.00296408763642
956	0.00445338452388
4	0.00159083985707
285	0.00161501675459
284	0.00157633371855
679	0.000638270094628
670	0.00156182758004
671	0.000744648443733
672	0.00400852960945
260	0.00884874449371
264	0.00149896764648
268	0.000647940853638
58	0.000754319202743
56	0.000773660720762
537	0.00150380302598
534	0.00126203405074
531	0.0024418666499
530	0.00227746374674
538	0.00219526229516
988	0.00323970426819
200	0.00658578688548
987	0.00147962612846
984	0.00245153740891
117	0.000778496100266
202	0.00206470704853
113	0.00141193081539
118	0.000705965407695
773	0.000778496100266
429	0.000841356033828
428	0.0021324023616
421	0.00179392579627
422	0.000841356033828
424	0.000759154582247
427	0.0049804408899
912	0.0008123437568
308	0.000788166859276
301	0.000846191413333
303	0.000739813064228
305	0.000667282371657
847	0.00150380302598
846	0.000527056366019
845	0.00243219589089
844	0.00551233263543
842	0.00246120816792
840	0.00565739402057
955	0.000783331479771
849	0.00174073662171
823	0.000783331479771
568	0.00405688340449
569	0.00249022044495
508	0.00151347378499
754	0.00327838730423
561	0.014225686503
759	0.000860697551847
758	0.00148929688747
565	0.000817179136305
229	0.000749483823238
228	0.000797837618285
226	0.0008123437568
223	0.0008123437568
722	0.00236933595733
720	0.00979647887665
605	0.000836520654324
150	0.000836520654324
607	0.00451624445745
152	0.00439052459032
157	0.000918722105904
602	0.000870368310857
159	0.000807508377295
609	0.00237900671634
634	0.000793002238781
48	0.000870368310857
951	0.000894545208381
950	0.00734010608823
952	0.0166723885324
42	0.000763989961752
954	0.00251439734248
957	0.00145544923093
41	0.00287705080533
5	0.00158600447756
488	0.0016246875136
485	0.000793002238781
482	0.000730142305219
472	0.00158116909806
