344	0.000793002238781
0	0.003046289088
347	0.000686623889676
343	0.003046289088
817	0.000826849895314
719	0.00170205358568
718	0.000793002238781
716	0.000797837618285
712	0.000928392864914
710	0.00221943919269
295	0.00378126677272
292	0.00154248606202
293	0.00154248606202
290	0.000875203690362
591	0.00139742467688
590	0.00307046598552
592	0.0111117021019
199	0.00337509489432
198	0.00237417133684
599	0.00173590124221
197	0.000860697551847
190	0.0008123437568
193	0.0143417356111
192	0.000889709828876
270	0.00581696154423
272	0.000681788510171
274	0.0006092578176
275	0.000952569762438
277	0.00575893699017
278	0.0150622071573
526	0.000778496100266
522	0.00155215682103
443	0.00320102123215
440	0.00160534599558
446	0.00245637278842
444	0.00419710941013
103	0.000788166859276
101	0.00144577847192
107	0.000807508377295
105	0.00635368866926
900	0.000768825341257
901	0.00149413226697
907	0.000754319202743
32	0.000976746659962
31	0.00318651509364
30	0.00166820592914
35	0.00307046598552
34	0.000855862172343
641	0.00312849053958
643	0.000865532931352
644	0.00231131140328
437	0.00317684433463
435	0.00290606308236
433	0.00602488286293
335	0.000754319202743
334	0.00395534043489
337	0.000855862172343
45	0.0168126145381
333	0.000676953130666
332	0.00859246937996
745	0.00197283483794
857	0.000817179136305
850	0.00153765068251
851	0.00138775391787
42	0.000580245540571
858	0.000734977684724
6	0.00372807759817
98	0.000773660720762
91	0.00143127233341
90	0.000841356033828
96	0.00453075059596
742	0.00164402903162
743	0.00205020091002
558	0.00478219033021
746	0.000749483823238
747	0.000822014515809
748	0.00123785715322
749	0.00146995536945
557	0.000822014515809
551	0.00148929688747
550	0.000807508377295
553	0.000822014515809
552	0.000754319202743
236	0.00412457871756
230	0.0016246875136
231	0.000797837618285
232	0.000759154582247
233	0.00218075615665
147	0.000788166859276
144	0.00154248606202
142	0.000676953130666
143	0.00146028461044
141	0.00236450057783
612	0.00153281530301
617	0.000783331479771
614	0.00146028461044
149	0.00541078966583
1004	0.00177458427825
948	0.000822014515809
947	0.000788166859276
944	0.0031526674371
945	0.000860697551847
940	0.000788166859276
517	0.00127170480975
685	0.00251439734248
684	0.00258209265554
686	0.00143610771291
680	0.00320585661166
682	0.00308497212404
133	0.00226779298773
132	0.00231131140328
499	0.00239834823436
134	0.00482570874575
495	0.0021324023616
493	0.00267880024564
24	0.00127654018926
25	0.00368455918263
26	0.00234515905981
401	0.00248538506545
400	0.00247087892693
933	0.000831685274819
931	0.00149413226697
936	0.00837487730225
409	0.00165853517013
379	0.00310914902156
371	0.000793002238781
373	0.00153281530301
372	0.000807508377295
377	0.000928392864914
704	0.00158600447756
707	0.00161018137509
702	0.00306079522651
392	0.00163435827261
82	0.00318651509364
83	0.00469998887863
399	0.000822014515809
790	0.000836520654324
798	0.00400852960945
607	0.00453558597547
586	0.000647940853638
584	0.00330739958126
582	0.0034572963459
580	0.00154248606202
581	0.000672117751162
589	0.000686623889676
245	0.00544463732236
246	0.00783815017722
249	0.00238867747535
924	0.00249505582446
511	0.00163919365211
513	0.00473867191467
512	0.0024418666499
515	0.000696294648686
514	0.00749000285287
1001	0.00228229912625
516	0.000788166859276
458	0.00221943919269
624	0.000749483823238
450	0.00296892301592
629	0.00343795482788
628	0.00155699220053
454	0.00170205358568
456	0.000739813064228
595	0.00326871654522
175	0.00734494146773
171	0.00322036275017
977	0.000657611612647
976	0.000826849895314
972	0.000817179136305
971	0.00230164064427
979	0.00385379746529
978	0.003046289088
656	0.00151830916449
657	0.00239351285486
654	0.00161501675459
2	0.00544463732236
653	0.0165756809423
650	0.00896962898133
188	0.00151830916449
189	0.00130071708678
658	0.00451140907794
187	0.000667282371657
184	0.00323970426819
13	0.000643105474133
12	0.000614093197105
15	0.000778496100266
14	0.000807508377295
16	0.000773660720762
863	0.000720471546209
862	0.000759154582247
866	0.000826849895314
883	0.00235482981882
881	0.00080267299779
886	0.00627632259718
885	0.00224845146971
322	0.00333641185828
320	0.000880039069866
321	0.00225328684922
327	0.000855862172343
324	0.000875203690362
329	0.00366521766461
775	0.00558002794849
774	0.00259659879406
202	0.00148446150796
771	0.00320585661166
770	0.00235966519832
207	0.000957405141943
772	0.000681788510171
209	0.000889709828876
208	0.00308980750354
77	0.000884874449371
75	0.000783331479771
73	0.00375225449569
72	0.000841356033828
78	0.00158600447756
663	0.00277550783573
662	0.000759154582247
692	0.0008123437568
693	0.000749483823238
694	0.000807508377295
695	0.000759154582247
698	0.00151347378499
542	0.000778496100266
543	0.00154248606202
540	0.00257242189653
541	0.00070113002819
546	0.00172139510369
547	0.00174557200122
548	0.00167787668815
994	0.00231614678278
997	0.00158600447756
996	0.000686623889676
991	0.00484505026377
990	0.00161985213409
120	0.00165369979063
122	0.00211789622309
126	0.00315750281661
127	0.00695327572785
415	0.00140709543589
416	0.000797837618285
410	0.000894545208381
920	0.00319618585265
921	0.00151830916449
922	0.000768825341257
923	0.0185243388827
418	0.00158600447756
925	0.00262077569158
926	0.00293507535939
927	0.00475317805318
319	0.00171172434469
313	0.000788166859276
311	0.0008123437568
310	0.00159083985707
316	0.0023403236803
832	0.00175040738072
833	0.00970460666605
830	0.00245637278842
837	0.000662446992152
835	0.00159083985707
838	0.000817179136305
369	0.000676953130666
364	0.00321552737067
365	0.00181810269379
362	0.00129104632777
360	0.000647940853638
381	0.00397951733242
383	0.00329772882225
388	0.000826849895314
782	0.0006092578176
783	0.00168754744716
788	0.00273198942019
789	0.000778496100266
573	0.000739813064228
572	0.00665831757806
577	0.00336542413531
576	0.00877621380114
575	0.00484988564327
61	0.00357334545402
62	0.00164886441112
65	0.00317684433463
66	0.00408589568152
67	0.0031478320576
253	0.00383445594728
250	0.00070113002819
256	0.00158116909806
257	0.00446305528289
731	0.00242252513188
508	0.00312849053958
736	0.00415842637409
506	0.000763989961752
738	0.00169238282667
505	0.00249505582446
502	0.00156182758004
500	0.00134907088183
630	0.00397468195291
631	0.000589916299581
633	0.00836037116373
469	0.000691459269181
638	0.00153765068251
464	0.0310141241435
462	0.00314299667809
168	0.00380060829074
164	0.000822014515809
165	0.000730142305219
166	0.000923557485409
167	0.0007108007872
160	0.00617961500708
966	0.00333641185828
963	0.00155699220053
969	0.000531891745524
935	0.000807508377295
909	0.00637786556678
879	0.000884874449371
873	0.000754319202743
870	0.00212756698209
891	0.00377643139322
894	0.00146995536945
898	0.00457910439101
648	0.000763989961752
356	0.000618928576609
809	0.00249989120396
353	0.000730142305219
214	0.000778496100266
769	0.000841356033828
762	0.000831685274819
763	0.00598136444739
761	0.00459844590903
765	0.00322519812968
40	0.00349597938194
41	0.00157149833905
280	0.00166820592914
285	0.00150863840549
284	0.000734977684724
679	0.00167787668815
670	0.000875203690362
671	0.00417293251261
672	0.000614093197105
267	0.00147962612846
264	0.000652776233143
268	0.000822014515809
58	0.000851026792838
56	0.00141676619489
535	0.00123302177371
532	0.00243219589089
531	0.00252890348099
530	0.00232098216229
538	0.00300760605196
988	0.00627632259718
200	0.00159567523657
987	0.00230164064427
984	0.000773660720762
117	0.00219042691566
776	0.000720471546209
113	0.000739813064228
118	0.00165853517013
429	0.00212273160259
918	0.000725306925714
421	0.00151830916449
423	0.000817179136305
422	0.000739813064228
424	0.00470482425813
427	0.000899380587885
912	0.000836520654324
308	0.000720471546209
301	0.000749483823238
303	0.000614093197105
306	0.00155215682103
847	0.000585080920076
846	0.00309947826255
845	0.0056912416771
844	0.00227262836724
842	0.00574926623116
840	0.00154248606202
849	0.000705965407695
823	0.00342828406888
568	0.00238867747535
569	0.00139742467688
754	0.0136841239985
561	0.000865532931352
759	0.00156182758004
758	0.000807508377295
566	0.000836520654324
229	0.000783331479771
228	0.000846191413333
226	0.000822014515809
724	0.00220493305417
723	0.00990769260525
720	0.000918722105904
605	0.000952569762438
150	0.00440019534933
153	0.00156182758004
152	0.000826849895314
157	0.000783331479771
602	0.000797837618285
159	0.00256758651703
609	0.00156666295954
634	0.000715636166705
48	0.0007108007872
951	0.000763989961752
950	0.00717086780556
952	0.00133940012282
955	0.000763989961752
954	0.00246604354743
957	0.00157149833905
956	0.00435667693379
5	0.00176007813973
488	0.00154248606202
485	0.000793002238781
482	0.000652776233143
472	0.00154732144152
