344	0.00287462508266
0	0.000660631723369
347	0.0020073533153
343	0.00241645628839
810	0.000660155778554
817	0.00210227833479
719	0.00123561264945
718	0.00267477581279
716	0.00272129091609
715	0.0
713	0.00267589982925
712	0.00468409865745
710	0.00132058183619
915	0.00905713131808
910	0.00200848666783
299	0.000578945576682
294	0.00271392368966
292	0.00200368775526
293	0.00130694092811
290	0.00343999688598
291	0.00202504674597
591	0.00475795833465
590	0.00067666803635
592	0.00401153197806
595	0.00266908561148
198	0.00066611469492
596	0.00133693504454
599	0.001980999312
196	0.00201348606701
191	0.00271495378737
193	0.00201071705489
192	0.000648237569107
272	0.00601789923794
273	0.000648975225805
275	0.00131287411609
277	0.0
524	0.00115826606881
526	0.00141782815423
522	0.00133768852749
528	0.00275712086811
448	0.000677254017104
443	0.00402799033703
440	0.00130445053973
444	0.00132451053613
102	0.00523629065123
103	0.00119614185413
101	0.00199745837519
106	0.0
107	0.00264216330525
104	0.00469954900946
105	0.000564928915431
900	0.00133838447311
901	0.000646145192624
907	0.0
905	0.000695857943893
32	0.00142671450969
31	0.0028265284156
30	0.00400427268761
35	0.000713894137293
34	0.00121044090399
641	0.000650417739104
643	0.00133154257918
644	0.00118194211707
647	0.00424677285453
439	0.000659460949795
648	0.00134742198551
435	0.00135444984186
433	0.00195473132203
338	0.000621621346426
335	0.0019455991365
334	0.00525540930014
337	0.000665769643285
333	0.00925380785087
332	0.000677195824752
854	0.00265729026234
855	0.00183675641738
857	0.00142515197789
850	0.00398213750571
851	0.00348178550888
853	0.000602934549719
859	0.000676124933794
6	0.00132853238439
98	0.00267067972494
91	0.00329200015015
90	0.00401010461956
92	0.00283987619107
96	0.000604922246894
740	0.00121339724212
742	0.0040425490738
743	0.00199897483369
558	0.000694156469288
748	0.0
749	0.00261285558244
557	0.000670614933323
556	0.00132403171735
551	0.000662232213361
550	0.00133161776632
552	0.000713894137293
236	0.00135749603315
230	0.000669746575355
231	0.0025105346431
232	0.00198133433439
233	0.00200963096931
1	0.0
147	0.004688603145
144	0.000678532392694
142	0.00355091787662
141	0.00420193298373
612	0.000604922246894
617	0.00266321135053
614	0.00277442226479
149	0.00134989302459
948	0.000706265889943
515	0.00066623906251
944	0.000732140098817
942	0.00133378142088
940	0.00202603736709
517	0.000667900661025
685	0.00137429678586
684	0.00344316264338
687	0.00477390573239
686	0.00200652166536
680	0.00331239879252
683	0.000681161862204
682	0.000605625047773
132	0.0
137	0.000677010828391
136	0.00423054496466
135	0.00398932783785
134	0.00200259236392
495	0.00132787087753
139	0.000593007022849
497	0.0
491	0.0
493	0.00286226419363
24	0.00427120726021
25	0.0
927	0.00994056104188
29	0.0
406	0.000662126167295
405	0.000664657093623
402	0.000602934549719
401	0.00408378501044
936	0.000667106595776
409	0.000660631723369
379	0.00066611469492
373	0.000721011802322
372	0.000669004686316
377	0.00330754829059
704	0.00209180193491
706	0.0
707	0.00395215651055
700	0.00192693870237
702	0.00121680937431
703	0.00134393253921
393	0.0
82	0.0
83	0.000673537810542
86	0.000671289382421
87	0.000706265889943
796	0.000643463238627
795	0.00215271061815
791	0.000668219896511
790	0.00388350590776
798	0.00067666803635
586	0.00133549989591
587	0.000662038593251
582	0.00123442087539
581	0.00199784941721
589	0.000688846175973
245	0.00251611170886
246	0.00133469588759
241	0.000701807813962
249	0.00197271399915
248	0.00133551690577
924	0.00547204288098
510	0.000579320492123
513	0.0019867730686
1004	0.00130035168916
1003	0.000658275843424
514	0.00125664612158
1001	0.00238323079717
516	0.00443352665999
458	0.0
459	0.0
626	0.000673537810542
624	0.000619585884133
450	0.00734752790865
629	0.0106013165517
628	0.00197260645119
454	0.00804613080672
199	0.00121497968349
175	0.00394436767757
173	0.00244633580952
171	0.000668970409869
977	0.00231875378188
971	0.00143216520432
978	0.0135253496987
654	0.000649268728616
2	0.00582295071506
184	0.00133423516911
185	0.0033489187936
188	0.00212499640818
189	0.00276490395689
658	0.00284750502966
650	0.00200375581711
868	0.00332280699867
13	0.000631771907187
12	0.000662126167295
15	0.000662126167295
14	0.0049067039269
16	0.000646653468908
863	0.00471485558607
862	0.00132423847566
865	0.000668619037153
866	0.00267350099679
947	0.00133476996052
883	0.000666833288134
881	0.000643463238627
886	0.000661165127949
885	0.000659460949795
569	0.00594731257408
322	0.00061030053135
323	0.00290724654362
321	0.00139929029936
327	0.000648237569107
324	0.00178549705424
329	0.000617872180664
562	0.000578945576682
688	0.0
201	0.00067041162448
200	0.00285872118055
202	0.000706265889943
771	0.00270741813131
770	0.000662232213361
207	0.00788074428685
772	0.012690417177
77	0.00265287884827
75	0.00602996785431
72	0.00135669439567
663	0.00240870011348
662	0.00401550036277
660	0.00136712884194
692	0.00600925104586
693	0.00131610370154
696	0.00135811781794
697	0.00245749585126
695	0.000668377923028
698	0.00373094167976
542	0.00465188231629
543	0.00142515197789
540	0.00872673856956
541	0.00129483527514
546	0.0013326467183
547	0.00142318859422
8	0.00203479259012
548	0.00181429041666
994	0.00127255453174
997	0.000602818316573
991	0.000670574964044
990	0.00214937467631
993	0.000673537810542
120	0.0154178122863
125	0.000579320492123
126	0.00196584645868
414	0.00071742005277
415	0.00602096985147
416	0.00867321893115
410	0.000611184326534
920	0.00207485275363
921	0.00579978146739
923	0.0067451102862
418	0.00113736357879
925	0.00184474935087
926	0.00133931366727
499	0.00208487686879
319	0.000695991163488
318	0.000689409217009
313	0.00536574686762
311	0.00184474935087
316	0.0106986154909
833	0.00465914195776
830	0.00199009037907
837	0.00127278881634
834	0.00067041162448
838	0.00144196181539
368	0.00061030053135
369	0.00331011246906
364	0.00123689262426
362	0.00278821959089
360	0.00283798693566
952	0.00143216520432
381	0.00519270451051
383	0.00137439751623
388	0.00192330568439
784	0.00134618096733
782	0.00203170550445
783	0.00198319670267
788	0.0
789	0.00065712849779
573	0.00066693440572
572	0.00133707604938
577	0.00200801629974
153	0.000576317069293
575	0.00132121434438
61	0.00670622349367
62	0.00266624219048
65	0.00473315562875
66	0.000660364342057
67	0.00287802165278
253	0.000699354203618
250	0.00198510310583
256	0.00267979109243
939	0.000579320492123
731	0.00267593033139
737	0.00262956745322
736	0.000671603100089
506	0.00438266366007
738	0.00324985671405
502	0.00402903383358
500	0.00270844605568
630	0.00356835011711
631	0.00284151409695
633	0.00260436898569
469	0.00214836220585
466	0.000669125535479
462	0.00132963799056
168	0.010561056273
164	0.00181429041666
165	0.00569503567262
166	0.00199160546941
167	0.00143227256003
160	0.00845504955749
966	0.000668970409869
963	0.000721904002563
879	0.00611931683705
873	0.0024854937777
870	0.0
891	0.00643703931119
646	0.00199273505242
356	0.0106643984135
808	0.0
353	0.00071742005277
802	0.0013347192756
216	0.00139918245625
214	0.00679563216782
769	0.00201493837952
762	0.00199350195129
955	0.00306461818283
761	0.000631771907187
764	0.00247884552547
765	0.0054075737857
956	0.000645910764318
4	0.0
281	0.00138934864052
280	0.0134421316316
283	0.00067666803635
678	0.00067932312521
679	0.000694156469288
674	0.000732140098817
672	0.0
260	0.00198742377471
267	0.00364633097898
264	0.000670557016589
58	0.000668619037153
53	0.000675571346695
52	0.00660928279568
537	0.00199621888691
535	0.00729011727788
534	0.00242294295697
533	0.000673890395093
532	0.00192592024061
531	0.00133565830814
530	0.00418845042432
538	0.000660631723369
988	0.00143227256003
774	0.000667182328543
983	0.0
987	0.000667643387755
113	0.000662232213361
112	0.000732140098817
773	0.000610811250055
429	0.00336580574538
428	0.00849583789335
918	0.0
421	0.00143402923353
420	0.00121339724212
423	0.00401420722354
422	0.000668877683822
424	0.00430688766021
427	0.000610811250055
912	0.00665555357612
308	0.0
309	0.0
301	0.000713894137293
302	0.00071533026132
303	0.00179855010515
304	0.0
305	0.00066693440572
306	0.00470853786147
847	0.00142855118615
846	0.00141673047267
844	0.0
843	0.000651302633378
842	0.0
840	0.000620058683925
849	0.00196963127494
823	0.000662232213361
568	0.00466455342128
752	0.00209391290766
754	0.00400079026135
561	0.00212578490496
759	0.000654511696504
758	0.0
564	0.0
565	0.00207966010856
739	0.00067041162448
228	0.00132109713018
226	0.00067041162448
223	0.00188045892038
220	0.00133829009105
724	0.00260801752413
722	0.00198847960876
723	0.0
720	0.00264960542645
605	0.00459325941828
150	0.00133875126167
607	0.00132568382511
152	0.000671289382421
154	0.000579320492123
157	0.00334815152635
602	0.00134213158835
159	0.0128516190533
158	0.00334306481677
609	0.00332683905936
48	0.00138781525018
951	0.00389792316205
950	0.00240235299828
953	0.000718681384623
45	0.000660364342057
42	0.0
954	0.000713894137293
40	0.00334268377016
41	0.0
5	0.00197302668067
488	0.00066611469492
485	0.00198819841868
482	0.000660465406813
472	0.004635856794
470	0.001972876221
477	0.000579320492123
