344	0.00114787390464
0	0.0115122233616
347	0.000572785093193
343	0.0
810	0.00228477606155
812	0.000568017884182
718	0.00514681946428
716	0.00343361117379
713	0.00341670736986
712	0.00227847923481
711	0.000573624465237
710	0.00286746782452
915	0.00171283251267
299	0.0
294	0.00449788470921
295	0.000576046916158
292	0.000570065285822
293	0.0022929911065
290	0.0028399157941
291	0.00398390424247
591	0.00228073055076
590	0.00114571968211
592	0.0028486018601
595	0.00402007905217
198	0.000571193339797
599	0.00172834424447
194	0.00277347308886
197	0.000571545128601
196	0.00226171316324
191	0.000570350444065
190	0.00457530783854
193	0.00514767972534
192	0.000571103341762
272	0.00114183785689
274	0.000572106918684
275	0.00057140194606
277	0.000572785093193
278	0.00170812791771
527	0.00115230088538
522	0.00286813499236
528	0.00114054064392
443	0.00228168742588
447	0.00337138846529
444	0.0017106123934
102	0.0
103	0.00110993512369
101	0.00171810450363
106	0.00205321155924
107	0.0045641768481
104	0.0011239654346
900	0.00513442750998
38	0.00171552024525
907	0.000573624465237
905	0.000573482839251
32	0.00113874998647
31	0.0017194025055
30	0.00562133273515
37	0.00112310453419
35	0.000572837518628
641	0.00114249517093
643	0.00114272884181
644	0.0011454487478
646	0.00741358507934
648	0.00506633910103
435	0.00112360921785
432	0.000571316082748
433	0.000571316082748
338	0.00114285322142
335	0.00285800424031
334	0.00626634051465
337	0.00112824451954
333	0.00978825401051
332	0.00280923181599
854	0.00170928860668
855	0.000570399802582
850	0.00171634875703
851	0.00171393132795
819	0.000569788959455
858	0.000570749934353
6	0.00172233822463
98	0.00683621917313
91	0.00169289389759
90	0.00342674682216
95	0.000571316082748
97	0.00057164990834
96	0.000810171882259
740	0.000354138958755
741	0.000573781663459
742	0.00455368760552
743	0.00166884099646
559	0.000643613964253
558	0.00107361889946
746	0.00109210255819
551	0.00114032779601
550	0.00228882170008
553	0.0
552	0.00171168314905
239	0.000573842400464
235	0.000571073517267
236	0.00114203010141
230	0.000566595424246
231	0.00285693186289
232	0.00336845565235
1	0.00113059904874
147	0.00228495112677
143	0.00114064716939
141	0.00114290280445
612	0.00057212493302
613	0.000571666088673
617	0.00113977952057
614	0.000570749934353
149	0.000572504123853
912	0.00337179413663
949	0.0011229297825
947	0.00114321033939
942	0.000570531249292
517	0.00565032952294
685	0.00228158960902
684	0.00435808348639
687	0.00169733318973
680	0.00229443963758
682	0.00228313351286
459	0.000564863247142
133	0.00280464656576
136	0.00400055669471
135	0.0091264705955
134	0.00284924272206
490	0.000565637938646
491	0.000570564069221
493	0.0017166282888
24	0.00286163587427
927	0.0102580906433
28	0.000571316082748
407	0.000573624465237
405	0.000568804159656
404	0.00115039587049
402	0.00157605673441
401	0.00342150110111
933	0.000572785093193
936	0.00171523131263
409	0.00115227293881
934	0.000574602558891
379	0.00114221864005
828	0.00113611361335
371	0.00171224644345
373	0.000572106918684
372	0.00172631136929
374	0.00171010892057
377	0.00343301651469
704	0.00109967324608
707	0.00113787940349
702	0.00057013292315
703	0.00114207637789
393	0.000573624465237
392	0.000562561866034
82	0.0017049942402
181	0.00171567751784
399	0.00166176781919
398	0.000569720565671
86	0.000570600207475
84	0.000571482854881
796	0.00171127675276
790	0.00284007454388
798	0.000565612681128
7	0.000571284990451
607	0.00227904328981
586	0.0095692085172
587	0.000570445301981
584	0.000573781663459
582	0.000571316082748
581	0.00114248009148
245	0.00285645830307
246	0.00286209746487
615	0.000573624465237
249	0.00115227293881
248	0.0017105575284
924	0.000572932029326
511	0.000572555415721
510	0.000289475005498
513	0.00228142688988
512	0.00057212493302
1001	0.00565711759797
516	0.000571625500044
458	0.00161753519224
622	0.00117418458579
951	0.00284820248834
624	0.00114299952242
450	0.00456568287917
629	0.00457158776236
628	0.00284382626918
454	0.0102545945648
456	0.00400022755716
178	0.00457485038839
199	0.00113797465193
175	0.00057140194606
173	0.000568832712986
171	0.00286318445741
170	0.000570399802582
977	0.00341495823011
976	0.00114811704648
253	0.00170469068716
978	0.00572313275814
656	0.00114494443731
654	0.000570934391229
2	0.00113784834588
186	0.00225597327345
187	0.00114205724014
650	0.00171041907226
188	0.00343551120686
189	0.00687589152083
659	0.00113989248866
184	0.000573624465237
868	0.00281610396909
13	0.00057227932327
12	0.000576636551458
15	0.00172286339844
14	0.00284992403276
16	0.00229290051495
19	0.00057345066096
863	0.00283217713745
862	0.00402183188789
865	0.00114161041442
866	0.00114540705831
883	0.00629708722153
880	0.00113681279755
887	0.00056635251664
885	0.00224766690168
752	0.000569696099363
322	0.0
323	0.0
320	0.000573624465237
321	0.000543916292773
327	0.000571103341762
324	0.00228406259359
329	0.00228594471252
201	0.00114067869577
200	0.00458114368618
776	0.000566595424246
771	0.00455897204193
204	0.000562610296781
207	0.000574846466143
206	0.000571408498595
209	0.000562060878537
779	0.000573624465237
77	0.0011229297825
76	0.000553763443576
75	0.00114089453482
74	0.00617853245798
73	0.00054105357354
72	0.00114505952193
71	0.000574602558891
70	0.0022718017482
78	0.00115227293881
662	0.0034235765851
692	0.00399078027719
693	0.0023008289077
696	0.00170999774711
697	0.00228215240718
695	0.00114205724014
698	0.00399893910409
542	0.00171042111374
543	0.00057145660044
540	0.00228482717898
541	0.00113797465193
546	0.00744559952784
547	0.000574911181327
544	0.000571545128601
8	0.000571545128601
549	0.000570531249292
994	0.000571316082748
997	0.00114283692329
996	0.00341099051134
991	0.000576046916158
990	0.00229293092181
993	0.00113623845008
999	0.0011433205646
120	0.0114276356907
126	0.000562610296781
127	0.00514990784626
414	0.000572154562225
415	0.00114019646191
416	0.00844756932419
410	0.000573258368563
413	0.00109210255819
920	0.00285831397518
921	0.000571404734374
923	0.00399671217856
418	0.0022719100936
925	0.0017127322686
926	0.000570924805616
499	0.00108399316521
318	0.000569696099363
313	0.00561880025291
312	0.000576226022651
311	0.0017127322686
310	0.0011341465287
317	0.00057017016177
316	0.00399900242645
315	0.000565612681128
832	0.00342956111059
830	0.00171073234632
834	0.000570065285822
838	0.00057168420066
369	0.00228128169031
364	0.00228392026942
365	0.0
361	0.000571316082748
952	0.000572885026605
381	0.00399701862858
383	0.00169931732932
388	0.00627311804499
784	0.00171147692175
782	0.00337234575733
783	0.00170983239004
789	0.00114738738841
151	0.00113610424364
573	0.000562610296781
572	0.00114334724749
577	0.000571948842192
576	0.000568832712986
575	0.00168446254237
61	0.00284582357135
62	0.00114059716656
66	0.0
67	0.00287272402571
68	0.000571316082748
69	0.000553763443576
250	0.0017106123934
251	0.00114254993547
256	0.00563081955923
257	0.00113846197733
939	0.000571482854881
731	0.00516125508212
730	0.0011250186762
732	0.000576046916158
737	0.00114308593755
506	0.00398079747636
738	0.00285764039338
505	0.000563710264435
502	0.00688016276277
500	0.003936954476
501	0.000570065285822
630	0.00343050797377
633	0.00285497429053
634	0.000915255249392
638	0.00228495199713
464	0.0011372088342
466	0.000571193339797
460	0.000573842400464
901	0.000554577111202
168	0.00393180080062
169	0.000575793311602
164	0.000567933074757
165	0.00458244394971
166	0.00392974515635
167	0.000572555415721
161	0.000570644517089
963	0.000574846466143
969	0.000570706810186
935	0.00165711585317
909	0.0
872	0.000571316082748
873	0.00114257922426
870	0.00114097655127
891	0.00400358646575
899	0.000571683991488
356	0.00956034160703
809	0.000571316082748
808	0.0
353	0.00114426148091
803	0.000564863247142
802	0.000570777103775
801	0.000565817031258
807	0.000572934588913
216	0.000533325854664
214	0.00623306744561
769	0.00339321314253
762	0.00338083233888
761	0.00114312556045
767	0.00172434306913
764	0.00171359758183
765	0.00562456821163
956	0.00320720405498
288	0.000571644735436
4	0.00171381811638
281	0.00114636152565
280	0.00628250235005
284	0.00114771697747
674	0.000562561866034
676	0.000289475005498
670	0.0
671	0.00114252937431
263	0.000570410371776
260	0.00112183722237
267	0.0062236412689
266	0.00112184370893
264	0.000571272252243
268	0.00341867102866
58	0.0
56	0.000571316082748
50	0.000524811158529
53	0.00171533495623
52	0.000562060878537
537	0.00171383252913
535	0.00285097370099
534	0.00799852347676
532	0.00171646052247
531	0.00228206505843
530	0.0045750402187
538	0.00115227293881
774	0.000571805914534
983	0.000570478354423
980	0.000570065285822
987	0.0188528700484
984	0.00280835414469
117	0.00170913432685
111	0.000561034292482
113	0.00114032779601
112	0.00393995041331
119	0.000568213463106
118	0.0
770	0.000569962664692
773	0.00057101638327
772	0.0353378473436
429	0.0022797313767
428	0.00171947321051
918	0.000540293044799
421	0.000573098143509
420	0.00107179872935
423	0.00513427412172
422	0.00229900602854
424	0.0034371291852
427	0.00114256966292
426	0.000573624465237
304	0.00057164990834
305	0.00112394359995
306	0.00341767326365
845	0.00505255207002
844	0.00324755062383
843	0.00745464934522
842	0.00114257163722
840	0.00114257922426
849	0.00228564824795
848	0.000571449766899
823	0.00228232251753
568	0.00114249838495
569	0.000576226022651
754	0.000570065285822
561	0.000574846466143
758	0.00105360618436
565	0.000543916292773
566	0.00284407031404
229	0.00106714722506
228	0.00230041437479
227	0.0
223	0.000570065285822
220	0.00342442256541
724	0.00457546785526
722	0.00114032779601
723	0.00104387945009
720	0.00456254176826
605	0.0028782713025
150	0.000572073647875
153	0.00340799410685
152	0.000570600207475
157	0.00171244636004
602	0.00167733815289
159	0.00227356718631
609	0.00456606826935
83	0.000570653483223
469	0.000572555415721
48	0.000533325854664
46	0.000289475005498
950	0.00215813305205
45	0.0
955	0.00342640456618
40	0.00799431376063
41	0.000520280329694
5	0.0
485	0.00114032779601
482	0.0028519029801
472	0.00393166772477
470	0.00115227293881
471	0.000569965289998
477	0.00113837163919
478	0.00169332924591
