344	0.0016545983049
0	0.000797611905592
346	0.000384477015692
347	0.000404308080965
340	0.000404834809995
341	0.00123631611862
343	0.00118502782492
810	0.000794979241938
811	0.000405916589023
812	0.000401475247446
813	0.00161983162973
814	0.000405290665959
349	0.00164492467595
817	0.000415065699388
719	0.000793326280542
718	0.00481784742142
716	0.00161538803154
713	0.000809123874804
711	0.00080507368886
710	0.001994861635
915	0.00576300796085
914	0.000403261878963
736	0.00039263403566
910	0.000404673394803
913	0.00121367682072
299	0.000751981607932
294	0.000809011907205
295	0.000399178222538
292	0.0
293	0.00197356206944
290	0.000806632557095
591	0.00158910528125
595	0.00203797502584
198	0.000407307464419
597	0.000393988006491
599	0.00199112189441
197	0.000403143937253
196	0.00121277309203
191	0.00162474266875
190	0.00410903886568
193	0.0016199786626
192	0.00197269789434
270	0.000393988006491
272	0.000806261664545
274	0.000823184546531
275	0.000787088332009
277	0.000404673394803
278	0.000806636669487
738	0.0145951701371
526	0.00123489112585
527	0.000803354384005
522	0.000399843537954
528	0.0024218543297
443	0.00160983768337
441	0.000395915483123
440	0.00127438067715
445	0.00164905481726
444	0.000404493352075
109	0.0012136912795
101	0.000394674558047
106	0.000351557362075
107	0.00239898474353
104	0.00121396364753
105	0.000404420813891
902	0.000412816171015
39	0.000403143937253
901	0.000403433023318
905	0.00040507855518
32	0.00119511210061
31	0.00288134909082
30	0.00201721967961
35	0.00165898545933
641	0.00078872486723
643	0.000427397453139
644	0.00236430660409
647	0.000826976043087
439	0.00161553797563
649	0.000796038053528
437	0.000393988006491
434	0.000398929823565
435	0.0052779953856
433	0.00118425798494
339	0.000399178222538
338	0.00119291659262
335	0.000425431936945
334	0.00520989669438
337	0.00114405064878
336	0.000397391605289
333	0.000797409009476
332	0.002834346642
744	0.00202361226552
745	0.000787306611732
818	0.0
857	0.00289270451243
850	0.00317098489497
851	0.00452265201017
6	0.000792496827778
99	0.000796522941091
98	0.00363122952613
90	0.00972884945628
92	0.00165229837796
95	0.000788590510318
96	0.000374763038445
740	0.000707089880074
742	0.00404959539574
743	0.00242476052389
559	0.0
558	0.00278819044105
746	0.00445461297676
749	0.00119192087339
557	0.000405631142569
556	0.000404227985422
551	0.000406323249511
550	0.00243982368033
553	0.000395662219128
552	0.0016604200376
239	0.0019953372338
235	0.00121415876374
231	0.00433847220156
232	0.00364227804791
233	0.00121542490687
147	0.00282986648986
618	0.00120248028423
142	0.003710021998
143	0.00122062471453
141	0.000415065699388
611	0.0011826537566
617	0.00161361132036
614	0.00206368234078
1004	0.000792231430276
948	0.00649424386964
949	0.00161697536867
946	0.00405021036402
945	0.000393988006491
940	0.00081043625378
517	0.00323587479223
685	0.00123489112585
684	0.00644925877961
687	0.00323046835199
516	0.000393988006491
680	0.000813837973893
682	0.000393988006491
133	0.00121366114315
130	0.000402076628818
136	0.00165330320824
134	0.00120179779166
139	0.00693672812921
493	0.00123489112585
24	0.00246773312595
25	0.000397961295683
21	0.000412760368259
927	0.000405631142569
28	0.000790786873643
29	0.00118433213742
939	0.0011718743234
404	0.000820012184244
402	0.00075290127563
401	0.00203397109951
400	0.000807682692854
933	0.000404308080965
937	0.000400856783319
409	0.000797101685642
934	0.000816986777537
379	0.000392050210584
378	0.000393451762563
828	0.00118082225326
373	0.00206745419141
374	0.00121324760027
377	0.00123368537903
376	0.001161648447
704	0.0027994696267
706	0.000402129718974
707	0.001209859182
700	0.00199265523013
144	0.000407376833797
702	0.00118234935208
703	0.00121512438967
393	0.00041167958734
392	0.0020246287187
391	0.0033027750199
390	0.000403433023318
394	0.000404673394803
82	0.00160412437339
181	0.00124408921967
399	0.000394581953569
86	0.000804206004987
796	0.000791006493653
795	0.00207943542628
791	0.000407376833797
790	0.00522070064012
799	0.0012186584946
798	0.000402129718974
586	0.0121424761553
587	0.000405916589023
584	0.000813837973893
585	0.000786166114051
582	0.000790786873643
580	0.00161885197872
581	0.00120919454745
245	0.00196821200273
246	0.00158059914929
243	0.000398882761823
242	0.000406132387505
249	0.000797611905592
924	0.00236627147907
518	0.00162282208255
510	0.00076529661816
513	0.000404366273148
512	0.000415065699388
1003	0.000405536769147
514	0.00275742745936
1001	0.00156791227277
1000	0.00357369025166
458	0.00319663733184
622	0.00114379604187
624	0.00119749900508
450	0.00164023004481
629	0.00944836876672
628	0.0004030227769
454	0.00324329539099
178	0.0103845003679
199	0.00157686344919
175	0.000787088332009
173	0.000787306611732
170	0.00160008244204
977	0.000798565159501
976	0.00121296137247
974	0.000809690125556
971	0.00124010894373
979	0.000393988006491
978	0.00870175859109
656	0.00123444952242
657	0.00078819181848
654	0.00118799556219
2	0.00279655583725
187	0.000411858889483
650	0.00157606318289
185	0.000393899963818
188	0.00164950936716
189	0.00159748223226
658	0.00244877312146
659	0.000405033304323
184	0.000804895937616
868	0.00161481079907
13	0.000796117725466
15	0.000406795869531
14	0.00197457399113
17	0.00124081780429
16	0.00159983237721
19	0.000399764910105
863	0.000403433023318
862	0.00159057859725
865	0.000811937576669
866	0.00121106067074
883	0.00120923434229
881	0.00118717632181
880	0.000806438761389
886	0.000398755457469
885	0.0012143891028
752	0.00325325540359
888	0.000827145712523
929	0.00159480926188
809	0.000790786873643
322	0.00157116475431
323	0.00076529661816
321	0.000401256619579
326	0.00162149007669
327	0.00118500153867
324	0.000405631142569
329	0.000792670492436
775	0.00122133348759
200	0.00453835963893
777	0.000399764910105
758	0.00239449631798
771	0.000403261878963
207	0.00456372327222
206	0.00076529661816
779	0.000803879046778
77	0.00120957927455
76	0.00039263403566
75	0.00240842612169
74	0.0032377766681
73	0.00238795401054
71	0.00040785090918
70	0.00239098988682
78	0.00120132739064
686	0.000393515641525
669	0.000812188795277
668	0.00122147377607
667	0.000415498568444
663	0.00239322920328
662	0.00241233601836
660	0.000402129718974
692	0.000810245951852
693	0.00119129850833
696	0.000816450040079
697	0.00199075847643
695	0.0012342884688
698	0.00275837205799
542	0.00525462710762
543	0.00124010894373
540	0.00315637442451
541	0.00197855432479
546	0.000406828370102
547	0.00207062309425
544	0.0040714241333
8	0.000407376833797
995	0.00160804961493
994	0.00275806861281
997	0.00161966451808
996	0.00157638710004
991	0.00119961272134
990	0.00248464143832
120	0.00651343873825
122	0.000790157260568
125	0.00229127898315
126	0.00404191474159
127	0.00161855574061
69	0.000357592918464
414	0.000410818897509
415	0.00405780006542
416	0.00121712536961
410	0.00239726119668
920	0.00246849751071
921	0.00236802884209
923	0.0108849639324
418	0.000393601001707
925	0.00158077789886
499	0.00200704410888
319	0.000797271800183
318	0.00161409832582
313	0.00283402187362
311	0.000788752078099
310	0.000761042860482
317	0.0
316	0.00948687966858
314	0.000797611905592
832	0.00235234382161
837	0.0007895876953
835	0.000405209419109
838	0.00165118208605
3	0.0008265103469
369	0.00121343569546
367	0.0137869160829
362	0.00201333783681
360	0.00164770659309
361	0.0003946905465
381	0.00317802059765
383	0.00283929482627
387	0.000827659843508
388	0.000799902042875
784	0.00363137206627
780	0.000393451762563
782	0.00574812196004
783	0.0015828206248
788	0.00151828795826
789	0.000795996364968
151	0.00121087082233
573	0.000810283168553
572	0.00121372293762
571	0.00809244290434
576	0.000393988006491
575	0.000404587401855
61	0.00728575292096
62	0.00242646157957
64	0.000384477015692
65	0.00244034888898
66	0.0
67	0.00206513343564
68	0.0003946905465
253	0.00121044765916
250	0.00119722699598
251	0.000790786873643
256	0.000404372751284
731	0.0028467131005
730	0.00202178646162
732	0.00120013450268
509	0.000404300978762
506	0.00669509920975
507	0.00123246869847
505	0.000380211991827
502	0.00482595718818
503	0.00199044683076
500	0.00243119344194
630	0.00411487911733
631	0.00123489112585
633	0.00242287298486
634	0.000777382185536
638	0.0039427490606
464	0.0003962578531
466	0.000401890535345
900	0.00161741429333
168	0.0068716726042
169	0.00164658757825
164	0.00112671686751
165	0.00330262150093
166	0.0028334307859
167	0.000830564267831
160	0.0028686800316
161	0.00121384963521
962	0.00121164036663
963	0.000819257097262
969	0.00121280523698
935	0.0016195629915
908	0.000405047011732
909	0.00119932375234
878	0.000400263520099
879	0.00143746564753
876	0.0003962578531
874	0.00039471125766
875	0.000403143937253
872	0.0003946905465
873	0.00197223750365
870	0.00120683157553
890	0.00323363813364
891	0.0123114823929
895	0.000406323249511
899	0.000399657987091
646	0.00202185201315
648	0.000808579547279
356	0.0133435257805
355	0.000404308080965
353	0.00164890519944
351	0.00164999202536
803	0.000406014748212
802	0.000822282131312
800	0.000404414058876
806	0.00992031860797
804	0.000392259578441
216	0.000397961295683
214	0.0101477601619
769	0.00242008998886
762	0.000809690125556
955	0.00197287081481
761	0.000785650771105
767	0.00119553703025
764	0.00275254060373
765	0.00687782204511
957	0.000415065699388
956	0.00199610977506
289	0.00039331860524
288	0.00206128587991
281	0.000809996746013
280	0.0111312159449
285	0.000795368205614
284	0.000406795869531
679	0.000401570806546
674	0.00161796982799
676	0.0011482761544
670	0.00118814819631
267	0.00406979272028
266	0.00242279420671
264	0.000788558656259
268	0.000807338851994
58	0.00039957515886
55	0.000408804957322
56	0.00158359625899
50	0.0
53	0.00282748339216
537	0.000840634133627
535	0.00404473656707
534	0.00237187201625
532	0.000790928349184
531	0.0003946905465
530	0.00368520951847
538	0.000399178222538
988	0.00788078808684
980	0.00198302637384
987	0.0122500778974
984	0.00364350296598
114	0.000816996085059
117	0.000403492732234
776	0.000404673394803
111	0.000405086631755
113	0.000808780332024
112	0.00242015200942
119	0.000399317590732
772	0.00322893455627
429	0.00162195105089
428	0.00660215192062
919	0.00154625622787
918	0.00160685967908
421	0.00166377014009
420	0.000357592918464
423	0.00317043984406
422	0.000818475456871
425	0.00485897878636
424	0.00291020866065
427	0.0003940615316
912	0.00606835454066
855	0.00160530161687
301	0.00124220190274
302	0.0012401703076
304	0.0
952	0.0032905344149
306	0.000806694902281
846	0.00164851708054
844	0.00120337045308
841	0.000405478057342
840	0.00674041461856
849	0.00236773963536
823	0.00202332087027
568	0.0011780525821
569	0.00120611518358
750	0.00288682138908
754	0.000803218031678
561	0.00123489112585
563	0.000407376833797
565	0.000797603678214
566	0.000403488619842
739	0.00123186079398
229	0.000785811823736
228	0.000801793838585
226	0.000853487414286
224	0.000825657969125
220	0.0012119070241
724	0.00158680343015
89	0.00161897009769
723	0.0023866888086
720	0.00323669359003
721	0.00161994596313
605	0.00118900583195
150	0.0020251573668
153	0.000809935242134
152	0.000402315469642
601	0.00115188889383
154	0.000775867545743
157	0.00323432865723
602	0.00161771158197
159	0.000809204161038
609	0.00322661202367
83	0.000806694902281
469	0.00124255517765
48	0.000794295733067
951	0.0044239376782
950	0.000792079646494
953	0.00165472146438
45	0.0
42	0.000397723599958
954	0.00124255517765
40	0.000405631142569
41	0.0035845793691
5	0.000789272398529
487	0.000384477015692
486	0.000823278278704
485	0.000404414058876
484	0.0037108823971
483	0.000392279638812
482	0.0003946905465
480	0.00078800915174
472	0.00525507390781
470	0.00160566304254
471	0.00120552545072
476	0.000403143937253
477	0.00076383050377
474	0.00157204025669
478	0.000399317590732
