344	0.00151582985451
0	0.000666420132191
347	0.00115078860877
343	0.0018995508959
812	0.00134738990101
816	0.00066278613848
817	0.00169975619669
719	0.00124913022696
718	0.00624671465828
716	0.00209165193681
714	0.00129907915664
713	0.00210439513161
712	0.00127775433859
710	0.000666420132191
915	0.00436587437948
294	0.00482333716588
295	0.000666420132191
292	0.000643410257117
293	0.00204494874215
290	0.00151255088226
291	0.00277997959393
591	0.00138662392159
590	0.000684875429262
592	0.00493120630529
595	0.00266916582577
596	0.000672405041017
599	0.00129794266752
197	0.00129255903035
196	0.00129784584479
191	0.00349805428111
190	0.00214507574228
193	0.00456962023496
272	0.00280388329337
275	0.000604713625745
277	0.00134263634261
278	0.00296401490779
526	0.000786120300849
522	0.000701710921033
449	0.00150398798688
443	0.00327929497216
440	0.00122095722261
444	0.000735590485787
103	0.00219420915889
101	0.00126431723093
106	0.00127590973036
107	0.00338045954027
105	0.00106055933475
38	0.00172285926997
904	0.000694128624298
32	0.00402978419677
31	0.00146945219077
30	0.00314002097943
34	0.00179383689242
641	0.0006168538011
643	0.000706828706974
644	0.00187839319007
647	0.000729311644609
439	0.000782920248455
648	0.00395747070776
435	0.002890732526
432	0.0006168538011
433	0.00128763699946
338	0.0006168538011
335	0.00383540633007
334	0.00616808393592
337	0.00256755413641
331	0.000565833967571
333	0.00132795257829
332	0.00145278102631
854	0.00206072636534
855	0.00120190611654
857	0.00139038646555
850	0.000690469893919
851	0.00177155271561
853	0.000689190318563
858	0.0
6	0.00196882978704
98	0.00703121272943
91	0.000541999084169
90	0.00552431749509
95	0.00126779660102
96	0.000549449291585
740	0.00260125339872
742	0.000654107492596
743	0.00540475035741
558	0.00151631146738
746	0.000667055096563
748	0.000541999084169
749	0.00407599409747
557	0.000782920248455
551	0.000726285086943
550	0.0014981981351
553	0.000675390399006
239	0.00129525582336
236	0.0
231	0.00437533950674
232	0.00236118336872
233	0.00271024124421
147	0.00616318789867
144	0.000611474176129
619	0.000657113925763
142	0.00228627177661
143	0.00116250540701
141	0.0
612	0.00133352301439
617	0.00260085050292
614	0.0
948	0.00141858520612
947	0.000959998768377
940	0.00206377944065
688	0.0
685	0.00282185875168
684	0.00669190239003
687	0.00281493866436
686	0.000684875429262
680	0.0
682	0.000630965345469
133	0.000782920248455
136	0.00214765009862
135	0.00645803482895
134	0.00210439513161
495	0.000465273401199
139	0.0
497	0.00061573136817
491	0.000631522535326
493	0.00244305366441
24	0.0015521977276
25	0.00221062462513
927	0.00926914320713
28	0.0006168538011
29	0.000631522535326
406	0.0
404	0.000665708591003
402	0.0
401	0.00351430434393
933	0.000523291967222
409	0.00258456115521
453	0.000665708591003
379	0.000465273401199
371	0.000643410257117
372	0.000665708591003
976	0.000666420132191
377	0.00257526421027
704	0.00151971954989
706	0.00124440859851
707	0.00140832823638
700	0.0079100222128
702	0.00123542892294
393	0.000662293076953
392	0.000809400009766
82	0.000643410257117
83	0.00133811136363
398	0.00132080233673
86	0.00196886432532
796	0.000576503624357
795	0.00152099350875
791	0.000666505043091
790	0.00137937062625
798	0.0013270878801
586	0.00711022616373
587	0.000641134717032
582	0.0024681705506
580	0.00119025790842
581	0.00260268968542
588	0.0006168538011
589	0.00074259793523
245	0.00310164427872
246	0.000622579184055
241	0.000780212705112
249	0.00268560502893
248	0.0054723360094
924	0.00125797137935
511	0.0006168538011
510	0.00059300296907
513	0.00144966325901
1004	0.00125292938268
515	0.00149579077596
514	0.000543446068341
1001	0.00381799647273
516	0.00128945637621
626	0.000652944433744
624	0.0019077814927
450	0.00201992075148
629	0.0140541558017
628	0.00128454497415
454	0.0069591499662
457	0.00139147656808
199	0.00257898986207
175	0.00183876698593
173	0.00188858699271
171	0.00125761721516
977	0.00432829316061
517	0.00212116264515
971	0.00453547349227
253	0.0
978	0.00261009094775
2	0.00282308001026
652	0.000719754563005
187	0.0
184	0.0019908738925
185	0.00130148233854
188	0.0
189	0.00215333133576
658	0.000786120300849
659	0.00203297975931
650	0.00368770891677
11	0.00131761989933
868	0.00236010119534
13	0.000775376789997
15	0.0
14	0.00438288893275
17	0.000729311644609
16	0.000633474062158
861	0.0
863	0.00589237470443
862	0.00200261804364
867	0.00074259793523
866	0.00202505698974
881	0.00254676416704
880	0.000704500537839
885	0.00556983467258
752	0.00141641594498
322	0.00292943713091
323	0.0
321	0.00221502686316
324	0.00137714124537
329	0.00200667344385
201	0.000637198014506
200	0.00446515056569
202	0.000786120300849
771	0.00131070534709
207	0.00601834018339
772	0.00684591310916
209	0.000782049150545
208	0.0
779	0.00128487226101
77	0.00311885831105
75	0.00828724278133
72	0.00141557773015
663	0.0024075684411
662	0.00464594920537
660	0.00129802044203
692	0.00935584392237
693	0.00198605362243
696	0.0
695	0.0
698	0.00429561268443
542	0.00562443231403
543	0.000758952563825
540	0.00244621080841
541	0.00317805615486
546	0.0014981981351
547	0.000787093370569
548	0.00174131970544
994	0.00122699274853
997	0.000593864638404
996	0.00182100086552
991	0.00203383964423
990	0.00149520645808
993	0.000652944433744
120	0.00772528009461
122	0.00142344026891
126	0.00316260673778
127	0.00138699324549
415	0.00493595964272
416	0.0100182952866
921	0.00125802756943
922	0.000643410257117
923	0.00541178601931
418	0.00284897750038
925	0.00129820716301
926	0.000706995048267
499	0.00585631821355
319	0.00227786368612
318	0.000744342759897
313	0.00475371957357
311	0.0024952239196
317	0.000667055096563
832	0.000569937122898
833	0.0019811103027
830	0.00193325268634
837	0.00126825566635
835	0.00202724092595
838	0.00296850438628
368	0.00122405905998
369	0.0015092053354
364	0.00314847750309
362	0.000676846018416
360	0.000786120300849
361	0.0006168538011
952	0.00147376542336
380	0.00124355903878
381	0.00126872054983
383	0.00296160820551
385	0.0
386	0.000737691802827
388	0.00207536494717
784	0.000652944433744
787	0.000689190318563
780	0.000537250618503
782	0.00145278102631
783	0.00316700581857
788	0.00126011469677
789	0.00191424115202
151	0.0
572	0.00202337536547
153	0.00061573136817
575	0.00157568439576
574	0.000782049150545
61	0.00701401273383
62	0.00142946786974
64	0.000581899767527
65	0.00617001036319
66	0.000795131796341
67	0.00301607881661
68	0.0006168538011
69	0.000591986190956
250	0.000713741625416
251	0.0006168538011
256	0.00555042960558
731	0.0
732	0.0
737	0.00121171054792
506	0.0101408755617
738	0.00188452793743
505	0.000639681076267
502	0.00205958721538
500	0.00218043938706
630	0.0053988860734
631	0.00312654725582
633	0.00213867609698
469	0.00223832304462
638	0.00238236520497
464	0.000637198014506
467	0.000611474176129
466	0.000662303134693
460	0.000569937122898
462	0.00188591985657
168	0.0148054121511
164	0.00285418447834
165	0.00295206763301
166	0.00549658644791
167	0.00263752811117
160	0.00157579999935
161	0.00131999953031
966	0.00158154061399
963	0.000756877290686
935	0.000988565368421
909	0.0
879	0.00417613391833
872	0.0006168538011
873	0.00244307856255
870	0.00128309133338
890	0.00136187726418
891	0.00232773152814
894	0.000786120300849
896	0.0
898	0.0
646	0.00435185476408
356	0.0155683479254
809	0.0006168538011
808	0.0
353	0.00149720940597
802	0.000662303134693
216	0.00076121277211
214	0.0043473313898
769	0.000652944433744
762	0.00236559219716
955	0.00312082507027
764	0.0024543151178
765	0.00620956196434
956	0.00202815637317
4	0.000643410257117
280	0.00453975333912
285	0.000684875429262
284	0.0
678	0.0
679	0.00149057894297
670	0.000631522535326
672	0.000746236183075
260	0.00233071101554
267	0.0031488209898
264	0.00131606186309
268	0.00140835562408
58	0.0
56	0.0006168538011
50	0.000627342098214
53	0.00206735103395
52	0.00632762799549
537	0.0
535	0.00146942957944
534	0.000581899767527
532	0.00127157899862
531	0.0006168538011
530	0.00313663888758
538	0.000666420132191
775	0.00137405014483
774	0.000999998715209
987	0.0192204780395
984	0.00159470561004
117	0.00070351204338
776	0.0019882694752
112	0.00160742267854
119	0.000657760913343
118	0.0
773	0.000621153089198
429	0.00338864024578
428	0.0101864644245
918	0.00144129849527
421	0.00232687304372
420	0.0016631401529
423	0.00375235506667
424	0.00304946580011
427	0.000621153089198
912	0.00609158203015
308	0.00164011655105
303	0.0016276096159
305	0.00229769415234
306	0.00272628983975
307	0.000676846018416
847	0.00216769771564
846	0.00157307512493
844	0.00298280363209
843	0.00208929582437
842	0.000614835083788
840	0.00122708238479
849	0.0030412007101
823	0.000723378172067
568	0.00188319910675
569	0.0153508187594
561	0.00312605575764
758	0.00139539581479
565	0.00149057894297
566	0.000743411854774
229	0.00211972660812
228	0.000666420132191
223	0.00303924243473
220	0.00343431594991
724	0.00277138929184
722	0.000713741625416
720	0.00321820492106
605	0.00325316821955
150	0.000706001512323
607	0.00758932101798
152	0.00130862754042
157	0.00635954243589
602	0.00394807998472
159	0.0103407821227
609	0.000684240220128
634	0.000688278039852
48	0.00150555553201
49	0.000683441138797
951	0.0033111339687
950	0.00222871215933
953	0.000755098695274
45	0.000795131796341
42	0.0
40	0.0061771691185
41	0.000674793981967
5	0.000675390399006
485	0.00289002471221
483	0.00203817166197
482	0.0020072894073
472	0.00552029622954
470	0.00195099976062
