344	0.00373857255818
0	0.00301841576379
346	0.000907432601937
347	0.000929658358658
343	0.00196375473231
813	0.00295829675615
815	0.000773213251398
817	0.0018137017882
718	0.0233973821243
716	0.00196990265942
712	0.00384486605263
710	0.00300997588882
299	0.00181017263342
294	0.00378865524693
293	0.0
290	0.0
591	0.000976055279332
590	0.000929658358658
592	0.00386533977432
595	0.00195778021617
599	0.00100730404483
191	0.000963471893998
193	0.00193008951433
192	0.0
275	0.00194278160853
278	0.00192918393548
522	0.00193282162593
523	0.0
528	0.000963212302403
441	0.0
447	0.00191371325767
445	0.000847863223388
444	0.00195231879676
102	0.000902740031482
103	0.00370750330076
101	0.000665843458761
107	0.00291379506553
104	0.00678660453524
105	0.00176776691724
900	0.00198371159305
38	0.00192898187724
904	0.000976055279332
32	0.0
31	0.00186658299483
909	0.00102125822053
641	0.00194937574505
643	0.00172971412802
644	0.000963517041652
439	0.000965630140825
649	0.000956297475336
648	0.003868176636
435	0.00288549407287
432	0.00187093642761
433	0.0029110952996
338	0.000974118282762
335	0.00385349353861
334	0.0125183707987
337	0.00100193780465
333	0.0181016964237
332	0.000965753535014
558	0.00209340905968
854	0.00387963342306
855	0.00294675071077
857	0.00556699380521
850	0.00192605909521
851	0.00195778036032
853	0.000927338616691
858	0.000814241845257
6	0.00100730404483
98	0.000966827267456
91	0.000970454875672
90	0.00368319748789
95	0.000974118282762
96	0.00179809471157
153	0.00335753031489
742	0.00298309535074
743	0.00781186814717
559	0.00358614462686
745	0.0
746	0.00391256701411
748	0.000932508118189
749	0.0
557	0.0
550	0.00194791352295
552	0.000956465039196
239	0.00191446334844
235	0.00192909338393
236	0.0
230	0.00095799830924
231	0.00486519878918
232	0.00193951476712
147	0.00467896328973
142	0.00168372017894
617	0.000963471893998
614	0.00245372467453
948	0.00768819621113
946	0.000970234489334
947	0.000975658427649
942	0.00100193780465
943	0.000736061762398
517	0.00486584540421
685	0.00250733262029
684	0.0014858921128
687	0.000963471893998
680	0.00208752958127
819	0.000974935977518
133	0.00193026245946
132	0.00181017263342
137	0.00100193780465
136	0.0018596529052
135	0.00899641618452
134	0.00193478847935
495	0.0
139	0.000902740031482
493	0.00253298525781
25	0.000366059004503
28	0.000974118282762
405	0.00100193780465
402	0.00180330281065
401	0.000931625910571
409	0.00196916422968
378	0.000902740031482
828	0.0
371	0.00100193780465
372	0.000980269832912
377	0.00498353117232
704	0.000977138920003
707	0.000956465039196
700	0.000975445554341
393	0.00203502761463
392	0.00188946988567
391	0.000847863223388
176	0.000965332434715
82	0.00101065293932
83	0.00193987811738
795	0.00235872664595
790	0.00480783651598
586	0.00964962788779
585	0.00205078206208
582	0.000974118282762
580	0.0
581	0.00100193780465
589	0.000977974690057
245	0.00194873502551
246	0.00134605288129
249	0.00303469340471
248	0.000963471893998
924	0.00277585545041
510	0.00185903750682
1004	0.00155544190427
1003	0.000965146345284
514	0.00227290303835
1001	0.000836539225519
516	0.00487240426125
622	0.000895298328031
450	0.00289507666398
629	0.00266094718418
628	0.0020156144096
454	0.0048233583134
178	0.00584787157973
199	0.00368329419535
175	0.00194278160853
173	0.001870539014
171	0.00279216210263
977	0.00553698796717
972	0.0
657	0.00190079128833
654	0.000962996018337
2	0.00100759747765
187	0.0
184	0.00101953478002
185	0.00097543252808
189	0.00194682988228
659	0.00199987278268
868	0.0028901652701
13	0.00193780680101
15	0.00208081204199
14	0.000924825424089
17	0.000927947582166
16	0.00193013923211
863	0.000944793063651
862	0.00305797509904
866	0.00198309894577
883	0.00377109399504
881	0.000975445554341
887	0.000919374576168
322	0.00288895565412
323	0.000902740031482
321	0.000925960490478
326	0.0
324	0.00192627196442
201	0.000972375186261
774	0.00195103165896
771	0.00283533178502
207	0.00206434015297
772	0.00577602017428
209	0.00096999220299
77	0.0028960389285
75	0.00192664515262
74	0.00194371224047
70	0.00480385103401
78	0.00100730404483
668	0.00196775427871
663	0.0007499783569
692	0.00193952717333
693	0.00300997588882
696	0.000977974690057
697	0.00484656878487
695	0.00102743870827
698	0.00682105405395
542	0.00292847512804
540	0.00975039123323
541	0.00381501295047
546	0.00775850459835
994	0.00194841495162
996	0.00446001264639
120	0.0115389865888
126	0.00481952021376
414	0.0018305381439
415	0.00097549305528
416	0.0144290193069
410	0.000956465039196
920	0.00192765157563
921	0.000962996018337
923	0.00385733937756
418	0.00339615967579
925	0.00291893118888
926	0.00186672454415
319	0.00116648503642
313	0.00674347732579
312	0.00100730404483
311	0.00194937574505
310	0.00192518690754
316	0.00835241183294
315	0.00068757338375
832	0.00181017263342
830	0.00292614972333
837	0.00279464103009
838	0.00184500942856
369	0.000981645245766
366	0.0
364	0.00197236519822
365	0.000993847380085
362	0.00368839006858
361	0.000974118282762
381	0.0
383	0.00276025453251
388	0.00378294296358
784	0.000970138469685
780	0.00168960295053
782	0.0125548366624
783	0.00474697776984
788	0.00180330281065
789	0.00194841495162
151	0.0
573	0.0019273794577
572	0.00192186154629
577	0.00287261685985
576	0.000936599831812
61	0.00294374577052
62	0.0
67	0.00283980231999
68	0.00197236519822
253	0.0
250	0.00097549305528
251	0.000974118282762
257	0.000935141449373
254	0.0
939	0.000902740031482
731	0.00412239530853
737	0.000964191456521
509	0.0171716761525
506	0.0084301340667
738	0.00673817076997
502	0.00896582896466
500	0.00386171525481
630	0.00333140372679
633	0.00193263317163
469	0.00152621833793
468	0.00179707018827
638	0.00464526594022
168	0.00677308776185
164	0.00185554642867
165	0.00652015535812
166	0.00387087839492
167	0.0
160	0.00369883118089
963	0.000947263849882
935	0.00392431086215
879	0.000963557925812
872	0.000974118282762
873	0.00194873502551
890	0.000963471893998
891	0.00278910159619
893	0.000902740031482
646	0.0
356	0.0135730766458
809	0.000974118282762
353	0.00191204457362
803	0.000961442891034
804	0.00195044269429
216	0.000519138840451
214	0.00860885963537
769	0.00097543252808
762	0.00193987155075
761	0.00097481078267
767	0.00100730404483
764	0.00292329041682
765	0.00484294418398
957	0.00173656970104
956	0.00131956487237
288	0.00509764694028
4	0.0
281	0.000976055279332
280	0.000886036326142
284	0.00103354779478
679	0.000970774602944
674	0.00386447095076
260	0.00386167725833
267	0.00381538565625
56	0.00293940125992
50	0.000895298328031
53	0.00295950673296
52	0.00096999220299
537	0.0
535	0.00392095186284
534	0.00477916403634
532	0.00195044269429
531	0.000974118282762
530	0.00360632559266
538	0.00100730404483
988	0.0
200	0.00648242711848
980	0.000976055279332
987	0.0292191997541
984	0.000966661050809
112	0.00384817784966
206	0.000902740031482
429	0.000965187586918
428	0.00560257256375
918	0.000366059004503
915	0.00830201472803
420	0.00179318042812
423	0.00208266098438
422	0.00208081204199
425	0.00387970113945
424	0.000980269934844
912	0.00483933846327
304	0.0
305	0.000968920329982
306	0.00100184642401
844	0.000772880654531
841	0.000970774602944
840	0.00292329041682
849	0.00291612476475
823	0.00192605909521
568	0.0
569	0.00100730404483
508	0.000936599831812
754	0.00191919852978
561	0.000847863223388
758	0.00160594748771
565	0.00123578532721
566	0.0
229	0.000977974690057
228	0.00402354526734
220	0.00282671306177
724	0.000997698288199
722	0.000981645245766
723	0.000803118752032
720	0.00393502608188
721	0.0019401138371
729	0.000998246915459
605	0.00201490152248
607	0.00586205395413
157	0.00097416301271
602	0.0057979422426
159	0.00672370362491
609	0.00289347242008
634	0.00545012889163
48	0.000818512405314
951	0.00860433851164
950	0.00302028334453
953	0.00184161670816
955	0.00292441544811
954	0.000814241845257
40	0.0028805445841
41	0.000396297102004
485	0.000963517041652
482	0.00195448229443
480	0.000974118282762
472	0.0038764141011
470	0.00100730404483
471	0.000942082893054
