344	0.00243696996656
0	0.0104387432432
347	0.00055005485292
341	0.000784941146449
343	0.00185282046094
810	0.00117137342247
812	0.000631290472134
817	0.00193577653577
719	0.000565202420628
718	0.0122529587862
716	0.00109974553638
715	0.000598192280995
714	0.000611772612358
713	0.0024569237796
712	0.0
711	0.000555485384355
710	0.00103814251599
915	0.00702235886088
736	0.000530010750877
910	0.000525870058966
299	0.0
294	0.00119585251838
295	0.000519817426858
292	0.00112583265422
293	0.00110051397768
290	0.00318887840483
291	0.00251816038136
591	0.00180568766911
592	0.00368094842758
595	0.00227381280302
599	0.00106484602018
197	0.00170929843388
191	0.00119787551253
190	0.00623128378387
193	0.00428405917782
192	0.000556330404257
270	0.000565202420628
272	0.00290355860034
273	0.000577178850543
274	0.000784035156786
275	0.00162943166193
278	0.00257555118945
526	0.00291589433516
522	0.000604549794372
523	0.000589020345837
528	0.000679474198985
443	0.00475940952997
440	0.00056619139672
447	0.00177313157608
446	0.000530134084002
445	0.0021116053262
444	0.000606485025491
103	0.00144876310975
101	0.000518325089135
107	0.0018165541546
104	0.00118023632915
105	0.0010690629728
900	0.00132942416231
907	0.0
904	0.000555485384355
32	0.00166944489845
31	0.00235386990339
30	0.00297181211485
35	0.00193577653577
641	0.0010639740074
640	0.00122977520961
643	0.00182488169198
644	0.00113496718077
647	0.00404509355741
646	0.00119834113999
437	0.000565202420628
432	0.000526567436011
433	0.000526567436011
338	0.00218174860783
335	0.00278483421398
334	0.00532950554928
333	0.000519817426858
745	0.000565202420628
854	0.00182400041369
855	0.00216572066364
857	0.003977085588
850	0.000565202420628
851	0.00156587101931
6	0.000519817426858
98	0.00748225777576
91	0.000583621125455
90	0.0078788705996
92	0.000795796530169
95	0.000526567436011
740	0.0011601288166
742	0.00480288505911
743	0.00410508697885
559	0.0
558	0.00082789153743
746	0.00166109944512
747	0.000565202420628
749	0.000559358677557
557	0.000589858579628
551	0.00121206478021
550	0.00133233501918
553	0.00109949892604
552	0.00187227118884
235	0.0
237	0.000522896281817
231	0.00315962943123
232	0.00059206099891
233	0.00171090353664
1	0.0
147	0.00299431900111
618	0.000828934193165
142	0.00377327796952
143	0.00174688144566
141	0.00291123967818
612	0.00350004914524
613	0.000605757876937
617	0.00176282328414
614	0.00269521122225
149	0.00164444508923
947	0.0
942	0.000569646067163
943	0.000579046195495
517	0.00605310161344
685	0.00326193274383
684	0.00205746596964
687	0.00360256552334
680	0.00121033666763
682	0.000565202420628
133	0.00237794867841
131	0.000565202420628
136	0.00392029110061
135	0.00799314845956
134	0.00248613921417
495	0.000815626642418
139	0.000414686852728
491	0.00109236986563
493	0.00231100865938
24	0.00464249332858
25	0.000825315707285
927	0.0157789999887
28	0.000526567436011
29	0.000544024356311
407	0.00103603363022
406	0.000579046195495
404	0.000567222673936
402	0.0
401	0.00385892122534
933	0.00055005485292
936	0.00116316708242
409	0.000519817426858
934	0.0
379	0.0015450783245
371	0.00113890424147
373	0.000784035156786
372	0.000546446340097
374	0.00105528649263
377	0.00436816567751
822	0.000392270062277
708	0.000555485384355
704	0.000585337987506
707	0.00062356378754
700	0.00200402665604
702	0.000565202420628
703	0.00177746222831
393	0.0
392	0.000602631739763
176	0.0080929123413
82	0.00113890424147
181	0.000784035156786
398	0.0
795	0.00289977671757
790	0.00315552398895
586	0.00895215321574
587	0.000569258174308
582	0.00158134285379
580	0.0
581	0.00334694214283
588	0.000537406571387
589	0.00406549352339
245	0.00377492318297
246	0.0016468967287
241	0.00195222067924
242	0.000611772612358
249	0.00102188273955
248	0.000600852025431
924	0.00112419108501
511	0.000526567436011
510	0.0
513	0.000606485025491
1004	0.00164396476497
514	0.00182767207397
1001	0.00176417409286
516	0.0209635845373
458	0.00123360731621
622	0.0
626	0.0
624	0.00104504854524
450	0.00469764089646
629	0.0121208978502
628	0.00113890424147
454	0.00495778826469
457	0.000544260152028
178	0.00151313757148
199	0.00169395584515
175	0.00266126113635
173	0.000565202420628
171	0.00119870657831
170	0.00285587879453
977	0.00383034686707
976	0.000519817426858
975	0.000590633546285
972	0.000598192280995
979	0.000565202420628
978	0.0171802639386
656	0.000784035156786
657	0.000565202420628
654	0.00171131774312
2	0.00328504558022
186	0.0036374485309
653	0.000565202420628
650	0.00113834495632
188	0.00569138587845
189	0.00216434257222
658	0.00076161144817
187	0.0
184	0.000518325089135
868	0.000592123877618
13	0.00174463627543
15	0.00290130016835
14	0.00112997549734
17	0.00316387205535
16	0.00058431148754
861	0.0
862	0.00106484602018
865	0.00177424092874
867	0.000679474198985
866	0.000555485384355
659	0.00177906296096
883	0.00108220220384
881	0.00169852181844
880	0.000588331665279
887	0.000598844176519
886	0.000604998187203
885	0.00177313157608
809	0.000526567436011
321	0.00166024688985
326	0.0
327	0.00166280610235
325	0.000555485384355
329	0.0021131531762
200	0.00321639903869
758	0.00205464740579
771	0.00234098723181
770	0.000606485025491
207	0.00376327206953
772	0.00417240906334
208	0.00108468222056
779	0.00105760550726
77	0.00117649483055
75	0.00117370613432
74	0.00532546453029
73	0.000416919706912
78	0.00102188273955
669	0.0
664	0.00453956379295
663	0.00124001179608
662	0.0019292551518
692	0.00339219242826
693	0.00437315070307
697	0.00272061499743
698	0.00315748249151
542	0.00299786505538
540	0.00692009171225
541	0.00112419108501
546	0.0031690138382
547	0.00289465481163
995	0.000537406571387
994	0.00157395878572
997	0.00117313311383
996	0.00336313087935
991	0.000519817426858
990	0.0017786532998
120	0.00243229936018
122	0.000555485384355
125	0.0
126	0.00177967197581
415	0.00292204515441
416	0.00894790790121
413	0.00116620926501
920	0.00208621905788
921	0.00111142402656
922	0.000598844176519
923	0.00471944560958
418	0.00163683159257
925	0.0010721275052
499	0.00713802404498
319	0.000416919706912
318	0.0
313	0.00600803260123
311	0.00219753911772
310	0.000479961999411
316	0.000773036704582
832	0.000971821814249
833	0.0034023739176
830	0.000611772612358
836	0.000537406571387
837	0.000565202420628
835	0.00116961854739
838	0.00237299721429
368	0.000578952998995
369	0.000606485025491
364	0.00104980840674
362	0.000598844176519
360	0.00147628733877
361	0.000526567436011
380	0.0
381	0.00167358022527
383	0.00479485596765
784	0.000587331084661
780	0.00125630137157
782	0.00353677663868
783	0.00344581332036
789	0.00104809533995
151	0.00194083661891
578	0.000605476961605
573	0.00118831778356
577	0.000598192280995
576	0.000565202420628
575	0.00235509343112
574	0.000593138810848
61	0.00241932941399
62	0.003556833824
64	0.0
65	0.000599934830354
67	0.00428202655512
68	0.0010639740074
253	0.00193120339927
250	0.00121096778976
251	0.000526567436011
256	0.00543380436948
257	0.000595777028684
731	0.00230004073503
732	0.000519817426858
735	0.000582315647282
508	0.000565202420628
509	0.00119017028296
506	0.00399720221776
738	0.00229664642453
502	0.00199214799745
500	0.0011911469768
630	0.00497017000056
631	0.00076161144817
633	0.00242076871804
469	0.0144007731123
638	0.000392270062277
464	0.000544024356311
466	0.0
462	0.0120235691027
168	0.00948888222203
169	0.000567222673936
164	0.0
165	0.00461291939929
166	0.0023758408428
167	0.00277049785639
160	0.00385669847297
161	0.000586410284185
966	0.00165589642953
963	0.000863495351959
935	0.00168404558272
909	0.000679474198985
879	0.00124001179608
872	0.00104809533995
873	0.0015703101664
870	0.00113890424147
890	0.000591390487036
891	0.00427222509909
893	0.000582315647282
896	0.00157542243637
898	0.000544024356311
648	0.00483842030506
356	0.00831693577265
355	0.000598791202989
808	0.000544024356311
353	0.000784035156786
803	0.000604730057869
802	0.00118691298777
807	0.0
804	0.000583650166253
216	0.000828934193165
214	0.00484622433467
769	0.000537406571387
762	0.00178996121162
763	0.000605476961605
761	0.00175367161387
767	0.000519817426858
764	0.00315432724257
765	0.00533985648808
957	0.00193577653577
956	0.00165613227303
4	0.00172327750819
281	0.00109995386336
280	0.0040983422124
284	0.000567427830768
679	0.0012457961726
674	0.00120663788408
670	0.00170035095147
671	0.00119113624987
260	0.00176635341018
267	0.00742600948723
268	0.0012283171865
56	0.0010518627289
53	0.00242530624949
52	0.003558761928
537	0.00167257937209
535	0.00120911779036
532	0.00165761569415
531	0.0010518627289
530	0.00358775608522
538	0.0010969962774
988	0.00192389726973
774	0.0
980	0.00109950974067
987	0.0153396848882
984	0.00532275198116
985	0.00056619139672
114	0.00109675866182
117	0.00062356378754
776	0.00120146500871
111	0.000595777028684
113	0.000606485025491
112	0.00303632062967
118	0.00161475518881
773	0.000543520816043
429	0.00251669148901
428	0.00313977246724
918	0.00123315281678
421	0.00379584989574
420	0.0
423	0.00520578042761
422	0.00284420363659
911	0.000546221605932
424	0.00572112641762
427	0.00104971456388
912	0.00472731896889
309	0.0
301	0.00193577653577
306	0.00470486050309
307	0.000592400024546
846	0.00244636090962
844	0.00164127796476
843	0.000515605248029
840	0.00157359055757
849	0.00158139919167
823	0.00180949893065
568	0.00404715936524
752	0.000591390487036
737	0.00165180005045
754	0.000555485384355
561	0.00244636090962
562	0.000582315647282
563	0.000573695737957
565	0.0029642445633
566	0.000644427038835
229	0.00177499727718
228	0.00106484602018
223	0.00121955677662
220	0.00112176232184
724	0.00233996730864
722	0.000606485025491
723	0.00165851992627
720	0.00570493067912
729	0.000544260152028
605	0.00158596977831
150	0.0
607	0.001102282079
152	0.000594326508109
157	0.000600852025431
602	0.00177202722833
159	0.00360594606499
609	0.00295144197759
83	0.00117869977482
48	0.000825044854898
951	0.00231257976983
950	0.000453496725114
953	0.000525306431069
952	0.00160538208768
955	0.00157892782812
954	0.00193577653577
40	0.00240387560383
41	0.00124897111092
5	0.00491170288377
488	0.000815626642418
485	0.00121206478021
482	0.00211089148444
472	0.00589977153393
470	0.00104647380177
471	0.000555485384355
477	0.0
478	0.00243066507137
