216	0.0
214	0.00434627602769
769	0.0
742	0.00355174573239
693	0.000453344597389
322	0.00178757255595
762	0.00178483377358
763	0.000615257443002
761	0.00026073990925
663	0.0
764	0.000576574276939
765	0.000497282036372
133	0.000540100766918
131	0.00026073990925
136	0.00246761944269
135	0.0
134	0.000408786349452
139	0.000382280081335
497	0.000262738115423
492	0.000644947161924
493	0.000565291187272
24	0.000528725397308
25	0.000968077805861
669	0.000604763466701
980	0.000708157990226
223	0.000180662645044
927	0.00886263628799
966	0.0
581	0.0
344	0.00929720187659
0	0.0
540	0.0014083259311
347	0.0
546	0.000598142283944
547	0.0156083838926
401	0.0086873457596
572	0.000700040331687
810	0.000761816717766
280	0.000528725397308
812	0.00313515772982
284	0.00178159440956
935	0.000663290795505
817	0.0156083838926
994	0.000269019774133
700	0.00365526413863
737	0.000137953992075
522	0.000484971391834
719	0.00026073990925
718	0.00291892941128
674	0.0012120695624
716	0.000884298993688
676	0.000189067070311
670	0.000607362085579
712	0.00289620128474
710	0.00017737821446
120	0.00126755878877
915	0.00318757919042
891	0.00154756084348
260	0.00166413416031
267	0.000570656854014
125	0.000189067070311
126	0.00367160111714
264	0.000172040151754
2	0.00244502484539
423	0.000262738115423
977	0.00161068836952
736	0.00024859749115
61	0.002458774768
924	0.00026073990925
56	0.000761816717766
855	0.000139108770207
53	0.0
52	0.0027829126352
537	0.000309908356653
415	0.00246277653436
416	0.00119750554927
534	0.000189067070311
410	0.0
427	0.0
299	0.000193213011024
921	0.000669526258702
294	0.00115587392974
912	0.00247339984276
292	0.00043239192047
293	0.00144303826329
290	0.000561923054219
291	0.00173796737025
591	0.00179194930283
988	0.015841566035
318	0.000906233639356
199	0.000785521272134
147	0.000674980111976
313	0.00101049989585
194	0.000589569162476
197	0.00026073990925
67	0.0240523046913
191	0.000674980111976
316	0.0
193	0.000410143780667
192	0.000245174021702
270	0.00026073990925
392	0.00178761755031
272	0.000604763466701
603	0.0
274	0.0
112	0.00251599118381
278	0.0
399	0.0
398	0.000718557051328
119	0.000620029982121
984	0.00167683311912
832	0.000365339306448
795	0.023527504386
837	0.00026073990925
790	0.00423131321479
256	0.000560697356513
838	0.00497242505849
141	0.00793461380174
429	0.00173796737025
428	0.0032658806002
368	0.0
369	0.00176014750027
421	0.023527504386
364	0.000140458336728
422	0.00439854984661
424	0.039356121519
360	0.00050850209738
532	0.000432694273828
586	0.00839462201836
309	0.0
584	0.000910770726062
440	0.000284367315498
582	0.000396398440166
512	0.00793461380174
443	0.0
301	0.0156083838926
413	0.000663290795505
306	0.00178564255536
444	0.000674980111976
245	0.000737363720561
246	0.0
241	0.00767377009086
614	0.00793461380174
102	0.000382280081335
249	0.0
248	0.00586563185455
881	0.00026073990925
697	0.000571253308694
847	0.00767377009086
846	0.00402666002394
900	0.000586513339838
38	0.000297991693295
843	0.00161396729166
851	0.0235774494047
841	0.0
783	0.00026073990925
418	0.000527954925603
31	0.00441069641467
30	0.00105797939289
743	0.000560697356513
772	0.00978239200811
35	0.0156083838926
925	0.000139108770207
641	0.000172040151754
640	0.000604763466701
643	0.000506336489206
377	0.000870823683495
647	0.0
439	0.000540100766918
437	0.00026073990925
513	0.00176014750027
1004	0.000262738115423
515	0.000674980111976
542	0.00141546401654
1001	0.000768652046375
516	0.00026073990925
622	0.00213739511298
578	0.000615257443002
923	0.00289728342613
624	0.000172040151754
335	0.000529514268027
334	0.00302333431002
629	0.00428759110825
453	0.000623755337981
454	0.00241294748222
576	0.00026073990925
575	0.000540100766918
388	0.0
62	0.000969998038246
592	0.000674980111976
178	0.000921306151557
595	0.00126158334405
250	0.000674980111976
173	0.00026073990925
172	0.000297991693295
171	0.0
956	0.000875108045722
854	0.000505791725631
499	0.000586293583798
857	0.00372596859115
850	0.000520304461954
517	0.000604763466701
957	0.0156083838926
106	0.000193213011024
530	0.00314972927105
939	0.000189067070311
979	0.00026073990925
978	0.149845363714
731	0.00459460660209
657	0.00026073990925
654	0.000511056989416
181	0.0
187	0.000700040331687
508	0.00026073990925
6	0.0
506	0.000520304461954
738	0.00984068994617
188	0.0156083838926
189	0.0
502	0.00241232233295
311	0.000263881704146
500	0.000604763466701
653	0.00026073990925
630	0.00228827244179
469	0.0156083838926
650	0.000511056989416
746	0.00267568404477
465	0.00121756371024
561	0.0047884767417
563	0.000870823683495
460	0.000625604931494
987	0.000128339451237
933	0.0
168	0.00602206307331
702	0.000751428947652
8	0.00107873660788
164	0.0
165	0.0110829969978
167	0.0156083838926
160	0.000517755080677
220	0.00180021139199
868	0.000570656854014
13	0.00086550337595
15	0.00178159440956
14	0.00026073990925
17	0.00186313274527
963	0.00402666002394
969	0.0
724	0.0
722	0.000674980111976
723	0.000429731579945
720	0.0
947	0.0
587	0.0
659	0.00120177078284
828	0.0
686	0.000128561437405
904	0.000410325852513
607	0.0011387611321
152	0.0
745	0.00026073990925
157	0.00184228930542
747	0.00026073990925
159	0.0122677027706
788	0.0
557	0.000540100766918
551	0.000505791725631
550	0.00121081696805
553	0.000171954364578
552	0.00793461380174
90	0.00307748090495
541	0.000934743068882
849	0.0
565	0.00174931467582
634	0.0
231	0.00126588745274
232	0.000540100766918
233	0.000180292116285
997	0.000835086296263
774	0.0
951	0.0
86	0.0
953	0.00043239192047
952	0.00186285597599
955	0.000172040151754
954	0.0156083838926
40	0.00218041410078
41	0.000429731579945
1	0.0
323	0.000193213011024
648	0.00054920951409
321	0.0
327	0.00026073990925
324	0.00121511928856
329	0.000172040151754
644	0.0013248002851
201	0.00054920951409
200	0.00744889515115
996	0.00108210846489
142	0.0
207	0.129672040987
206	0.000189067070311
209	0.000560697356513
713	0.000761816717766
704	0.00106019351943
646	0.00359433895199
779	0.000531144698939
450	0.004235019087
149	0.000673063967936
77	0.00108740870178
75	0.0017784269596
74	0.000551588593352
510	0.000557733340981
485	0.000505791725631
482	0.0
638	0.0
435	0.00115587392974
692	0.000761816717766
732	0.0
609	0.000674980111976
524	0.000189067070311
706	0.000193213011024
472	0.00172166575446
356	0.00511208960538
477	0.000189067070311
950	0.0
685	0.00102755086349
684	0.00177241196871
687	0.00170778037231
682	0.00026073990925
990	0.00791912049343
266	0.000597533728119
