344	0.00169830750766
0	0.000406376585895
347	0.000392910231327
343	0.0051733641438
810	0.000794468878509
811	0.000404169348032
812	0.00241864436506
813	0.00161618277556
814	0.000799471093712
349	0.00126819721981
817	0.000852816628954
719	0.00041524691955
718	0.00480744976077
716	0.00199091913142
715	0.00117268530453
713	0.000404248489173
712	0.00162479740208
711	0.00039707767116
710	0.00163316373492
915	0.00668882059171
910	0.00120286396226
913	0.000711445601504
299	0.000793875228291
294	0.00318776949573
295	0.000406376585895
293	0.0109884366825
290	0.00121714948679
591	0.00321567590698
590	0.000783288430479
595	0.00240681389493
599	0.000812243681173
197	0.000414631541573
196	0.00322868604925
190	0.00254492255955
193	0.00327471105758
192	0.000801096248757
272	0.000798022710537
273	0.000406164669077
274	0.00127634703675
275	0.000396468692425
277	0.000392910231327
278	0.00283206310568
738	0.00200718098402
526	0.00253105678994
527	0.0012277591141
521	0.00238282063723
522	0.00163226301791
523	0.000396814710652
528	0.00201185845183
443	0.00326471113668
440	0.000781842042443
445	0.000414408309221
444	0.000352377809151
109	0.000398329600663
103	0.000792719032922
101	0.000793768637315
107	0.0136003817681
104	0.00278134103743
105	0.00038775075213
902	0.00126975099094
39	0.000811031516651
38	0.00196789802299
907	0.00119214890891
904	0.000400414805725
32	0.00289844927741
31	0.00168931238293
30	0.00118757646239
35	0.00255368863397
641	0.000797398048142
640	0.000816673101131
643	0.00199141607529
644	0.00240104874723
647	0.00126867865076
439	0.00158588428738
649	0.000379640554733
648	0.00240152244032
435	0.00796620904328
433	0.000797398048142
339	0.000406376585895
338	0.00199417677799
335	0.00119621176547
334	0.00200220208269
337	0.00200033962259
336	0.00039207222657
333	0.000811137890173
332	0.00438017114018
744	0.0023811313611
745	0.000801858570146
854	0.0011599615672
855	0.000813873256553
857	0.00252362425115
850	0.00240088589086
851	0.00713496671206
853	0.000397578086066
6	0.000807117231244
99	0.00161937506128
98	0.00404268441571
91	0.000402747949938
90	0.00822026830727
92	0.000840369471118
95	0.00119641733711
96	0.000792935723358
740	0.00118724958339
742	0.00525407236488
559	0.0
558	0.0011354904892
746	0.00364237485746
748	0.000784982457897
749	0.00522989136234
551	0.00107947050488
550	0.00123615755593
553	0.000801137702594
552	0.00085166279278
239	0.00160937337772
235	0.000811031516651
236	0.00120303278699
231	0.00319124088081
232	0.00277640217897
233	0.00201501350297
147	0.00629405159988
142	0.001687534888
143	0.00122917268751
141	0.00169956693744
610	0.000429583482268
611	0.000802770294379
617	0.00121256056618
614	0.00168172869041
149	0.000796249253934
1004	0.00119323236904
948	0.00598562312776
949	0.00158658756127
946	0.0035748431605
515	0.000398003221479
943	0.000794051926222
517	0.00641542396893
685	0.00123529863173
684	0.00212564505802
687	0.00443120716673
686	0.000803648207319
680	0.00206853051849
682	0.00200546716116
133	0.00079267817986
132	0.000349722306165
130	0.000404387442192
136	0.00253199886094
135	0.00161091058087
134	0.000404248489173
491	0.00082576282492
493	0.00042276574954
24	0.00296135050405
28	0.00119862300907
29	0.00159620139267
407	0.00158352275243
404	0.000799793951854
402	0.00114279342329
401	0.00243633941705
400	0.000797163359801
933	0.000392910231327
409	0.000805892283928
934	0.000794568374784
379	0.000397041989751
828	0.000801075271776
371	0.00121155166942
373	0.0008510471722
372	0.00199374464812
374	0.000802367760638
377	0.00242748838741
376	0.000390963301149
708	0.000400414805725
704	0.00197701059993
706	0.000406164669077
707	0.00162951994875
700	0.00323016104745
702	0.000798912110564
703	0.00161362123487
393	0.000797187030987
392	0.00122917050905
391	0.0017142996368
390	0.000403638914595
82	0.00040380692022
83	0.000814335776446
399	0.000792817943314
86	0.00163855941564
796	0.000797398048142
795	0.00212350204557
791	0.000414631541573
790	0.00439749070513
799	0.00179037264536
586	0.00964230851564
587	0.00120470725515
582	0.00199670359707
581	0.00322588553173
245	0.00159430903553
246	0.00119231137513
241	0.00127359293711
240	0.000795478214183
243	0.000402579058412
249	0.000406376585895
248	0.00244806999874
924	0.000798912110564
518	0.00363081095891
513	0.000706272370236
512	0.000425973550977
1003	0.000404401040507
514	0.000391373843522
1001	0.00162278726194
516	0.000800037596983
458	0.00149802226282
622	0.000792210585259
627	0.000405086995045
951	0.00365462599471
624	0.00238942069794
450	0.00405362610491
629	0.00843519002191
628	0.00242312177794
454	0.00283077201444
178	0.0113768627916
199	0.00120161783307
175	0.00119290683546
171	0.0015637858567
170	0.002016277736
977	0.00470504721658
656	0.00211608918484
974	0.000799667990679
972	0.000392910231327
971	0.000421513233879
978	0.0101950083227
182	0.000396841807593
657	0.000400370039487
654	0.000805311760894
181	0.000837673364427
652	0.000399691101051
187	0.000405974521688
650	0.000801485660072
185	0.000820652654827
188	0.00506272710213
189	0.00205967676243
658	0.00126411742495
184	0.0019808302088
869	0.000793835559793
868	0.000394880851517
13	0.000798571920378
15	0.00124492301307
14	0.00161039587104
17	0.000421513233879
16	0.000794898399483
863	0.00158898433709
862	0.00161083577979
866	0.00320104654766
883	0.00477564113556
881	0.000790824380777
880	0.000811031516651
885	0.0019995884238
752	0.00158514463149
888	0.000844721276175
929	0.0016184597639
809	0.000797398048142
322	0.00356919310281
320	0.000399691101051
321	0.00112943987116
327	0.000809545316168
329	0.00199365853945
688	0.000801096248757
201	0.000399691101051
200	0.0029552945253
777	0.000400414805725
758	0.000705205915053
205	0.000395637747467
207	0.00680354972618
772	0.00323521894513
208	0.000399691101051
779	0.00158352275243
77	0.00158529248127
75	0.00443395034005
74	0.00198883858515
73	0.000373393941713
72	0.000817766533787
71	0.000400980720786
70	0.00398274150995
78	0.000807781733601
2	0.0027890223414
669	0.000827792434635
668	0.00120902446129
664	0.000399691101051
663	0.00197870994915
662	0.00204594271215
692	0.00362474387647
693	0.000406376585895
696	0.00202602951685
697	0.00205182143021
695	0.000405461323549
698	0.000797398048142
699	0.000395897570668
542	0.000777118053044
543	0.000421513233879
540	0.0127626526435
541	0.000801040790031
546	0.000408284069824
547	0.00510279595687
544	0.00123809697631
545	0.000396221683703
8	0.000413160893062
995	0.000817745030776
994	0.00119421275879
997	0.00118835233066
996	0.00116736248372
991	0.00121349286202
990	0.00295154597188
120	0.00362543594243
122	0.0012398678493
124	0.000361723295339
125	0.000792210585259
126	0.00199172953382
127	0.000399887961031
129	0.00039207222657
414	0.000819154538666
415	0.00279334902684
416	0.00318050320576
410	0.00082762435406
920	0.00296761697013
921	0.00160275571262
922	0.000402240779713
923	0.0105390810994
418	0.0015546395336
925	0.001208422762
926	0.00314057300057
499	0.00103563484147
319	0.000714576771555
318	0.00118994694688
313	0.00278610856379
312	0.000395832338313
311	0.00119661588742
310	0.000792598240283
316	0.0113551034006
314	0.00284090146952
832	0.00235013357986
837	0.00124400081629
835	0.000402931504908
369	0.00140586573738
367	0.00203048656141
364	0.000803221384858
365	0.000400996891716
360	0.00169278418864
361	0.00120879995817
380	0.000390101591588
381	0.000798447192331
382	0.000402400254892
383	0.00272021163885
387	0.000852401071209
388	0.00196779193597
784	0.00322956247781
780	0.000391373843522
782	0.00362077647831
783	0.00200829114207
788	0.000379640554733
789	0.00239826496281
151	0.000811030821675
573	0.00199386124167
572	0.000405974521688
577	0.00271851672175
153	0.00116736248372
575	0.00118661380823
61	0.00445044515565
62	0.000738045621506
65	0.00161075436537
66	0.000785347379667
67	0.00256080089725
68	0.000797398048142
253	0.000405571602109
250	0.00158539594699
251	0.000797398048142
256	0.000795171408256
731	0.00289483036643
730	0.00198680086165
732	0.000400996891716
737	0.000786570284014
509	0.000386228859409
506	0.00722956358519
507	0.000402238460909
502	0.00282710032975
503	0.000394880851517
500	0.00199459287152
630	0.00213116902061
631	0.00126993116642
633	0.00162507249529
469	0.0034017785696
468	0.000797551550838
465	0.000403038632267
464	0.000399691101051
900	0.00158911011446
901	0.000396814710652
168	0.00674790204357
169	0.00160776614613
164	0.00119011783864
165	0.00210490066916
166	0.00676324185275
167	0.00255336339486
160	0.00042276574954
161	0.000403638914595
163	0.00071827335941
966	0.0015756390127
962	0.00121227761898
963	0.000428098378114
935	0.00322123943252
908	0.000396970885921
909	0.000805083130257
879	0.00158743215076
875	0.000405401800687
872	0.000797398048142
873	0.00239589287972
870	0.00162065378162
890	0.00162021928997
891	0.00331082882024
895	0.00145028562421
898	0.000799073489075
899	0.00159893326871
646	0.00113155124391
356	0.00757359607413
355	0.000780613077962
808	0.00079835131568
353	0.000855268938765
351	0.00126794630978
803	0.000401951375552
802	0.000405974521688
806	0.000844721276175
359	0.000406376585895
804	0.000394777777458
216	0.000753076058843
214	0.00569798129612
769	0.000388044551775
762	0.000796169495655
767	0.00161922173495
764	0.00159467818624
765	0.00238313545619
957	0.00127810241755
956	0.000373393941713
289	0.000801096248757
288	0.00299744652583
4	0.00121377464793
281	0.00083680494497
280	0.0126729481252
285	0.000780613077962
284	0.000828316036648
678	0.000395637747467
674	0.00121667617574
676	0.000791259962881
670	0.00160652415256
267	0.0036450444565
266	0.00118935926202
264	0.000398393923912
268	0.000404248489173
58	0.000402442066963
56	0.00159073143854
50	0.0
53	0.00687083173263
52	0.00318038616304
537	0.0008004317464
535	0.00106210953825
534	0.0035773048689
532	0.00119743394679
531	0.000797398048142
530	0.00416504963408
538	0.00161773135849
775	0.000805393749961
988	0.000846570607679
980	0.00282213728043
987	0.0123750703499
984	0.00318307480948
985	0.000399691101051
114	0.000391373843522
117	0.000404248489173
111	0.00159620901948
112	0.00361755674435
771	0.000410696861851
119	0.000403732198335
118	0.00160496701712
773	0.000429583482268
429	0.00201716572495
428	0.00591038921628
919	0.000792759979279
918	0.000714576771555
421	0.00253650278194
420	0.000396123891612
423	0.00238309108318
422	0.00249565127559
425	0.00675254779538
424	0.00212736051501
427	0.000399217839278
912	0.0055559552638
309	0.00039295450182
301	0.00424523292223
302	0.00126775029511
952	0.000844738267486
306	0.00121111416075
825	0.000398003221479
846	0.001703924132
844	0.0021804260371
843	0.0051672038333
841	0.000404728963994
840	0.000797398048142
849	0.00277845245413
823	0.000749251669392
569	0.000406376585895
751	0.000805910035233
750	0.000852738758387
754	0.000795802403936
561	0.00126993116642
759	0.00159103520123
736	0.00119795452267
565	0.00102585402436
566	0.000404589371834
739	0.000404174001863
229	0.00082139102608
228	0.00162288368406
225	0.00079507123775
224	0.000421513233879
223	0.000403463064819
220	0.00160720150927
88	0.00118760894163
724	0.00199709498512
722	0.000395244795252
723	0.000683062855287
720	0.00241126479658
721	0.000400056886559
605	0.00203370844674
607	0.00282365180361
152	0.000818242257966
157	0.00484161894576
602	0.00198827203569
159	0.000405401800687
609	0.00770567037393
976	0.000406376585895
634	0.0015487607472
48	0.0011014604179
46	0.000791069158049
950	0.00237190264877
953	0.00253454705296
45	0.000785347379667
955	0.00199755298222
954	0.00168263333647
40	0.00324696284029
41	0.0017259415338
638	0.00436561927094
5	0.000813019523946
486	0.00125333441745
484	0.00127984690441
482	0.000797398048142
480	0.00119880319585
472	0.00516246388441
470	0.00201656739889
471	0.000395832338313
476	0.000811031516651
474	0.00039295450182
478	0.000805910035233
