344	0.00245965870379
347	0.00155759359193
810	0.00182418149745
812	0.00306235671506
817	0.00137045800574
718	0.00825117184466
716	0.00347500006033
715	0.000773839150794
714	0.00274563398
713	0.00186197743098
712	0.00284433056985
710	0.000781197393408
915	0.0119904511359
910	0.00400890723021
299	0.0
290	0.00309549416158
291	0.00390684907566
591	0.00298809967824
590	0.00157921403293
592	0.0019028046846
595	0.00264701509309
198	0.000985947686204
596	0.00197943051636
197	0.00184615061325
196	0.00378217785922
191	0.00194754503698
193	0.00903019461993
272	0.000985947686204
273	0.000925841305058
277	0.0031526568361
278	0.000948506050162
528	0.00323149244095
448	0.0
443	0.00645774319997
447	0.0
444	0.0009639198475
101	0.00154142403935
106	0.0
107	0.00277323307983
104	0.000997419532528
900	0.000985947686204
901	0.000954430420842
904	0.000870992995156
32	0.0
31	0.00237428973492
909	0.00126660317305
35	0.00137045800574
34	0.000998206652032
641	0.000908196478642
645	0.00137045800574
647	0.00369143801617
646	0.00290425263008
649	0.0
648	0.000994311551396
435	0.00091421582651
432	0.000908196478642
433	0.000908196478642
338	0.000908196478642
335	0.000907868809347
334	0.00472523476946
337	0.0
332	0.00188715961902
854	0.00193017423069
855	0.0049880709675
857	0.00451528600619
850	0.00390809559748
851	0.00452326794265
853	0.0
858	0.000782768866804
6	0.00178446437597
98	0.0104616600513
90	0.00530724627211
92	0.00378256604201
95	0.000908196478642
97	0.00104944095337
96	0.0
740	0.0
742	0.000920562170862
743	0.003973058015
558	0.00424157001362
746	0.00693364974936
748	0.000773839150794
749	0.000957466619663
557	0.0009923882875
551	0.0009639198475
550	0.00179286730004
552	0.00137045800574
239	0.0
236	0.000870992995156
230	0.000773839150794
231	0.00181120124783
232	0.000995128196384
147	0.00348747031933
142	0.00119598939697
143	0.00181483851375
141	0.00137045800574
612	0.000900324904878
617	0.00203072274959
614	0.00137045800574
948	0.0019578715474
944	0.00100720044627
940	0.00180500463406
517	0.0019882632513
685	0.00130656325231
684	0.00146625555609
687	0.0041458749933
686	0.00230902748101
681	0.000914906097988
680	0.00415905845378
682	0.000975737083784
137	0.000920562170862
136	0.0023536625596
135	0.01570560139
134	0.00478267564553
493	0.00501004586259
24	0.00489566440323
25	0.00146625555609
27	0.000773839150794
28	0.000908196478642
406	0.00105010158016
405	0.00104916218291
401	0.00512929109222
933	0.00155759359193
931	0.000773839150794
936	0.00104944095337
935	0.000990952967487
934	0.000879067413788
371	0.00313501433447
372	0.0
377	0.00348420529495
822	0.0
704	0.000935668384533
705	0.00101827490491
707	0.000948506050162
700	0.00406942637902
702	0.00180046986921
703	0.0018749925917
392	0.0009939516999
82	0.00412765935286
83	0.000954430420842
398	0.000946827528122
86	0.00280781092497
795	0.00548625228031
790	0.00612067602158
586	0.00292281886879
582	0.000908196478642
581	0.0020855733811
588	0.000908196478642
245	0.00187595973677
246	0.00252953888891
243	0.00192638785541
249	0.00350562200461
248	0.00204011515039
511	0.000908196478642
513	0.0009639198475
1004	0.00346735142955
515	0.00187813567401
1001	0.0
458	0.00146625555609
624	0.00202600511704
450	0.00197943051636
629	0.00355326340715
628	0.0020855733811
454	0.00584483036812
456	0.00523499188683
199	0.0
171	0.00242815981495
170	0.00203461785023
977	0.0
973	0.00104916218291
972	0.000773839150794
971	0.00119598939697
979	0.0
978	0.0258841074944
656	0.00122900552461
657	0.00201935181925
654	0.000782768866804
2	0.00207034702517
652	0.00172917082288
187	0.00496668893486
184	0.00312157960227
188	0.00137045800574
189	0.0122423412246
659	0.000954430420842
650	0.000764719998873
868	0.00497197966621
15	0.00209488971487
14	0.00195277554259
17	0.00119598939697
863	0.00299954466132
866	0.000765527569656
883	0.00161307600793
355	0.000773839150794
323	0.0
320	0.0
327	0.000897275307324
324	0.0
329	0.00100283515935
201	0.000870992995156
200	0.0202611479703
203	0.000925841305058
776	0.00181195292781
771	0.0114648983149
770	0.0009639198475
207	0.0147828122237
772	0.0107052421548
209	0.00196755267672
208	0.00172400117084
779	0.00155672840341
75	0.00479732189423
662	0.000985947686204
660	0.0018801399395
692	0.00199378812684
696	0.00317948118405
697	0.00386769629309
542	0.00290425263008
543	0.00119598939697
540	0.00484191422086
541	0.00191589688212
546	0.00106280345621
547	0.00137045800574
548	0.0
994	0.000908196478642
991	0.00236213897129
990	0.00237428973492
993	0.000954430420842
120	0.000972342753419
126	0.0019897195767
765	0.0029912353804
415	0.00102538876731
416	0.00295904156625
410	0.000870992995156
920	0.000891533253246
921	0.00272679126742
922	0.00104916218291
418	0.0
925	0.000966420766479
926	0.000773839150794
927	0.0241200021391
319	0.00146625555609
318	0.00187537501324
311	0.00187461724512
316	0.00117830033794
833	0.0010364111982
836	0.00101374218187
834	0.00104916218291
835	0.000954430420842
838	0.00228945088358
369	0.0009639198475
364	0.00277611888908
365	0.000870992995156
362	0.000603648879583
361	0.000908196478642
383	0.00122224574216
388	0.00102118484226
784	0.000969102973928
780	0.0
782	0.00102118484226
783	0.00195172328369
789	0.00180073887381
151	0.00101148175742
572	0.00204729964704
577	0.00143679344426
61	0.00162031386473
62	0.00389428838335
65	0.0202172523185
67	0.00503320153725
68	0.000908196478642
253	0.00206922944855
250	0.00190573235626
251	0.000908196478642
255	0.000773839150794
731	0.0020534596305
735	0.000888968261936
739	0.00325834108413
502	0.00183447996444
500	0.00274957973657
630	0.00519960864853
631	0.00128964838415
633	0.00268356214421
469	0.00402805202797
638	0.0
462	0.000994311551396
168	0.00694523951284
164	0.0
165	0.00704897893152
166	0.00198107252136
167	0.00137045800574
966	0.000990952967487
963	0.00126366930682
969	0.0
872	0.000908196478642
873	0.00181120124783
870	0.00311920586415
890	0.00360529329511
891	0.00369571512747
356	0.0178934006429
809	0.000908196478642
803	0.0009939516999
802	0.00197943051636
804	0.0
216	0.00146625555609
214	0.00188721305114
769	0.000957466619663
762	0.000993382215024
761	0.00195252713657
764	0.00273845725064
219	0.0
957	0.00137045800574
956	0.00146625555609
4	0.00313501433447
281	0.00217922068849
280	0.00650974581651
285	0.000773839150794
678	0.00106135196083
674	0.0009939516999
267	0.00301997421191
268	0.000948506050162
58	0.00133891765517
56	0.000908196478642
53	0.00359288915965
52	0.00799001540761
535	0.0009639198475
534	0.00178421141114
532	0.0
531	0.000908196478642
530	0.00254376644295
988	0.00272148877565
980	0.000920714149738
987	0.0273189442125
984	0.0
114	0.000870992995156
117	0.000948506050162
113	0.0009639198475
112	0.0069566638577
119	0.00102182942816
118	0.000976181744236
429	0.00392135914613
428	0.00461689306195
918	0.00146625555609
421	0.0041299295788
420	0.0
423	0.00393018548532
422	0.00104197787308
424	0.00548625228031
912	0.00398051881337
308	0.0147908572488
301	0.00137045800574
302	0.00119598939697
303	0.0
306	0.00463985258728
847	0.00135103076991
846	0.00128964838415
843	0.00252317452219
841	0.000990952967487
840	0.00181865226942
849	0.000908196478642
823	0.0009639198475
568	0.00290893650034
752	0.0009639198475
754	0.000914906097988
561	0.00385014627006
563	0.000904445282669
565	0.00141906322136
566	0.00103556490687
220	0.00575030234136
724	0.00264990710407
722	0.0009639198475
723	0.0
720	0.01448347154
605	0.000867872664836
607	0.00187927763858
152	0.000934394661845
157	0.00250161943869
602	0.000999151187652
159	0.00549684294179
609	0.00386716618869
634	0.0
48	0.0117043587122
950	0.0
953	0.00119598939697
952	0.00119598939697
955	0.000908196478642
954	0.00272148877565
40	0.0108465020197
41	0.0
485	0.00290114872545
482	0.000908196478642
472	0.00397923324157
470	0.00447733246749
