344	0.00109872825004
0	0.00271377041905
346	0.00266989967526
347	0.0
343	0.00106367825922
810	0.00215422785398
812	0.00054284623432
813	0.000544403939535
814	0.000535885198128
349	0.0010958609194
817	0.00164993561673
718	0.00972923738149
716	0.00107418933371
712	0.00162884203639
711	0.0
710	0.00216635766946
915	0.00814012108318
910	0.00053634228734
299	0.00160890692613
294	0.000536744654843
295	0.00054465614629
293	0.00273481687513
290	0.00108489261358
291	0.00163198904265
591	0.00161562908756
590	0.0
592	0.00217150614421
199	0.00106630652979
195	0.000540639419094
197	0.00107829399633
196	0.00108820577454
191	0.00107750824901
190	0.00383513729418
193	0.0026826887499
192	0.00162108727851
272	0.00106555122544
274	0.00219365508102
275	0.0010472520725
278	0.00163032892117
526	0.00217929723987
527	0.00108591748037
599	0.0010881232245
528	0.00054284623432
443	0.00373060426219
441	0.0
440	0.00161443852735
447	0.000536744654843
445	0.0016365729808
444	0.00054004245141
103	0.00213098424871
101	0.00214007010555
106	0.000534200369757
107	0.00324626554128
104	0.00160837901468
105	0.000534669858099
900	0.00107326560071
38	0.00268064649028
905	0.000544218459435
32	0.00325313407744
31	0.00110100964449
30	0.000539139107462
35	0.00219445925811
641	0.00053266160791
643	0.00108072298487
644	0.00106938149284
647	0.000547037983447
646	0.0
648	0.00376316996977
434	0.000537700554577
435	0.00161317770796
432	0.00053266160791
433	0.00106440457751
339	0.00054465614629
338	0.00053266160791
335	0.00107950282068
334	0.00753101453238
337	0.00158951903484
333	0.00217888638486
332	0.00268046874938
854	0.00213510016683
818	0.000531850855938
857	0.00379945168746
850	0.00162393129293
851	0.00492495566022
819	0.000532347766907
858	0.000536793919267
6	0.00108973636352
98	0.00054595278124
91	0.000538634201758
90	0.00868018363264
95	0.00106900389525
740	0.000538764632045
742	0.00323348431831
743	0.00213129579368
559	0.0
558	0.00164173250582
746	0.00108832560645
550	0.00053726050612
553	0.00162473206607
552	0.000551243060067
239	0.00108498254865
235	0.000541277225115
236	0.00108060511916
231	0.00587502579231
232	0.00213828519455
233	0.00160571390021
147	0.0021609619385
142	0.00219121541282
143	0.0
141	0.00109778370961
613	0.00054284623432
617	0.00271634750589
614	0.00219309437644
149	0.00106800040219
1004	0.00107542069707
948	0.00970497305614
949	0.00106911677939
946	0.0063662509839
947	0.00158362893152
940	0.000541175804661
514	0.00426450655332
688	0.000992744872022
685	0.00216860900701
684	0.00378100234758
687	0.0021578051833
680	0.00162975027446
682	0.000543626682401
132	0.0
136	0.00108943690895
134	0.00108904491561
139	0.0
491	0.00108581984066
493	0.00218797402423
24	0.00543327652014
25	0.00106620607774
28	0.00053266160791
29	0.00108253692975
404	0.000531079398012
401	0.00381898291596
400	0.00052906624113
933	0.0
936	0.000540547854986
409	0.00163536181349
934	0.00106473152684
379	0.00106365675357
378	0.000532670000479
373	0.00109549808131
372	0.00212649040634
976	0.00327111414659
377	0.00215928330763
822	0.00052906624113
704	0.00107289413941
705	0.000542986962829
706	0.00106264626103
707	0.0010845589414
700	0.00213695288118
702	0.00214439121778
703	0.000536793919267
393	0.000543527406585
392	0.000536181956735
391	0.00109856928907
89	0.000536793919267
181	0.000548460097861
399	0.00106367825922
398	0.000543185051035
86	0.00106689792093
87	0.000542720862602
795	0.00330386504157
791	0.00108797239682
790	0.00320416689081
798	0.00108180464934
586	0.0134230529359
587	0.0010873044277
584	0.000543582828064
585	0.00211874787797
582	0.00266469576036
581	0.00106995463985
245	0.00533251789219
246	0.00106720863589
241	0.00109669333247
243	0.00054284623432
249	0.00325965110225
248	0.00161493672634
924	0.00213285286874
511	0.000551246651874
510	0.0
513	0.0
512	0.00110089840909
1002	0.000527758089107
1001	0.00266784463842
516	0.00267307821666
458	0.000547797758066
622	0.0
624	0.000542720862602
450	0.00107557200106
629	0.0114452982809
628	0.000529240477908
454	0.00272155026199
456	0.0
457	0.000539861278533
178	0.00814370087577
595	0.00270284172228
175	0.00208689463126
173	0.00053726050612
171	0.0
170	0.00106922507385
977	0.00856468294535
517	0.00215440843605
971	0.000541990763724
978	0.010458938874
656	0.00273924166256
657	0.000543154743452
180	0.0
2	0.00374540075913
186	0.00269039072277
187	0.00105397045307
650	0.000531742969599
185	0.000538538704082
188	0.00492235163403
189	0.00596138228126
658	0.00109243303535
659	0.000535209497839
184	0.00374730671653
868	0.00107573183295
13	0.00215910731231
15	0.000543582828064
14	0.0026717830014
16	0.00106678524443
19	0.000545080217233
863	0.00106900858
862	0.00544751321787
865	0.00108494963843
866	0.000538634201758
883	0.00378502401734
881	0.00107973149071
880	0.000542588578724
887	0.000539782201537
885	0.00107946551744
752	0.00108464060197
321	0.00108076617372
327	0.000536359926657
324	0.00160615002641
329	0.00266399292245
775	0.00108426846617
200	0.00270742920353
777	0.000531742969599
758	0.00207367484328
771	0.00214251065307
207	0.00769393388408
772	0.0130233231978
209	0.000535624998603
208	0.000535042274833
779	0.000534766077344
76	0.000531742969599
75	0.00270307625723
74	0.00214184548104
73	0.00102466123475
72	0.000541422231846
70	0.00108414309445
78	0.00054465614629
669	0.0
668	0.00217506325091
664	0.00430909945156
663	0.00319637289048
662	0.00320831485691
692	0.00482674492756
693	0.00543204008698
696	0.00107067390118
697	0.0016017255476
695	0.00105523894331
698	0.00053266160791
542	0.00161843906867
540	0.00800193863779
541	0.00106522202172
546	0.00108204348932
547	0.00933279962091
544	0.0
8	0.0
994	0.00427249131068
997	0.00162350217025
996	0.00106814891022
991	0.00108784119732
990	0.000547037983447
993	0.00054284623432
120	0.0194867561557
122	0.00216259854833
125	0.0
126	0.00161132497434
127	0.00216209764083
414	0.00108222507862
415	0.00326555293324
416	0.00375681425532
410	0.00851483032301
413	0.000544356632576
920	0.00436865679565
921	0.00214610090309
923	0.00379674262809
418	0.00267478024293
925	0.00214034168782
926	0.000538634201758
499	0.00322678506765
319	0.00264228421519
318	0.00162845824574
311	0.00159680877081
310	0.000530829414848
317	0.0
316	0.00490069529694
832	0.00426608858411
833	0.00054284623432
830	0.00161582800923
837	0.000531742969599
838	0.0010854816189
369	0.0
364	0.00106744081105
365	0.0
362	0.000539782201537
360	0.00163762498868
361	0.00053266160791
381	0.00161679732986
382	0.00053726050612
383	0.00431832330446
388	0.00216900382569
787	0.000541175804661
780	0.00106771227531
782	0.00589277360454
783	0.00108674392868
789	0.00107500663307
151	0.000534752611246
573	0.00108803950741
572	0.000547485907542
577	0.00216312640519
153	0.00212917269039
61	0.0080545645656
62	0.00162153236299
65	0.00108600160095
67	0.00549091337387
68	0.00053266160791
250	0.00161923758424
251	0.00159944685234
256	0.00215328877981
257	0.000541422231846
731	0.00652038932438
730	0.00161251311135
732	0.0
737	0.00161461911414
509	0.0016035728897
506	0.00373673741405
738	0.00376183373411
505	0.000529240477908
502	0.00980284226277
500	0.00268061251457
630	0.00274704802169
631	0.00109243303535
633	0.00107592601354
634	0.000533621520047
638	0.00213547529894
464	0.000541225840833
168	0.00427356722084
169	0.000531079398012
165	0.00274186068301
166	0.00374412557142
167	0.0022021054285
160	0.00271519564301
963	0.000549756523722
935	0.00163277697792
908	0.000538383923867
909	0.00162798507764
874	0.00319695181421
872	0.00053266160791
873	0.00213183407729
870	0.000543057767972
890	0.0010762716568
891	0.00217547528068
898	0.000486830895151
356	0.00589456597825
809	0.00053266160791
808	0.000978538924251
353	0.000548460097861
803	0.00267696138679
216	0.00105259912752
214	0.00919815595235
769	0.000531850855938
762	0.000536744654843
767	0.00054465614629
764	0.00372985263706
765	0.00484609426977
957	0.00110089840909
956	0.00315421385909
288	0.00438565021793
281	0.0021757315845
280	0.0174895501443
284	0.000543582828064
674	0.00321841220328
676	0.0
670	0.00101503605458
672	0.00158110585025
267	0.00918822736981
266	0.00053384148821
58	0.000542865968216
56	0.00160921676198
50	0.0
53	0.00163322461022
52	0.00107688811275
537	0.0016150186089
535	0.00216011642084
534	0.00323280498114
532	0.0016113515058
531	0.00053266160791
530	0.00651880220346
538	0.00163082547903
988	0.00165282180578
774	0.000527113968111
980	0.00216462820242
987	0.0165253420116
984	0.000536744654843
985	0.00053841468802
776	0.000537822747795
112	0.00482270505661
119	0.000534752611246
773	0.00106321650443
429	0.0016351055982
428	0.00435330186591
918	0.00316637643721
421	0.00330096246946
423	0.00319696940153
422	0.00217387691812
425	0.00481200949006
424	0.00275351320942
427	0.000531423607456
912	0.0042843533753
855	0.00267114025549
301	0.00220230660247
304	0.0
305	0.000534343252813
306	0.00267745065741
847	0.000550275351798
846	0.0032887882382
844	0.00210030289941
843	0.0
841	0.00163700008903
840	0.00319706657728
849	0.00210864755118
823	0.00162482939723
568	0.00212669897268
569	0.0114307004122
561	0.00273973413103
563	0.0
565	0.000541422231846
566	0.00108451761258
229	0.0010738436996
228	0.0010881232245
220	0.00162322848643
724	0.00216064273525
722	0.00107951306327
723	0.00102779306769
720	0.00217061615375
721	0.000535897334284
605	0.00271079958658
150	0.00108482162005
607	0.0107738352723
600	0.000524841038414
602	0.00106924637937
159	0.00324335822297
609	0.00596963865318
469	0.00219938150906
958	0.0
48	0.00106254159299
951	0.00540978999707
950	0.00160002446111
953	0.00164874257346
952	0.0021673116875
955	0.00212769702529
954	0.000551243060067
40	0.0010723308337
41	0.00102779306769
5	0.00108432739823
484	0.00054881276535
482	0.00106440457751
480	0.00053266160791
472	0.00374005928538
473	0.000538332050353
470	0.00054465614629
478	0.000540547854986
479	0.000535042274833
