344	0.000873209752953
0	0.000808145508978
347	0.00163300738209
341	0.000428874489898
343	0.00164594066154
810	0.000399743752525
812	0.00330225906865
813	0.00288169802781
814	0.000408486510408
349	0.0021503550031
817	0.000452279532198
719	0.00113989495257
718	0.0102659881179
716	0.00247395617251
713	0.000841400494637
712	0.0012460803351
710	0.00202492225218
915	0.00641836297527
299	0.0
294	0.00245886987491
293	0.00128422610097
290	0.00165315234783
591	0.00288223162627
199	0.00152478323599
599	0.000404291076206
197	0.000378269732359
196	0.000841353425306
191	0.00166134425706
190	0.00506536151442
193	0.000412490402325
192	0.000393307075068
270	0.00152170054745
272	0.000838102967158
273	0.000431505693897
274	0.00172688111237
275	0.000407703428859
278	0.000410138393272
526	0.00125396484495
527	0.000817376156278
520	0.000431867006227
521	0.000817889456037
522	0.000819974897061
523	0.000421827838827
528	0.00371036000074
448	0.000382034162888
443	0.0016839281289
441	0.000416697910184
440	0.000785268072999
445	0.00128681291746
444	0.0
109	0.000405520280359
103	0.000825592477022
106	0.00706817894834
107	0.0104079760044
104	0.000409368776181
105	0.000421827838827
902	0.000857025975388
900	0.000831067896392
901	0.00130763461076
906	0.000391656751918
32	0.00283041581187
31	0.00174288887638
30	0.0012258008338
35	0.00179736052424
641	0.000410389026602
643	0.00121733317207
644	0.0125730860383
438	0.000415907694449
439	0.00122522312055
649	0.00120830353323
437	0.000761625220213
435	0.00367758917098
433	0.00242506129153
338	0.00208232025717
335	0.00200448136997
334	0.00581054634665
337	0.00120355888054
333	0.0012123689197
332	0.00245175531376
744	0.00204456661887
745	0.00151788800854
854	0.0
818	0.00207861622323
857	0.00214499303126
850	0.0102529421816
851	0.00532690314126
819	0.000831128324282
6	0.0011930337924
99	0.00203258166526
98	0.00253314845419
91	0.000419154979495
90	0.00245658861897
92	0.00171944196005
95	0.000821111729188
740	0.000408223789105
742	0.00207996720423
743	0.000409368776181
559	0.0
558	0.00039847129672
746	0.0107344199236
554	0.000409223541225
551	0.000819411712777
550	0.00166373584232
553	0.000800123542106
552	0.000452279532198
239	0.000419188010953
236	0.000798231200249
231	0.00412125691782
232	0.00327871216533
233	0.00371211080525
147	0.00247322850076
618	0.000810833757741
142	0.00212872323805
143	0.000418624628148
141	0.0013223964065
610	0.000432940161514
611	0.000761838292946
617	0.00123934874683
614	0.00178623635445
149	0.000823171871529
951	0.00473427498157
1004	0.00161206575776
948	0.00982987524431
949	0.0012259933786
946	0.00123788833935
515	0.000415012438711
945	0.000761625220213
942	0.000408945672798
943	0.000391656751918
514	0.00275409479533
768	0.000414299802726
517	0.00285830194811
685	0.000405496945633
684	0.00772744778029
687	0.00246833027095
516	0.00151840335879
680	0.00258569410975
682	0.000761625220213
133	0.00122777946968
132	0.000391656751918
137	0.000842417587425
136	0.00300319623382
135	0.000411241732197
134	0.00124514612485
139	0.00118559455152
497	0.0
491	0.00080879520372
24	0.00301215582987
22	0.000412798978484
28	0.000410389026602
29	0.00196804757862
407	0.000400527817827
939	0.000411188011377
404	0.000822034947914
403	0.00121122949866
402	0.000391656751918
401	0.0021207923091
400	0.000833424394017
933	0.00163696765844
409	0.000404291076206
934	0.000822034947914
378	0.000392499268456
828	0.00151872592458
371	0.00124722846602
373	0.0017371506264
372	0.0024650099244
374	0.000840749823691
377	0.00164826663628
376	0.000394912115376
708	0.000412116400955
704	0.00161167458973
706	0.000431505693897
707	0.00170533879571
700	0.00367581800245
701	0.000418557835734
702	0.00192715931739
703	0.00167162136643
393	0.000802712530229
392	0.00122435908873
391	0.00301738973558
390	0.000419803435678
397	0.000829070431491
82	0.00041230819713
181	0.000422731015304
399	0.000785734378574
398	0.000831321712389
86	0.000843301681175
796	0.000410389026602
795	0.00135154382482
791	0.000806167537031
790	0.00530905527666
799	0.000409511879098
798	0.000421827838827
607	0.00125074209539
586	0.00818104770788
587	0.000492998014635
584	0.00129346931686
585	0.00132539808502
582	0.000820459652869
580	0.000402647629198
581	0.00245499905192
588	0.000411241732197
589	0.000413416287412
245	0.00246847405432
241	0.00094810245023
243	0.00123874768525
249	0.00159849983667
248	0.00125295208573
924	0.00189982808784
518	0.000825124063067
513	0.00081685486092
512	0.000452279532198
1003	0.000419246223133
1002	0.000421827838827
1001	0.00153239422103
1000	0.00399304947952
458	0.0016128238054
622	0.000391656751918
626	0.000421827838827
624	0.00125344661361
450	0.00339234153279
629	0.00468745164263
454	0.00335068308991
456	0.0
178	0.00447320343836
177	0.000408125906827
595	0.00246769565901
175	0.000807447181384
173	0.00152478323599
171	0.00122516467201
170	0.000410070626267
977	0.00481316622385
656	0.00168381588641
975	0.000414668209773
971	0.000431324124286
979	0.00113989495257
978	0.00944776683205
182	0.000409368776181
657	0.00113989495257
654	0.00154707606289
2	0.00291110918981
652	0.000399743752525
187	0.000424773962519
650	0.0015157637849
185	0.0033038958611
188	0.00181038969659
189	0.00243460735217
658	0.000869321778107
659	0.000842417587425
184	0.00201703222699
868	0.00122603697072
13	0.00113989495257
15	0.0021585765602
14	0.00421434380867
16	0.000410601707452
863	0.0151678537302
862	0.00202324612457
865	0.000423750344676
866	0.00163797614929
883	0.000410601707452
881	0.00152170054745
880	0.00122220930224
885	0.00163494148653
752	0.000422731015304
929	0.00161731226317
809	0.000820459652869
322	0.00122717297024
323	0.000391656751918
320	0.000399743752525
321	0.00161985464446
326	0.00097622204738
327	0.000761625220213
329	0.00165735843747
201	0.000399743752525
200	0.00215098610346
203	0.000421827838827
758	0.00120482828306
207	0.00486402338434
772	0.00619804146189
208	0.000399743752525
77	0.00204468755328
75	0.00249110746148
73	0.00119508458899
72	0.000413329004639
70	0.00248489044499
78	0.000404291076206
686	0.000377438419238
669	0.000824876594756
668	0.0012381483203
665	0.000412906659373
664	0.000399743752525
663	0.00165094153632
662	0.00168202455783
660	0.000853333532724
692	0.00537708354676
693	0.00242679997213
696	0.00204377121977
697	0.000821218318306
695	0.000424773962519
698	0.000410389026602
699	0.00122661914062
542	0.00572558772466
540	0.0037109753883
541	0.00228164998726
546	0.00124379887064
547	0.00181038969659
544	0.00209113113541
8	0.000418624628148
995	0.00373185864632
994	0.000814186133184
997	0.00292728226944
996	0.00153700360947
991	0.0011994254162
990	0.00263239325081
993	0.000421827838827
120	0.00943487538182
122	0.000410601707452
126	0.00327172496716
127	0.001228143509
414	0.00166555906855
415	0.00209385058654
416	0.00286549188431
410	0.000813029488474
920	0.00299491542249
921	0.00230883997398
923	0.00566823593928
418	0.00159116184519
925	0.00164257022839
499	0.00243154455933
319	0.00039847129672
318	0.000406333455294
313	0.000817054561601
311	0.000820900795167
310	0.00164732651575
317	0.000421827838827
316	0.00595000434716
315	0.000835605037443
314	0.0016183636239
832	0.00361017440567
833	0.00124495039415
837	0.00151788800854
834	0.000413711854346
835	0.000421827838827
838	0.000831456708246
369	0.000812574903312
367	0.00461507544663
364	0.000412116400955
365	0.000409373189609
362	0.00122673095635
360	0.000850753378211
361	0.000410389026602
381	0.00197072469622
383	0.00165452129828
387	0.000445906188117
388	0.00124072178057
784	0.00167762221828
780	0.0011846838382
782	0.00369875935454
783	0.00232407140927
788	0.000391656751918
789	0.00124319673434
573	0.000408826753191
572	0.00040545876994
570	0.000842417587425
577	0.000407938573694
576	0.00190053151946
575	0.0
61	0.00162353658162
62	0.00245024921516
152	0.000421827838827
65	0.00331844513444
68	0.000410389026602
69	0.000814852357172
250	0.0
251	0.000820459652869
256	0.000818125513399
157	0.00408497965631
731	0.00299715865916
730	0.000817543525392
732	0.000410601707452
735	0.00081887688848
509	0.000802937040477
506	0.00540505257406
738	0.0141834546139
505	0.000400466951901
502	0.00448542853317
503	0.00199831037707
500	0.00326965522329
630	0.00260453369703
633	0.00207513866464
469	0.00588310139515
468	0.00122726212275
465	0.00041283318949
464	0.00121057208635
168	0.00776849270566
169	0.00123442446924
164	0.00079410299382
165	0.00174425317184
166	0.00367588635481
167	0.0018176946239
160	0.00171293896483
161	0.000421827838827
163	0.000408749833598
966	0.0
962	0.000810735067279
963	0.000415012438711
969	0.000410601707452
935	0.00206247082683
909	0.000880926437465
878	0.000403936671758
879	0.000812178249739
876	0.000416102513991
874	0.00287825126966
872	0.000410389026602
873	0.00205411145741
870	0.000408359398674
890	0.00527497048873
891	0.00719221205217
895	0.00123076469234
898	0.000399743752525
899	0.000798255081479
646	0.00122062743129
648	0.00163840659197
356	0.00858861813446
355	0.000409002309207
808	0.000792493371975
353	0.000854958446562
351	0.000410872188575
803	0.000409368776181
802	0.000424773962519
800	0.000408183047208
807	0.000837735533276
806	0.00126033375
216	0.00121262462722
214	0.0124448132506
769	0.000421827838827
213	0.000421827838827
762	0.00163837868652
955	0.00205399413278
761	0.00113989495257
767	0.000404291076206
764	0.00205619365667
765	0.00450610689491
957	0.000901744467475
289	0.000398517572217
288	0.00302204455489
4	0.000832908067414
281	0.00165596099335
280	0.00512387262977
284	0.00129346931686
679	0.00121673137449
674	0.000814990312548
676	0.0003910597853
670	0.000812787908583
671	0.00207071909482
673	0.000421827838827
260	0.00122690461469
267	0.00411107518859
266	0.00163411928543
264	0.000829021773511
269	0.000410389026602
268	0.00334607467954
56	0.00123378865751
50	0.0
53	0.00248450713391
52	0.00163522887558
537	0.000798231200249
535	0.00285182404932
534	0.00287850116293
532	0.00115493229528
531	0.00123830812469
530	0.00383243536602
538	0.00120525416588
775	0.00331993412554
988	0.000452279532198
774	0.000421827838827
980	0.00201257286674
777	0.000410601707452
984	0.00204664423616
985	0.000399743752525
114	0.00203506489743
117	0.000418622410002
776	0.0016513088006
113	0.0
112	0.00325766790705
119	0.00041283318949
118	0.000399743752525
773	0.0
429	0.00168605931782
428	0.0060520032571
919	0.00158380659035
918	0.000406333455294
421	0.00181054774582
420	0.000405620938224
423	0.00330925382757
422	0.000432649035667
425	0.00286820734288
424	0.00179191232795
913	0.00121793492474
912	0.00778066011105
309	0.000394310275528
855	0.00205409975529
301	0.000907383967792
302	0.000433539592255
304	0.0
306	0.00294113013229
307	0.000421827838827
846	0.000432940161514
844	0.00244809806328
843	0.00122283734594
840	0.00656303919781
853	0.00040545876994
849	0.00203957962362
823	0.0016355559405
568	0.000424773962519
569	0.001225705922
751	0.000820374401121
750	0.00214870411464
754	0.00122370887843
759	0.000817770609419
736	0.000837930352818
565	0.00120700611875
566	0.00124054651453
987	0.0119045834258
739	0.00084945976967
229	0.00167426215981
228	0.00161980737854
224	0.00129056747015
223	0.000412906659373
220	0.00165934664684
88	0.000391656751918
724	0.000813170849074
723	0.00239459641714
720	0.00412726026012
721	0.00163631675781
605	0.00809288069202
153	0.00575829527246
606	0.000421827838827
601	0.000784637343924
603	0.000391656751918
602	0.000818450299148
609	0.00376897996028
976	0.000835502627792
634	0.000391656751918
749	0.000412465482238
48	0.00200622699625
46	0.000391656751918
950	0.00118488912263
953	0.000433539592255
952	0.000864863716541
42	0.000805823006055
954	0.00223627622392
40	0.00126079516592
41	0.00239524941259
638	0.00120877250397
5	0.00158148430261
486	0.000421517457876
485	0.00162899733588
484	0.00170839225562
482	0.00122803316588
480	0.000410389026602
472	0.00612890762818
470	0.00525507648278
478	0.000826913319388
