344	0.00394632265633
0	0.00141781305717
343	0.00307715941314
810	0.000829666464411
719	0.0
718	0.00605457667585
716	0.00274531381356
712	0.00300820307356
710	0.00283213314873
910	0.00151883494612
299	0.0
292	0.0043689113014
293	0.00276208661545
290	0.0015644757658
291	0.00134347677093
591	0.00459880482939
590	0.00154969959387
199	0.0
596	0.00152063588177
599	0.00283213314873
191	0.00437341589406
192	0.00152203349528
272	0.00909753509628
273	0.00120763726053
275	0.00198700501225
524	0.0
522	0.0
528	0.00305345880413
443	0.00926308027817
444	0.00307375309596
102	0.0
101	0.00371405794602
106	0.0
107	0.00167785106586
105	0.0
900	0.00456771816972
907	0.0
31	0.00402367249205
30	0.00770315929228
34	0.00183510423791
641	0.00102054181268
643	0.0
644	0.0
647	0.00274151667745
646	0.00307841838777
435	0.00314829201001
433	0.00407416015187
338	0.000982353126714
335	0.00303937139094
334	0.00755881614975
333	0.0184525078898
332	0.00157166147269
854	0.00307375309596
855	0.00282270833944
857	0.00140497082166
850	0.0042912969461
851	0.00616293236889
6	0.00293797374348
98	0.0010831322822
91	0.00284269839903
90	0.0
92	0.00168839772985
96	0.00153666814607
742	0.00773239012442
743	0.00305870980459
748	0.0
749	0.0014046280266
551	0.00153863895082
550	0.0
236	0.00157780764258
230	0.00139677235408
231	0.0
232	0.00153876496974
233	0.00148413642359
1	0.0
147	0.00279749282847
144	0.0
142	0.00268145093731
141	0.00758693372139
617	0.00138136914894
614	0.0029948141704
948	0.00153356266535
947	0.00305304272578
942	0.00298254237867
940	0.00313925122019
517	0.0015201606863
685	0.0
684	0.00458781187599
687	0.00609023407028
686	0.00299361358357
680	0.00214484282172
683	0.00134347677093
682	0.0
136	0.00613519943243
135	0.00590343962294
497	0.0
491	0.0
493	0.00333193192454
24	0.00655419376671
25	0.0
405	0.00147656243603
402	0.0
401	0.00808369166079
936	0.00154173070539
409	0.00141781305717
373	0.00131047693696
372	0.00141231193264
377	0.00414105563861
704	0.0
706	0.0
707	0.00652923453601
700	0.00454872135115
702	0.0
703	0.00154675524126
393	0.0
82	0.0
86	0.00154675524126
790	0.00151733789565
798	0.00154969959387
586	0.00151511808004
587	0.00138136914894
581	0.00147656243603
245	0.0
246	0.00238144040925
241	0.00151928936641
249	0.00282602549895
248	0.00305048007334
924	0.0
510	0.0
513	0.00307885230037
1004	0.00102276227584
1003	0.0010831322822
1001	0.0
516	0.0045447049155
458	0.0
459	0.0
450	0.0121448470958
629	0.00836773260017
628	0.00151733789565
454	0.00400046784958
175	0.00411379799406
173	0.0
977	0.0
971	0.0
978	0.00145888310593
654	0.00292092297845
2	0.013659195335
185	0.00590024898891
188	0.00151928936641
189	0.00472548531668
658	0.00504626049576
868	0.00607066847107
12	0.00106710678883
14	0.0
862	0.00141781305717
865	0.00140821244178
866	0.00285639675861
885	0.0015358982676
569	0.00703296992382
322	0.00152929464201
323	0.0
324	0.0
759	0.00152153725706
201	0.00148413642359
774	0.00152940369258
771	0.0
770	0.00153863895082
773	0.000921811829874
772	0.0258123620678
77	0.00308419499991
75	0.00454696727644
663	0.0
662	0.00613525546694
660	0.0
692	0.00305569773738
693	0.00279994506663
696	0.0
697	0.00375280309711
695	0.0
542	0.0060976689565
543	0.00140497082166
540	0.00692343301996
546	0.0
8	0.0
994	0.00233951932623
997	0.000909684619466
991	0.00298981297186
990	0.00133088756357
120	0.0296631355706
125	0.0
126	0.00456443361129
414	0.0018069662655
415	0.0113103191236
410	0.0
920	0.00462497503912
921	0.0
923	0.00153699482221
418	0.0
925	0.00185248242313
927	0.0215289224829
318	0.00153150200924
313	0.00309879893352
311	0.00185248242313
316	0.00153699482221
833	0.00279368108158
830	0.00147552480398
837	0.00302977646624
834	0.00148413642359
838	0.00140497082166
369	0.00768911325
364	0.000982353126714
362	0.00152733150314
360	0.00332308946859
381	0.00760550575704
388	0.00269177368412
782	0.00314829201001
783	0.00433863203869
788	0.0
789	0.00141225784056
572	0.0
577	0.00299361358357
575	0.00306904900039
61	0.0137313523436
62	0.0061541374828
65	0.00750419106857
66	0.00151212916691
67	0.00526024180459
253	0.00145888310593
250	0.00307375309596
256	0.0015255590718
499	0.00153150200924
939	0.0
731	0.00310804627395
737	0.0018218636498
506	0.0
738	0.00569573102573
502	0.00290194948076
500	0.00627706244842
630	0.00129766372724
631	0.0018069662655
633	0.00307985605766
469	0.0026060592338
638	0.0
466	0.00153665818462
168	0.00921045792182
164	0.0
165	0.00934646625995
160	0.00612468983426
963	0.00131008296421
879	0.00458147174372
873	0.0
870	0.0
891	0.00898878597112
356	0.0167734762793
353	0.0018069662655
802	0.0
214	0.00937251909606
762	0.00154173070539
42	0.0
761	0.00151413412954
764	0.0
765	0.00466514422122
4	0.0
281	0.00157780764258
280	0.00935182643548
283	0.00154969959387
678	0.0
679	0.0
674	0.0018599786494
260	0.00308419499991
267	0.0055484406532
264	0.00132922241114
58	0.00140821244178
53	0.00157217388681
52	0.00453932977765
537	0.00173271169392
535	0.0138072251074
534	0.0
533	0.0015488525978
532	0.00303937139094
531	0.0
530	0.00457932064295
538	0.00141781305717
200	0.0
987	0.0
113	0.00153863895082
112	0.0018599786494
207	0.00527518011081
429	0.00267269918207
428	0.00844244440683
915	0.0138128908769
420	0.00306848659623
423	0.00344675358083
422	0.00155616101556
424	0.00132317725746
427	0.000921811829874
912	0.00923927195305
308	0.0
309	0.0
303	0.00154127823855
304	0.0
306	0.00304708228795
847	0.00265553121225
846	0.0
843	0.00136676957542
849	0.00291298262125
823	0.00153863895082
752	0.00437606818658
754	0.00736966340901
561	0.0
562	0.0
564	0.0
565	0.0
739	0.00148413642359
228	0.00141781305717
226	0.00148413642359
223	0.00306143892485
220	0.0
724	0.00274082696186
722	0.00307375309596
720	0.00415199031503
605	0.00419334198785
150	0.00280908428672
153	0.0
152	0.00154675524126
154	0.0
157	0.00448103248
159	0.0201201366568
158	0.00704989319581
609	0.0010831322822
48	0.0
951	0.00363237681988
950	0.0
45	0.00151212916691
955	0.0046474185261
40	0.0030266158244
956	0.00151733789565
5	0.00304219418159
485	0.00307885230037
482	0.0014046280266
472	0.00766192059694
470	0.00282816976014
477	0.0
