344	0.00187644132078
0	0.000530939580523
347	0.000554397863333
343	0.00204018281476
810	0.000552687763285
812	0.000931175731176
815	0.000499601130479
817	0.00130786768933
719	0.000992000144499
718	0.00370650111276
716	0.00256266176322
714	0.00103139758385
713	0.000606889475765
712	0.00220775780197
710	0.00100857411544
736	0.000517079136515
916	0.000509996963503
910	0.000598557794614
299	0.00138174222963
294	0.000468363031261
295	0.000530939580523
293	0.00133411901068
290	0.00225254493761
291	0.00313005090875
591	0.00215934273853
592	0.00239031442034
199	0.00245096437712
599	0.00107523289703
197	0.00100797394843
191	0.0
190	0.00576400345586
193	0.00312047933802
192	0.000498762136764
270	0.000484417699818
272	0.00277743369723
273	0.000591271217429
274	0.000973133524933
275	0.000973219070422
277	0.00188330014828
278	0.00226000244378
526	0.00454352574833
522	0.000532845090579
528	0.000593636566542
449	0.000606889475765
443	0.00279230286369
442	0.000505721122552
445	0.000761292334003
444	0.000549082529634
101	0.000458007796482
106	0.00149107917753
107	0.00277251070008
104	0.000927914567516
105	0.00148002095972
900	0.00394860156825
38	0.00211615401285
904	0.000498402851291
32	0.00322992679121
31	0.00356975391487
30	0.0013801269187
35	0.00340968661731
641	0.000551045831595
643	0.00223025669132
644	0.00244191842579
647	0.000816463963836
439	0.000471517805584
437	0.000484417699818
435	0.00163587442363
432	0.000523556248607
433	0.00201113425542
338	0.00146548556707
335	0.0
334	0.00382210274149
337	0.000964476884827
333	0.000530939580523
332	0.00108128697075
745	0.000484417699818
854	0.00218522222644
855	0.0015793192796
850	0.0019627775584
851	0.00269139451867
819	0.000556251041339
6	0.00312096890729
98	0.00789453807123
90	0.00268210499169
92	0.00102705844546
96	0.00318869641894
740	0.000893406706558
742	0.00515759881087
743	0.00293195452647
558	0.0042401840712
746	0.00336874613554
747	0.000484417699818
557	0.000492347100507
551	0.00381731139209
550	0.000528875746606
553	0.000498463768015
552	0.000591271217429
239	0.00196633473257
236	0.00306621990208
231	0.00324787455938
232	0.0015037809088
233	0.0016476402441
1	0.0
143	0.00298665871361
612	0.00168158837958
617	0.0015523898033
614	0.00137289325086
149	0.00103641178452
1004	0.00347003859118
947	0.0010455295035
942	0.00106007086895
940	0.00057278456375
517	0.00057278456375
685	0.00465966979301
684	0.00493000170037
687	0.0011152320351
686	0.000965151866371
680	0.00165717195268
682	0.000970324558494
133	0.00145435489469
132	0.000451547624378
131	0.000484417699818
137	0.000517379324008
136	0.000948136020527
135	0.00544938003031
134	0.00245163686321
139	0.00232215006529
138	0.00154740857504
493	0.00443107217689
24	0.00316617159927
25	0.00126290004226
927	0.00882304057033
29	0.0117007791589
939	0.000926655341375
404	0.000478751034719
402	0.00279438852902
401	0.00402249795477
933	0.000554397863333
936	0.00104121139392
409	0.000530939580523
828	0.00101723765193
371	0.000542691544947
373	0.000973133524933
374	0.000489863239859
377	0.00303595465354
704	0.00312745516528
707	0.000606889475765
700	0.00189265365332
702	0.00197813849767
393	0.000492265395688
395	0.0
394	0.000598557794614
82	0.00106549221362
181	0.000973133524933
398	0.00109970129767
86	0.000556606089294
84	0.000477634534912
796	0.0015617928266
795	0.00770645490454
791	0.00130000881563
790	0.00186572004756
7	0.000480613545979
607	0.0109042601496
586	0.00574949026013
587	0.000522800668673
585	0.000770351218254
582	0.00154783146976
580	0.00065135287875
581	0.00212159233774
245	0.00212924854326
246	0.000924262017058
241	0.00264198670001
249	0.00204454390863
248	0.00358226171386
924	0.00345495325229
511	0.000523556248607
513	0.0021837554806
512	0.00133411901068
515	0.000519988283137
514	0.0
1001	0.0042044743295
516	0.000961089587061
458	0.00193461521099
622	0.0
951	0.0035483767638
624	0.00108609755985
450	0.00772569960921
629	0.0124518370718
628	0.000542691544947
454	0.00559351340389
457	0.000511191150171
595	0.00144789701207
175	0.00148827451389
173	0.000484417699818
171	0.0
170	0.00107032084594
977	0.00344507163533
976	0.000530939580523
971	0.000948136020527
979	0.000484417699818
978	0.0126607875245
656	0.00225353144987
657	0.000484417699818
654	0.00145093901031
2	0.000917639463436
652	0.000990668246979
653	0.000484417699818
650	0.0024328362241
185	0.0
188	0.00259814885454
189	0.00802688926972
658	0.00236189906716
187	0.00054333825777
184	0.00145841050882
868	0.00244803412868
13	0.000961089587061
15	0.00170720331208
14	0.00457023690327
16	0.00257000211206
863	0.0
862	0.000530939580523
659	0.00108257732458
883	0.000496882018555
881	0.00147604568105
880	0.000568837668646
887	0.00102242884997
886	0.000538189564504
885	0.000598557794614
752	0.0
322	0.000985847173793
320	0.000492265395688
321	0.00181106520348
326	0.000554309286013
327	0.000988447812363
324	0.000473690950852
329	0.00167373898457
201	0.000498402851291
200	0.00468857095706
777	0.00104795447765
758	0.0
771	0.000549732234001
770	0.000549082529634
207	0.00806847017616
772	0.00387257101341
209	0.000986519733897
208	0.00101366228462
779	0.000496882018555
77	0.00142690360455
75	0.00236159190985
73	0.00127475226156
71	0.000478751034719
78	0.000530939580523
669	0.00115539832872
665	0.000559863019412
663	0.00208747566451
662	0.00396724092326
692	0.00556125965352
693	0.00163820491067
696	0.00285949944887
697	0.0021262328965
698	0.00317433866312
542	0.00332652441897
543	0.000948136020527
540	0.00315206854703
541	0.00297752212887
546	0.00106304362462
547	0.0143918393411
544	0.000593459517192
8	0.00116291726397
994	0.00379612094131
997	0.00057278456375
996	0.00194268690877
991	0.000530939580523
120	0.000646614032574
122	0.000997711322246
125	0.0
126	0.00193977472748
127	0.00205193809693
414	0.00810912855846
415	0.00186719702528
416	0.00546824666449
410	0.0102092117073
921	0.00248363556448
923	0.00539262305307
418	0.00193733475004
925	0.00167154343314
499	0.00451409453698
319	0.00085684261502
318	0.000468283121309
313	0.000923892920122
311	0.00105506468011
316	0.00195536374571
315	0.000470489137135
832	0.00529089172641
830	0.000554309286013
497	0.000488713964917
837	0.000992000144499
838	0.00323789235367
368	0.000474095271033
369	0.001640362124
364	0.00214646850349
365	0.000498402851291
362	0.000955457046043
360	0.00458975093499
361	0.000523556248607
380	0.000549880662699
381	0.00253544746852
383	0.00153870463211
385	0.0
388	0.000451547624378
782	0.00261493244458
783	0.00293707514531
788	0.000895059928547
789	0.00163056877317
151	0.000558757145473
573	0.00102499242424
572	0.00054333825777
571	0.0101803519106
577	0.000472863161858
576	0.000484417699818
575	0.000989684671943
61	0.0064241841054
62	0.00550788286157
152	0.00112836323543
64	0.000450987511266
65	0.00297056666627
66	0.000944851946859
67	0.00475305383712
250	0.00162258933235
251	0.000507582444681
257	0.00101720101153
731	0.00340781702347
732	0.000568077414362
735	0.000461975112357
508	0.000484417699818
509	0.000904107694721
506	0.00702753111461
738	0.00243681199797
505	0.00047860701961
502	0.00286339157981
500	0.00173572344063
501	0.000450055861291
630	0.00529792726716
631	0.00154543510332
633	0.00351180961968
469	0.0153962335261
638	0.00231329513639
466	0.0005651918409
462	0.0
168	0.00644615491884
164	0.00230655860261
165	0.00550474721313
166	0.00203259767686
167	0.00393874931805
160	0.00502543306637
161	0.00241233138966
966	0.0016690890273
963	0.000962804191253
969	0.000507582444681
935	0.00226375054842
879	0.00227042619237
873	0.000526521963287
870	0.00171403390331
890	0.0011402671401
891	0.014367004183
898	0.000505721122552
646	0.00273655563635
648	0.000927914567516
356	0.00208322463894
808	0.000505721122552
353	0.00173442585894
802	0.00109315889274
216	0.000603515822698
214	0.00442382736683
952	0.00171010307539
762	0.000495051459514
955	0.00317305322431
761	0.000971454889755
767	0.000530939580523
764	0.00160130597755
765	0.00519776437284
957	0.00133411901068
4	0.00106549221362
281	0.000725621941424
280	0.00360859605265
283	0.000543510323112
285	0.000598557794614
674	0.000647285702546
676	0.0
670	0.00301014388944
671	0.000593459517192
672	0.000543804086888
260	0.000471517805584
267	0.00321200244038
265	0.000509996963503
264	0.000621661698101
268	0.000606889475765
58	0.000953654195583
56	0.00163491614559
53	0.000536916565609
52	0.00192242032761
535	0.000549082529634
534	0.000647296704672
532	0.0185463765048
531	0.00331613023052
530	0.00571647351345
538	0.00225752642516
988	0.00262915874088
774	0.000519625866459
980	0.00165793466303
987	0.00841693763752
984	0.00199395764044
114	0.000498402851291
117	0.000606889475765
776	0.00114250228023
113	0.000549082529634
112	0.00129211196475
118	0.00113850655687
773	0.000526175370177
429	0.00308247729062
428	0.000721712821998
918	0.0
421	0.00522176492443
420	0.000450055861291
423	0.00237140786085
422	0.00177201067183
424	0.00748203742839
427	0.000526175370177
912	0.000987398560021
309	0.0
301	0.00376992397452
305	0.00141733371272
306	0.00275899536999
847	0.00809881179368
846	0.00334162814808
844	0.00109229253601
843	0.00200162394718
841	0.00170662351287
840	0.00158929208659
849	0.0014522750053
823	0.000549082529634
568	0.00159580921481
569	0.0106611453463
561	0.00578047083698
759	0.00102499242424
563	0.000570796534251
565	0.00085684261502
566	0.00168170824609
739	0.00305831974888
229	0.00111672904936
228	0.000530939580523
226	0.000505721122552
220	0.000543510323112
724	0.00331637459626
722	0.000549082529634
723	0.000626196624145
720	0.004205587936
729	0.000607283899688
605	0.00103666070307
150	0.00126950534664
153	0.000996296409598
606	0.000603777452305
157	0.0
602	0.0024761050207
159	0.00436614543218
609	0.00356414774236
83	0.0
634	0.00319562561299
48	0.00274598752102
46	0.0
950	0.000507240154183
45	0.000944851946859
42	0.00477542471512
954	0.00233492613479
40	0.00327401811956
41	0.000626196624145
5	0.00250453375708
485	0.0021837554806
483	0.000543944485612
482	0.00482787165991
472	0.00297206436457
470	0.00102934243181
477	0.0013649906566
