344	0.00265968037107
0	0.00219491962578
347	0.0
343	0.0055625191511
812	0.0
814	0.00090722462473
817	0.00200503613501
718	0.0140307721458
716	0.000934908108918
713	0.00169670317663
711	0.000934908108918
710	0.00147622882658
915	0.0123521781132
910	0.00091625960859
294	0.000948160050012
295	0.00147622882658
292	0.000885913002088
293	0.00101549345161
290	0.00457584278248
291	0.00095109660167
591	0.00159015290351
592	0.00422364177807
595	0.00276290855758
599	0.00147622882658
191	0.00166877155647
193	0.000809595912422
192	0.0
272	0.00455375879125
274	0.00119933878019
275	0.00255609140819
277	0.00182640001387
526	0.00369612110931
522	0.002217021529
443	0.00442931789087
447	0.000948160050012
444	0.000863883977858
102	0.000856669146417
103	0.000895129928811
101	0.00280169974278
107	0.0
104	0.000805623831191
105	0.000742791237511
900	0.00274932938535
38	0.0
32	0.00195715903124
31	0.00255933751786
30	0.0016554049903
35	0.00200503613501
641	0.00157807003041
644	0.00257665868395
647	0.00381900021311
439	0.000846912728879
648	0.00167412889629
435	0.00389856853215
432	0.000779941354079
433	0.00401406886358
338	0.000779941354079
335	0.0
334	0.00321327481653
337	0.0037507864961
333	0.00147622882658
332	0.00182478726957
854	0.000863883977858
855	0.00250354754617
857	0.00371545059143
850	0.00309986290655
851	0.00410523916998
858	0.00253004255084
6	0.00147622882658
98	0.00344439703904
91	0.0
90	0.00923233685734
92	0.00128259492661
95	0.000779941354079
97	0.0
740	0.0
742	0.00515068933084
743	0.00253599080621
559	0.0
558	0.001522139655
746	0.00174660013151
552	0.000788031285655
236	0.001533340139
231	0.00384852494246
232	0.000833073664221
233	0.00365825525842
142	0.00252664430769
143	0.000795109312409
612	0.000808694764413
617	0.0016922555845
614	0.00492579124374
949	0.000846912728879
947	0.0
940	0.00169367157601
685	0.00330245285104
684	0.0104206223769
687	0.00432014363415
686	0.000911708866622
680	0.00163520478455
683	0.00112320326447
682	0.00326875106637
137	0.000834592131138
136	0.00252664430769
135	0.0079940606176
134	0.00235100538719
139	0.0
493	0.00584545786802
24	0.00384566227694
25	0.000806677735064
28	0.000779941354079
29	0.000894528426513
405	0.000847478469017
402	0.0
401	0.00447735337303
936	0.00167721114212
409	0.00147622882658
934	0.000919877085576
379	0.0
371	0.0
377	0.00459875793468
704	0.00244441384323
707	0.0024476721296
700	0.0
703	0.000712885673289
393	0.00109459137555
394	0.00091625960859
181	0.00475920736588
399	0.00184269952896
86	0.000883610622435
84	0.0
796	0.00101549345161
795	0.00142508695966
790	0.0
586	0.00949050573346
587	0.000809283051018
584	0.000825921733533
585	0.0
582	0.00342446990592
580	0.000853022452866
581	0.00255105071681
589	0.000749834020366
245	0.00153681084821
246	0.00284401036983
243	0.00109459137555
249	0.00147622882658
248	0.000921716505429
924	0.00162765311931
510	0.0
513	0.00171315022743
1004	0.00076069136274
1003	0.00085076547602
514	0.0
1001	0.00196434158201
458	0.00324605115999
622	0.0
450	0.00647315415453
629	0.0206796102811
454	0.00265509266645
457	0.000918736346675
178	0.0194401079772
199	0.00177747906504
175	0.00345251752732
170	0.00340406802546
977	0.000895129928811
976	0.00147622882658
971	0.00257149280574
978	0.017654751771
654	0.00163928059856
2	0.0
650	0.00249776111662
188	0.00346146894356
189	0.00688245293223
658	0.00380684271614
659	0.00150575207163
184	0.000918736346675
868	0.00168915934342
12	0.000809283051018
15	0.000825921733533
14	0.00359246678849
17	0.00128259492661
16	0.00266287647295
19	0.000934908108918
862	0.00147622882658
866	0.00183003803773
881	0.00089647776415
885	0.00091625960859
569	0.015553542275
322	0.00092536857094
323	0.0
321	0.00160152306259
327	0.000848947703372
329	0.00176414317943
774	0.0
777	0.000858480518054
776	0.00091625960859
771	0.00215892197165
770	0.000863883977858
207	0.00280217240412
209	0.000785276240582
208	0.0023527273376
77	0.00419096252506
75	0.0015408638485
74	0.00179507277889
78	0.00147622882658
664	0.0
663	0.0036765219892
662	0.00180740339173
692	0.00519561791768
693	0.00147622882658
696	0.00239845281675
697	0.000847478469017
698	0.00457629669682
542	0.00275882962935
543	0.00128259492661
540	0.00230098871556
541	0.00174406607197
547	0.00200503613501
544	0.000894528426513
549	0.000885913002088
994	0.0034465625472
996	0.00230582548719
991	0.00147622882658
990	0.00270768188628
120	0.00477784121583
122	0.000858480518054
126	0.0024349564075
127	0.000808694764413
415	0.00223630007758
416	0.00349557517661
410	0.0137815585559
413	0.00174713917439
920	0.000984273599225
923	0.00265282962587
418	0.00149868702862
499	0.00485651961046
319	0.00079663548398
318	0.00079663548398
313	0.00330692999689
311	0.000779941354079
317	0.000863344934973
316	0.0254655505829
315	0.0
833	0.00159882212229
837	0.000858480518054
838	0.00406885943941
368	0.0
369	0.00256091725057
364	0.000779941354079
360	0.00256289143062
361	0.000779941354079
381	0.0
383	0.000809283051018
784	0.000712885673289
780	0.0
782	0.00512886992069
783	0.00321195632835
789	0.00157807003041
151	0.00091653056672
573	0.000948160050012
572	0.00174971450283
571	0.0165154910961
153	0.000858480518054
61	0.00762921347335
62	0.00473433791701
65	0.000808694764413
66	0.0
67	0.00818968756573
68	0.000779941354079
69	0.00092536857094
250	0.000863883977858
251	0.00163842187213
253	0.00274881377296
257	0.00128259492661
939	0.0
731	0.00415029082655
732	0.000725249959112
506	0.00319539961539
738	0.00415164903835
505	0.000937124428939
502	0.00471683203135
500	0.00272934161449
630	0.00575075955406
631	0.00130367909112
633	0.000863883977858
469	0.00410523916998
465	0.0
464	0.0
927	0.0156176417925
462	0.000794553972597
168	0.00420674131649
164	0.0
165	0.00507178239191
166	0.0017892606742
167	0.00568084232605
160	0.00472629481946
161	0.00182553661606
966	0.0
963	0.00137708544446
969	0.00258447481629
935	0.00265723307012
908	0.00251633827032
879	0.0
872	0.000779941354079
873	0.00153681084821
870	0.00091625960859
891	0.00256289143062
646	0.00196742320835
356	0.00158396453215
809	0.000779941354079
802	0.00173248753371
807	0.00079286639834
216	0.00156237446731
214	0.00711491807155
952	0.00257149280574
762	0.000741720699012
955	0.00153654987681
761	0.0
767	0.00147622882658
764	0.00153681084821
765	0.00342772389913
280	0.00256289143062
283	0.0010200346023
285	0.00091625960859
284	0.000825921733533
679	0.00079663548398
674	0.00187322312458
672	0.000758679577003
260	0.0059606654621
267	0.00676689309726
266	0.000846912728879
56	0.000779941354079
50	0.0
537	0.0
535	0.000849266249577
534	0.00257864507528
531	0.00158863611849
530	0.00999689916434
538	0.00147622882658
988	0.00453507868586
200	0.00511739163473
980	0.000934908108918
987	0.0211990158007
984	0.000948160050012
114	0.000984273599225
113	0.000863883977858
112	0.00305429456319
119	0.0
256	0.000821344754838
429	0.00381072294085
428	0.00389657825402
918	0.00156009556198
421	0.00142508695966
423	0.00627774644271
424	0.00565242097138
427	0.000762532596037
912	0.00166969208408
301	0.0034848191445
302	0.00128259492661
306	0.0039874300002
846	0.0040779667188
844	0.00305892829328
843	0.000921716505429
840	0.00153681084821
849	0.00426474228141
823	0.00179505098473
568	0.0
752	0.00151242787587
754	0.00179668476239
561	0.0055326626163
758	0.00384662442488
565	0.00231409038483
566	0.00091653056672
229	0.00079286639834
228	0.00225768696568
223	0.00092536857094
220	0.0017027144708
724	0.00810483349759
722	0.000863883977858
723	0.000763460078001
720	0.0056957318899
605	0.00147622882658
607	0.0154431883588
152	0.000883610622435
159	0.00895427470263
609	0.00171015177455
48	0.00252502972447
951	0.00159025751626
950	0.00091733095802
45	0.0
42	0.0
956	0.001522139655
485	0.00175923146198
483	0.00235821943131
482	0.00243655054847
472	0.00420782780318
470	0.00147622882658
471	0.000780997965373
474	0.0
