344	0.00331863200098
0	0.000605854257697
347	0.000612112009776
341	0.00200098575905
343	0.0030979975198
810	0.00184624599629
812	0.00121028650965
349	0.000663463499064
817	0.00195682829096
719	0.00119472187817
718	0.00127637567453
713	0.00247449582651
712	0.000590483331589
711	0.00134608241444
710	0.00120012717873
915	0.0145697103671
910	0.00122746903069
299	0.00121221264493
294	0.00246039183222
295	0.000605854257697
292	0.000634661759749
293	0.00198515846418
290	0.00301861144823
291	0.00311875950193
591	0.0012429399504
592	0.00308265991581
199	0.00297770964201
597	0.000589717629694
596	0.00117831227379
599	0.0018296563058
191	0.00122976450756
190	0.00132322493046
193	0.0012268084979
192	0.00121842021389
270	0.00117621806918
272	0.00177819288155
274	0.00199703290566
275	0.00120403007294
278	0.0012228427665
526	0.00197019869857
527	0.000608554382608
443	0.0
441	0.00122533140939
447	0.00061623231324
445	0.000654179076977
444	0.000601087602142
102	0.000616594949902
103	0.0
101	0.000627841570872
107	0.00493478187819
104	0.000617014609788
900	0.00123152101944
38	0.0018576802562
905	0.000613855903234
32	0.00188269932281
31	0.00199104043264
30	0.000611994220121
35	0.00131320142814
641	0.00118278184815
643	0.000613235563672
644	0.00354879933357
647	0.00265208724815
439	0.000613456982671
432	0.000593137867143
433	0.00180982183091
338	0.0011928678612
335	0.0147121159875
334	0.00432133197873
333	0.00241850577349
332	0.00122777297738
745	0.00118470187341
854	0.0
855	0.0012154463219
857	0.0033219063173
851	0.00321222998797
858	0.000602865691608
6	0.000605854257697
98	0.00805886213972
90	0.00676874170114
92	0.00198502376332
95	0.000593137867143
96	0.00183908151147
742	0.00632625895011
743	0.00308990141973
559	0.00120573989236
558	0.00496477082786
746	0.00124342551433
557	0.000615981600498
553	0.001223632075
239	0.00189393840853
236	0.00432282543918
231	0.00470799173801
232	0.00183830941524
233	0.00117471915927
1	0.000614840055764
146	0.0
147	0.00123461022746
618	0.00123371650479
142	0.00264556162054
143	0.00185183012626
141	0.00259726499116
612	0.00187023546354
617	0.00308208895304
614	0.000605737873309
512	0.000586225741446
949	0.00183996633261
947	0.00117439948805
942	0.000609226265983
688	0.00120737910726
685	0.000654179076977
684	0.00739094745155
687	0.00248934834158
680	0.00122200158666
682	0.00235699391315
131	0.000588139876566
136	0.00265334627267
135	0.00548837533114
134	0.00182606083495
139	0.000590148913704
497	0.000613855903234
491	0.00118465977209
493	0.0013116511491
24	0.00263695198263
25	0.000616155218443
927	0.00245963218942
28	0.000593137867143
29	0.00121743894279
407	0.000682616424348
405	0.00121611820528
404	0.00117979816444
401	0.00378661515765
933	0.000612112009776
936	0.00182621274286
409	0.00119999780129
408	0.000657472072123
379	0.00117831227379
378	0.0
828	0.000591468715085
371	0.00123283105291
373	0.000669045853482
372	0.00117346710577
374	0.000664817236525
377	0.00439340974466
709	0.00127242861268
704	0.00247560284428
707	0.000619937112462
700	0.00181848891067
701	0.000615142290088
702	0.00294915304949
393	0.000627841570872
392	0.000617108595167
82	0.000608554382608
181	0.000669045853482
86	0.0
795	0.00326656893703
791	0.000611468213593
790	0.00423998243374
7	0.000615690589609
586	0.0147981268803
587	0.000608554382608
582	0.000593137867143
581	0.00243628374757
589	0.000602905654036
245	0.00294324192636
246	0.000627841570872
241	0.00196382736008
249	0.000605854257697
248	0.000594143543593
924	0.00413515994759
510	0.00121717844231
1004	0.00182702128185
514	0.0
1001	0.00295240905953
516	0.00119331063247
458	0.00306801349461
622	0.00180546013684
626	0.000587639412087
624	0.00058728888426
450	0.00240283607076
629	0.0150133081529
628	0.00183027438457
454	0.00559015278494
456	0.000608554382608
178	0.0145523411644
175	0.00362927083588
173	0.00236107485687
170	0.00182289473868
977	0.00298196823967
517	0.00185874007172
971	0.00266398104708
979	0.00117474871597
978	0.00452469368973
656	0.00533575425278
654	0.00236875649072
2	0.00545163874129
187	0.000590483331589
650	0.00294532061631
185	0.00119422546928
188	0.00324830865464
189	0.00123862207529
658	0.0013116511491
659	0.00189111945334
184	0.00178515534157
13	0.00176593569887
12	0.000608554382608
15	0.00184175161269
14	0.0111944998793
17	0.0013275516912
16	0.00119035023791
862	0.00182632780943
865	0.000654179076977
867	0.000613235563672
866	0.00115502871478
881	0.00174920399292
880	0.000619946047883
886	0.000608202401019
322	0.00246853861794
323	0.0
320	0.000617963917661
321	0.00247135975566
326	0.0
327	0.000614554087962
324	0.00124837570126
329	0.00243923732751
201	0.000613235563672
200	0.00399789551327
758	0.00123830775544
771	0.00253232478174
207	0.00456920579272
772	0.00431770745983
209	0.000626966334076
208	0.000613235563672
77	0.00303072586769
75	0.00061653751594
74	0.00184549239629
72	0.00183280065034
78	0.00119999780129
664	0.000613235563672
663	0.00186154764834
662	0.00182092390596
692	0.00309146120776
693	0.000605854257697
696	0.000617286668305
697	0.000608554382608
695	0.000590483331589
698	0.00352988823928
699	0.000605358566183
542	0.0024613948214
543	0.00199565853773
540	0.00590770668955
541	0.00413015624471
546	0.00121549928836
547	0.00195802266283
549	0.000575988833713
994	0.00177007073241
997	0.000615142290088
996	0.00177480661539
991	0.00301749190907
990	0.00330835887161
125	0.00119499096453
126	0.00245511002802
127	0.0018951868473
928	0.000581776934072
415	0.00190848433636
416	0.00982327333696
410	0.00121391265458
920	0.00133674460758
921	0.00177200104985
923	0.000589717629694
418	0.00118653524052
925	0.00116842989206
499	0.00184113736912
319	0.00308239326022
313	0.00245046883146
311	0.00118015964099
310	0.00123058589511
316	0.0152182093337
832	0.00295566838895
833	0.000608554382608
837	0.000588139876566
838	0.00332394785505
369	0.000605358566183
364	0.00118728141074
362	0.00624047853581
360	0.0013116511491
361	0.000593137867143
952	0.003996659912
381	0.00122827340293
383	0.00121388067183
388	0.00122226132642
784	0.000633093890799
780	0.0
782	0.00306196641358
783	0.00471298801354
788	0.000612473403111
789	0.00119706914546
151	0.000601087602142
573	0.00123276982918
572	0.00304218273815
577	0.00121290729028
576	0.000588139876566
575	0.00121714994306
60	0.000590483331589
61	0.00122676853547
62	0.00185265555991
152	0.0
65	0.000623902843859
66	0.0
67	0.00396399096197
68	0.000593137867143
253	0.000602905654036
250	0.00182651766727
251	0.000593137867143
256	0.0012272548981
254	0.000590483331589
939	0.000614703937102
731	0.00246804920138
730	0.000613219059789
732	0.000606154501125
737	0.000613235563672
509	0.0
506	0.013683692194
738	0.00945172131002
505	0.000623507327694
502	0.00367641248123
500	0.00061623231324
630	0.00388869101021
631	0.0013116511491
633	0.00124530135747
469	0.0104673243076
468	0.000613235563672
465	0.000605115753751
464	0.00123751223397
466	0.00060627062591
901	0.00063357495344
168	0.00490452574208
169	0.000585654620844
164	0.000612493735975
165	0.00527083528782
166	0.0061630145042
167	0.00514998115943
160	0.0013116511491
966	0.00306385679584
963	0.000662435606034
969	0.000595821800513
935	0.00123373205389
908	0.00123191877536
879	0.00123152061107
872	0.000593137867143
873	0.00176658085541
870	0.00122524927431
871	0.000608554382608
890	0.000663463499064
891	0.00198016328379
898	0.000616999376466
646	0.00183813683188
356	0.00368595238038
809	0.000593137867143
808	0.000613235563672
353	0.00133086087237
802	0.000590483331589
216	0.00123804147731
214	0.00375175045251
769	0.00126828932594
762	0.00184599923454
955	0.00411758801216
761	0.00174590564435
767	0.000605854257697
764	0.00118021642344
765	0.00308712891342
957	0.000655729356018
956	0.00368624182297
4	0.00184769449421
281	0.00184232610225
280	0.0229562487728
674	0.00246862931648
676	0.000595996783277
670	0.00182437848373
671	0.000626966334076
672	0.000612165271194
260	0.000613456982671
267	0.00249921700533
266	0.00121881554885
269	0.000582840623262
268	0.0031086385873
58	0.00120121673419
56	0.00125060993927
53	0.00181948080218
52	0.00306388193802
537	0.0018483080765
535	0.00123177373764
534	0.00308464085334
532	0.0030520630678
531	0.00181718920324
530	0.00328463990346
538	0.00122136070831
988	0.00131772038442
774	0.000585597772384
980	0.00251208787072
987	0.0172299134475
984	0.00184429762147
985	0.000613235563672
117	0.00124173114224
111	0.00061623231324
113	0.0
112	0.00185800167314
119	0.00121028650965
118	0.00122576853302
773	0.000587021773851
429	0.00249656001998
428	0.00332550893289
918	0.00122534256742
421	0.00325002880881
420	0.0
423	0.00238494109737
422	0.00123014209576
424	0.00393698901311
427	0.00117666575486
912	0.0043019768903
301	0.00131320142814
302	0.00197817762314
303	0.0
304	0.00122072816014
305	0.00123117576161
306	0.00315320325567
846	0.00197408675513
844	0.00183789553872
843	0.0013603576304
840	0.00118021642344
849	0.00179951712266
568	0.00235724575098
569	0.0018876729808
754	0.00119418301742
561	0.00197408675513
736	0.000618134271339
565	0.00308856543013
566	0.000590483331589
739	0.00133311852839
229	0.000631059228461
228	0.00305079855478
227	0.0
223	0.00369082285193
220	0.0018586461401
724	0.00130237813051
723	0.000617458668545
720	0.0127935593617
605	0.00181344735665
607	0.0112282011348
606	0.000600148492241
157	0.00184775533814
602	0.00184626898074
159	0.0125344158213
609	0.00183599754165
976	0.000605854257697
83	0.00063357495344
48	0.00185348028391
951	0.00246260414548
950	0.0
953	0.00265179237984
45	0.0
42	0.0
954	0.00131320142814
40	0.00946966292838
41	0.0012362078648
638	0.00306515415409
5	0.00121793302579
488	0.000590483331589
483	0.000623902843859
482	0.00240353804665
481	0.000617458668545
472	0.00183798878234
470	0.000605854257697
471	0.0036115558493
