344	0.00144433569033
0	0.0106631609592
347	0.000927739739438
343	0.00353114173205
810	0.00101339324849
812	0.00185783874952
813	0.00231405488889
814	0.000464635034414
349	0.000961804493502
817	0.000478144919673
719	0.00306477583884
718	0.00274993069307
716	0.00218610788206
715	0.0
712	0.000456874006314
711	0.000458467410086
710	0.00185629038176
915	0.0115168970597
913	0.000889279581336
294	0.000465002010256
295	0.000464027312227
293	0.00138699678575
591	0.00229974441642
590	0.000464146407429
592	0.000460427489777
595	0.00355695887711
198	0.000456874006314
195	0.000444370171027
196	0.000935976577965
191	0.000918299788442
190	0.00427372547279
193	0.00138781258241
192	0.00101735167542
272	0.000456874006314
273	0.000454562207258
274	0.00286324099406
275	0.00162736514871
277	0.000924147171097
278	0.001406038939
526	0.0023925642634
527	0.000929279873024
522	0.000458935641207
523	0.00046449487566
528	0.00089055869238
443	0.00136924477776
441	0.000471035215308
440	0.000681782092983
445	0.000956515322261
103	0.000428386995983
101	0.00121547929879
106	0.00120866724963
107	0.0107647902872
104	0.00232197183357
105	0.00180947551246
902	0.000479562069562
900	0.00137688845441
38	0.00257415688677
906	0.000423099079378
907	0.000409801889176
32	0.00282671288237
31	0.00288131169236
30	0.000919202408601
35	0.000478144919673
641	0.0013623630678
643	0.00101938504316
644	0.00173818422153
647	0.00144433569033
646	0.00139423116097
649	0.000424121194596
648	0.00187041997351
434	0.000463393193616
435	0.00419786046349
432	0.00139146345246
433	0.00271943866353
339	0.000464027312227
338	0.000908573227335
335	0.00139816924465
334	0.00372330046574
337	0.00333925277391
336	0.0
333	0.00278537600102
332	0.002784891244
744	0.000930620392531
745	0.000443350830356
854	0.000911647567309
855	0.000459021574332
857	0.0038376120308
850	0.00138471791056
851	0.00378276569377
819	0.000922228091287
858	0.000460427489777
6	0.000927965787898
99	0.0013920964262
98	0.00170158270962
91	0.000922118895761
90	0.00740959174368
93	0.000463369947695
92	0.0023971010599
95	0.000452625773633
96	0.000703643416133
740	0.00235952389495
741	0.00046948949296
742	0.00139930342175
743	0.00277780175939
559	0.00149665675934
558	0.00228324104539
746	0.00231703788805
749	0.00182628047668
550	0.00138913921547
553	0.00105489107454
552	0.000478144919673
238	0.000453079381633
239	0.00183328045184
235	0.000461691405984
236	0.000344703890076
231	0.00271498795315
232	0.00139617555293
233	0.00184379670459
147	0.00278064242522
144	0.00046948949296
142	0.00480367183597
143	0.00138354058727
141	0.00190392491108
610	0.000964265908935
611	0.000872228043079
617	0.00277194845869
614	0.0014322828706
149	0.00130689222848
951	0.00681833451835
1004	0.00161458691016
948	0.00885626842236
949	0.00139626852283
946	0.00371713838828
947	0.000456874006314
942	0.000935710068837
943	0.00127567965457
768	0.000910575948795
517	0.00467173945446
685	0.00234526179328
684	0.0027689007099
687	0.00464468449302
516	0.0
680	0.000916711321484
683	0.000454519089484
133	0.000931666135751
132	0.000416201930968
137	0.000941281028294
136	0.00192327196117
135	0.00514548601538
134	0.000917980412726
139	0.000356163652815
138	0.000464983586397
491	0.0
493	0.000479562069562
24	0.00334828337906
25	0.000447216554125
28	0.000908000715481
29	0.000344703890076
407	0.000846286874096
939	0.0008921308147
404	0.0013353965721
402	0.00127567965457
401	0.00272650943553
400	0.000462943397353
936	0.0
409	0.0013920964262
934	0.000904605419607
379	0.000456874006314
378	0.000426576604449
828	0.000453079381633
371	0.000939263792482
373	0.00143650217126
372	0.00223174189018
374	0.000919394405669
377	0.000825603280264
822	0.000468746550846
704	0.00139021851474
706	0.000914989697035
707	0.00271689804915
700	0.0023328354511
702	0.00043278441355
703	0.000937144651651
393	0.000754505779252
392	0.00141851114977
391	0.00336591794924
390	0.000469499972963
82	0.00140551037402
181	0.00330890125605
399	0.00129123478835
86	0.000455792147454
796	0.000913983627505
795	0.00143763009779
791	0.00141180554447
790	0.00322568491945
799	0.00046229622287
586	0.0037546984397
587	0.0036834306787
584	0.000466839239782
585	0.00187317034035
582	0.00135702097137
580	0.00188029558625
581	0.00233515275852
589	0.000452794596415
245	0.00501551778144
246	0.00117435409511
243	0.000465345537522
249	0.0013920964262
248	0.00235936193598
924	0.0013049511302
519	0.00046393847567
518	0.00323555973982
511	0.000469103678507
510	0.00123483993574
512	0.00189648318323
1003	0.000461691405984
514	0.00256469333057
1001	0.00179587357587
1000	0.00357134875242
458	0.00134591906671
622	0.00222324828764
626	0.000473049209361
624	0.000908072362079
450	0.000920898225742
629	0.00957207186373
628	0.000468228577174
454	0.00644388313071
178	0.0134474543371
199	0.00173485579482
175	0.00333773875902
173	0.000481343067495
171	0.000928166368824
170	0.000468228577174
977	0.00336274278332
976	0.00231105536377
971	0.00144433569033
978	0.0109765169677
656	0.00286133774273
599	0.00277508006286
654	0.00221657297928
2	0.00326164330987
652	0.000344703890076
187	0.00136754584385
184	0.000409801889176
185	0.000915422990504
188	0.00191342018516
189	0.00181033747326
658	0.00095649477203
659	0.000467124116304
11	0.000463489259494
868	0.00186143812559
13	0.000918744297998
15	0.00139096807
14	0.00217683614123
17	0.00144433569033
19	0.0004645749094
863	0.000919234429566
862	0.00232605887772
867	0.000452794596415
866	0.00297333303293
883	0.00132580194515
881	0.0
880	0.000452812324521
887	0.000452794596415
886	0.000466249854554
885	0.0013849716695
752	0.00275024971854
888	0.000963522861526
929	0.00231946847877
322	0.00185312608681
323	0.000368169366864
320	0.000344703890076
326	0.0004662622134
327	0.000681779268965
324	0.00034891795743
329	0.00452248808574
688	0.00103191980145
201	0.000344703890076
200	0.00337035134812
758	0.000904245401218
771	0.000471198184314
207	0.00621437111891
206	0.00179417664306
208	0.000344703890076
779	0.000409801889176
77	0.001396539835
75	0.0018518538311
74	0.00279185647173
73	0.000445973786273
78	0.0013920964262
669	0.00046948949296
668	0.000924441446498
664	0.00407063928968
663	0.00175246887674
662	0.00138146017546
692	0.00231540363959
693	0.00275366342222
696	0.000930352170389
697	0.00137691511322
695	0.000911980566066
698	0.000452625773633
542	0.00278922275093
543	0.00240699667529
540	0.00592034958339
541	0.000436872179946
546	0.00138841926738
547	0.00142211857847
544	0.00469031884614
8	0.000941923423338
995	0.0009377794679
994	0.00135998526522
996	0.000866809522165
991	0.00137071901298
990	0.00334890487573
120	0.00278533372114
122	0.000864825905504
125	0.00072433301968
126	0.00326066404053
127	0.0008740051773
414	0.00141548960911
415	0.00275172277755
416	0.00232595200679
410	0.00128447034877
920	0.00334041256923
921	0.00219272943551
922	0.000929174040623
923	0.00650014306297
418	0.00130413607805
925	0.000908837989044
926	0.0
499	0.000913282565396
319	0.000867831805165
318	0.000927693802166
313	0.00139536630663
311	0.00136824357657
310	0.000440929718045
316	0.012481199329
315	0.0
314	0.00788455450232
832	0.00210844422601
833	0.00183849520513
497	0.0
837	0.00132316162382
835	0.000461092801073
838	0.00192022584396
369	0.00131127062971
367	0.00234258657686
365	0.000860536612221
362	0.00317884096559
360	0.00143595516736
361	0.000452625773633
381	0.00101938504316
383	0.00362428050258
387	0.000959123888911
388	0.00225735133926
784	0.00281408974264
780	0.00084588278956
782	0.00233312103496
783	0.00219779789974
788	0.0
789	0.000907187980891
151	0.00236212725198
573	0.000932185322461
572	0.000456874006314
577	0.0
575	0.00046489011535
60	0.000455412371773
61	0.00834819758626
62	0.00325069887662
65	0.00328423548613
67	0.000960962740292
68	0.000889497953579
253	0.000473049209361
250	0.00139839467307
251	0.000452625773633
256	0.000465747122308
254	0.000456874006314
157	0.00329956680621
731	0.00326568780846
730	0.00186362048548
732	0.000917561165089
737	0.00104351704487
506	0.00437664181805
738	0.00310724559166
505	0.000416201930968
502	0.00556890342391
503	0.000894686196992
500	0.00232204098147
630	0.00333448171737
631	0.000479562069562
633	0.0036898712022
634	0.0
468	0.000681189421227
465	0.000929682049465
464	0.000686589324955
466	0.000455565277784
168	0.00790199555398
169	0.0013353965721
164	0.0017180494853
165	0.00382010485293
166	0.00418365426363
167	0.000478144919673
160	0.00095649477203
955	0.00227148696684
966	0.00046489011535
962	0.000931203459655
963	0.000481498694492
935	0.00231703788805
908	0.000931197388501
878	0.000464227473839
879	0.000463567075721
874	0.00318275838559
872	0.000913983627505
873	0.00135958067909
870	0.00140210497054
890	0.00231624017503
891	0.00473892421055
892	0.000481317917463
895	0.00139022586821
898	0.000344703890076
899	0.00102221357519
356	0.00745020237597
809	0.000452625773633
808	0.000344703890076
353	0.00190912219739
351	0.0101117712817
802	0.000912286378087
800	0.000464492400433
216	0.00134978294266
214	0.00837886499285
762	0.000924159882633
763	0.000931556490345
767	0.00231930731365
764	0.00227176756151
765	0.0055816448791
957	0.000958240849684
956	0.00226478270851
289	0.00135561057436
288	0.00336878246616
4	0.0018817472009
281	0.000452124908377
280	0.00381086275193
282	0.00042492208143
284	0.000466839239782
678	0.000460553839088
676	0.00072433301968
670	0.000681779268965
260	0.000930672861292
267	0.00470807645834
266	0.00093105355437
264	0.000455374941848
56	0.000906988125957
50	0.000371850067621
53	0.00186575217963
52	0.000465965396027
537	0.000681189421227
535	0.000890441665984
534	0.00405542116586
531	0.00137276735531
530	0.00666539106146
538	0.00185649315651
988	0.00143403654798
980	0.00103349840507
987	0.0135819578774
984	0.004187073199
985	0.000681189421227
114	0.000842449403058
113	0.000464983586397
112	0.00280242339055
119	0.000929682049465
118	0.000344703890076
773	0.000482347050288
772	0.00277904311054
429	0.00179845220726
428	0.00576445306188
919	0.00171787964146
918	0.000451830824213
421	0.000957460891786
420	0.00072076802505
423	0.00241763592928
422	0.000930738236746
425	0.00605103411291
424	0.00191650724995
427	0.00090635060386
912	0.0060534629298
309	0.000428106595273
301	0.0009562622005
302	0.00144433569033
304	0.000471035215308
305	0.000464729068967
306	0.00233359143761
846	0.00096190911985
844	0.000461507867296
843	0.00246536229076
840	0.0018294477343
853	0.000873196259127
849	0.00162951270128
823	0.00092687604393
568	0.000919342617003
569	0.000464027312227
751	0.000471227785598
750	0.000961480928208
561	0.000479562069562
759	0.00139590927601
563	0.00046948949296
565	0.00136920463537
739	0.00046948949296
229	0.00140252341985
228	0.00185638673764
226	0.000436872179946
225	0.000454562207258
224	0.000961804493502
220	0.00186210852397
88	0.00127234870174
724	0.000935907626841
722	0.000463437244906
723	0.00179636329692
720	0.00322982668753
721	0.00326322286331
605	0.00277505449154
150	0.00183879454233
607	0.00185999423363
152	0.000455792147454
601	0.000428552573422
603	0.000416201930968
602	0.00233189369452
159	0.000465779229356
609	0.010614653689
83	0.000469499972963
469	0.00238235508504
48	0.00402859230131
46	0.00126889998944
950	0.00300456921875
953	0.00288524539831
952	0.00192682226992
42	0.000424121194596
954	0.000478144919673
40	0.00685802477382
41	0.000447216554125
638	0.00173208348796
5	0.00140246960474
488	0.000456874006314
487	0.000356163652815
486	0.00142030724745
485	0.000929329731945
484	0.00192103375312
482	0.00181770279283
480	0.000452625773633
472	0.0041907926444
473	0.000335032370495
470	0.000927965787898
471	0.000914307131833
474	0.000851938018904
478	0.000471227785598
