344	0.00316195437074
0	0.00138263805536
347	0.00212046182622
343	0.00131561915509
810	0.000685630501224
812	0.00140318303587
815	0.000689546432644
817	0.00257943922756
719	0.00273528842333
718	0.00554897384688
716	0.0027526525196
713	0.000692974931738
712	0.00278438797098
711	0.00138399915111
710	0.00345619507105
915	0.005803876091
299	0.000689057359781
294	0.000865394571181
295	0.000692283303033
292	0.00137422214282
293	0.000866841510458
290	0.00139595608885
291	0.00208739606519
591	0.00418825386439
590	0.000706210813445
592	0.00416145979089
595	0.0020805837131
596	0.00138852765736
599	0.00276399025931
197	0.000682207300979
196	0.003467469887
191	0.00139095129424
190	0.000700476399357
193	0.00276834498624
270	0.000682207300979
272	0.000694991336961
274	0.000757229024505
275	0.00129307569293
277	0.000564066917476
278	0.00139454620859
526	0.0016737576107
522	0.000696682526984
528	0.000698399281498
443	0.0
447	0.00273427555146
103	0.00530040152608
101	0.000678802225079
106	0.000678945868058
107	0.0102957370223
104	0.00273489621498
900	0.00280063564555
32	0.00202974804043
31	0.00234290288507
30	0.00204983215687
35	0.00170825689927
641	0.000690547916947
643	0.00136786241165
644	0.00134770355664
647	0.00147610549537
646	0.00278629264389
437	0.000682207300979
435	0.00207335229055
433	0.00138032042693
339	0.000692283303033
338	0.000691407638378
335	0.00137189839997
334	0.00348525062647
333	0.000692283303033
332	0.00204506192725
854	0.000809808390341
855	0.00274575006419
857	0.000749961979418
850	0.00206158278372
851	0.00452658197879
852	0.000697863681605
858	0.00146965942111
6	0.000692283303033
98	0.00553920691328
91	0.000690514361374
90	0.00284356003883
92	0.000749961979418
740	0.00407897444111
742	0.00139806229706
743	0.00346481623467
745	0.000682207300979
746	0.00986768291807
747	0.000682207300979
556	0.0
551	0.0
550	0.00211447577522
553	0.000661521650557
552	0.000861663951721
239	0.000693902254938
236	0.000691036565809
231	0.000696214141463
232	0.00209208920774
233	0.000696691295139
1	0.000658815152988
147	0.00345942397772
142	0.000749961979418
143	0.0
141	0.00173115942662
612	0.00138714976703
613	0.000698399281498
617	0.00207833368399
614	0.000861663951721
149	0.00204939981066
515	0.000694259999105
942	0.000688032714378
940	0.000697863681605
514	0.00264303639944
517	0.00423857910529
685	0.000683095741911
684	0.00192624770431
687	0.00418341926435
686	0.000694259999105
681	0.000691036565809
680	0.00410695812895
682	0.00204254229625
459	0.000705761430785
133	0.000687465718
131	0.000682207300979
137	0.000683511803651
136	0.00391054412742
135	0.005509860068
134	0.00138931154348
139	0.0020335765938
497	0.000668552942099
491	0.00133404968457
24	0.00141581926569
26	0.000694991336961
407	0.00137313564316
406	0.000869495474902
404	0.0
402	0.000677678904055
401	0.00288644531453
933	0.00141403587262
936	0.00136878535662
409	0.000692283303033
934	0.000693163562655
453	0.000693163562655
379	0.0020926522267
371	0.00138589639598
824	0.000735693658846
372	0.0
377	0.011779766203
707	0.00206035944809
700	0.00346210204201
702	0.000682207300979
393	0.00069336237974
392	0.000705761430785
176	0.0103671011667
181	0.000696682526984
398	0.000695762556752
86	0.0
795	0.00341258236173
790	0.00213784141942
586	0.00553478032676
587	0.000688803732702
582	0.00137505378643
581	0.00343484075748
588	0.000690547916947
245	0.00278652876917
246	0.000678802225079
241	0.00158330864452
187	0.00208885486584
243	0.00139087764919
249	0.000692283303033
924	0.000682207300979
510	0.00204130090677
513	0.0013899391181
1004	0.00131727372874
1003	0.000692657721391
1002	0.0
1001	0.00203142910304
516	0.0252791603837
458	0.00227084545553
622	0.00203060284454
626	0.0
624	0.000696214141463
450	0.00764872890063
629	0.00366143048798
628	0.000688032714378
454	0.0076649130642
199	0.00136287616094
175	0.00325376421419
173	0.0014321692804
171	0.00141273970553
170	0.0013690127188
977	0.0046889207032
976	0.00138362495501
971	0.00298148734539
979	0.000682207300979
978	0.0154118379688
656	0.000865394571181
657	0.000682207300979
654	0.00204254229625
2	0.0021142206071
653	0.000682207300979
650	0.00272677828606
188	0.00344483379874
189	0.00138302815672
658	0.00149634257629
659	0.00071474124441
184	0.00208127822643
868	0.00204916665955
13	0.000682207300979
15	0.00205326575652
14	0.000682207300979
16	0.00138399915111
863	0.0
862	0.00138304545627
865	0.00139595608885
866	0.00137128059277
947	0.0
881	0.00137402747493
880	0.000685928600993
887	0.000677898074361
323	0.000676987919004
321	0.00064032899348
326	0.00139359816639
327	0.000682207300979
324	0.000697863681605
329	0.000690547916947
775	0.000698399281498
200	0.00528845344572
758	0.0
771	0.00206194347378
207	0.0185170336973
772	0.00978222095569
779	0.0013647468345
75	0.00770761844085
74	0.00343630259741
78	0.00138362495501
665	0.000704783754367
664	0.000685630501224
663	0.00328385402811
662	0.000699969889818
660	0.000688542597202
692	0.00697043563045
693	0.00138279766441
696	0.00210245253138
697	0.00477399853191
542	0.0027928912606
543	0.00074673790357
540	0.0020438729036
541	0.00207289689301
546	0.00141424359247
547	0.00344483379874
544	0.000697863681605
995	0.000690547916947
994	0.00484373916323
997	0.00139887568086
996	0.00206729785422
991	0.000692283303033
990	0.00318923703636
993	0.000698399281498
125	0.000676147029353
126	0.00362643894629
127	0.0041371280185
415	0.00349400812585
416	0.0117015027942
410	0.000655243706638
920	0.00145509270611
921	0.000682207300979
923	0.00623797323026
418	0.000668552942099
925	0.00136031240705
499	0.000564066917476
319	0.0
318	0.0006804772197
313	0.00273785202015
311	0.00136031240705
310	0.00131636148918
316	0.00144782566102
832	0.00671134036113
833	0.00070063727324
836	0.000690547916947
837	0.00136504228698
835	0.000697863681605
838	0.00456815471484
368	0.00131405885963
369	0.00139038189493
364	0.00137505378643
362	0.00483753409079
360	0.00165138093781
381	0.00206109198138
383	0.00135843718035
388	0.00344796673348
784	0.0
780	0.00133119599455
782	0.00413453463806
783	0.00274405148311
788	0.00268801708559
572	0.000694991336961
576	0.000682207300979
575	0.00138893814601
61	0.008363895867
62	0.00348252910861
64	0.00068747497336
65	0.00206956736184
67	0.00411659829185
68	0.000690547916947
69	0.0013235370337
250	0.000694259999105
251	0.00278561994962
256	0.00137086920362
731	0.00343375178136
732	0.000690841052645
735	0.000678945868058
737	0.00064872078664
509	0.000670898404296
506	0.00272687612294
738	0.00274924874243
505	0.000821836981476
502	0.00562893756419
500	0.00275025585517
501	0.000667228894137
630	0.000866841510458
633	0.00139619335614
469	0.00345506849757
468	0.000685630501224
638	0.0013124217473
927	0.0111167427074
462	0.000694991336961
168	0.00211900499716
164	0.0
165	0.00473656074768
166	0.00275153139683
167	0.00170825689927
160	0.000749961979418
966	0.00282959628783
969	0.000668552942099
935	0.00351690830592
908	0.00068262580406
879	0.0020053079683
872	0.0
873	0.00068098000442
870	0.00163574805222
891	0.00134666482319
898	0.00131565004843
648	0.000683802867194
356	0.00627159813511
809	0.000691407638378
808	0.000656010224716
353	0.000672228892701
803	0.00140996719388
802	0.000695985454105
216	0.000694381435534
214	0.0216436351383
769	0.00137840651768
762	0.00137268155439
763	0.00139595608885
761	0.000682207300979
767	0.000692283303033
764	0.00275559236444
765	0.00410914092007
957	0.00257509840973
956	0.000564066917476
281	0.000692478367688
280	0.000698399281498
283	0.000698092407245
284	0.000683560496545
674	0.000705761430785
676	0.000676147029353
671	0.00139591288621
672	0.00138964940985
260	0.000706593759892
267	0.00214513934996
268	0.00277309239872
59	0.000692478367688
58	0.000691124462415
56	0.00417667135101
53	0.0020898589848
52	0.000696335621226
537	0.000685630501224
535	0.0013859966046
534	0.00344000540948
532	0.000682207300979
531	0.00279258859223
530	0.0028255984943
539	0.0006804772197
538	0.00139670499631
988	0.00257509840973
774	0.0
980	0.00206638151443
987	0.00137719608424
984	0.00343296911554
985	0.000685630501224
114	0.000682391272223
117	0.00069176695783
776	0.000697863681605
113	0.000692381296184
112	0.00140996719388
118	0.000685630501224
773	0.000679332402632
429	0.00349833423395
428	0.014221427506
918	0.0
421	0.00341258236173
420	0.0
423	0.00747625560412
422	0.00136940932769
424	0.00588686249938
427	0.000679332402632
912	0.00282675961807
301	0.00257943922756
303	0.00330122442575
305	0.000692110073783
306	0.00214351965051
847	0.00169244360575
846	0.00167132926943
844	0.00139224511714
843	0.00691980299516
841	0.00139065004569
955	0.00408256987072
849	0.00129307569293
823	0.00069474237897
568	0.00139397176932
569	0.0173183868511
508	0.000682207300979
754	0.00138048698905
561	0.00335602851781
759	0.00137747826797
563	0.000685921306731
565	0.00237144760368
229	0.00294270598966
228	0.00139582963493
223	0.00065466644522
220	0.00209643248821
724	0.000692478367688
722	0.000694259999105
723	0.00117338086871
720	0.00413703524361
729	0.00138302815672
605	0.00138476167072
150	0.000698431548148
607	0.0106413452106
152	0.0
157	0.00137018387475
602	0.00138442152362
159	0.0153645990934
609	0.000694259999105
83	0.0
634	0.00134090558809
951	0.00352284595005
950	0.00263459113501
953	0.00159655492697
952	0.00151322730832
42	0.00135674708957
954	0.00170825689927
40	0.00278483175506
41	0.00117338086871
5	0.00331570120891
485	0.0020883942879
483	0.00144623429086
482	0.00277456286737
472	0.00484964417401
470	0.000692283303033
477	0.000656697392788
479	0.000692478367688
