0	0.00190869555395
343	0.00354650969079
810	0.00180982388509
812	0.00185914923584
813	0.00188128793586
814	0.000930818259492
349	0.000913510192803
719	0.00267635927829
718	0.00460846811806
716	0.0
713	0.00182975389686
710	0.000949799043107
294	0.00371389887635
295	0.000949799043107
293	0.00361240270599
290	0.000930813461918
291	0.000914604764968
591	0.00554085459648
592	0.0054904286708
595	0.000934091139224
599	0.001903764755
197	0.00183896782638
196	0.0
191	0.000912138800071
190	0.000913275422665
193	0.00275409383378
192	0.00178884929432
270	0.000891026903127
272	0.000729827016108
275	0.000872170482526
278	0.0036968834634
526	0.000919104185902
522	0.0018666418235
528	0.00191899324038
441	0.0
440	0.00184997161852
447	0.000928580879038
103	0.00260100951225
101	0.00173575436012
106	0.00090427162704
107	0.00815524859353
105	0.0026293981457
902	0.000918835420563
900	0.0014687643143
904	0.0
905	0.000915722550133
32	0.00184178257794
31	0.000919460620782
30	0.000929878588568
641	0.00179879551056
644	0.000891026903127
439	0.00371946353965
648	0.00371637156439
435	0.00278742017877
432	0.00089703227875
433	0.00089703227875
339	0.000949799043107
338	0.00089703227875
335	0.000883054560685
334	0.011115211349
333	0.000949799043107
332	0.00465139427466
855	0.000903411885475
850	0.00359167806573
851	0.00278837139291
858	0.0
6	0.00188802686159
98	0.0109745646424
91	0.00271386189496
90	0.00642913859681
95	0.00089703227875
96	0.00134511725946
740	0.0
742	0.00277454741369
743	0.00368027813146
559	0.00160471972465
745	0.000891026903127
746	0.004661567058
556	0.000930281113762
550	0.0027910016523
553	0.000877537797334
239	0.0009283569017
236	0.00181950880509
231	0.00365303973091
232	0.000928580879038
233	0.000927388231475
147	0.00181752660417
618	0.00191957751526
617	0.00273800636818
614	0.0
149	0.0
948	0.00370101812524
949	0.00186019246039
946	0.00369051146085
1003	0.000918473904362
940	0.0009283569017
517	0.00277892338251
685	0.000919104185902
684	0.00560809626288
687	0.000926856404446
680	0.00266975696738
132	0.000943513236375
137	0.0
136	0.00277254531601
135	0.00184913181832
134	0.00275185552053
493	0.000919104185902
24	0.00367575567571
25	0.0
28	0.00089703227875
407	0.00358178282428
402	0.0
401	0.00274722478063
931	0.000908693843716
936	0.0
409	0.000949799043107
934	0.0
379	0.000744700075372
828	0.00177948724909
371	0.0
372	0.0
374	0.000911788847664
377	0.00279472399951
704	0.0
707	0.00455206694855
700	0.00276866028161
702	0.000891026903127
393	0.0
392	0.000922101623666
176	0.000929267578049
82	0.000911783894387
83	0.00181519577986
790	0.00742305132964
7	0.000904485011548
607	0.0202669013439
586	0.0157915200797
587	0.0
584	0.000859092891195
585	0.000915722550133
582	0.0018002041967
245	0.00089703227875
246	0.00263001789715
249	0.00562156310059
248	0.00464282779779
924	0.00534825061613
510	0.000486382018421
1004	0.000837058538595
515	0.000918978187308
514	0.000837058538595
1001	0.0240832213151
516	0.00448423968027
458	0.00189353551073
622	0.00196995709017
951	0.00637317338109
624	0.000913149940677
450	0.000927535877242
629	0.014707044531
454	0.0045448494492
979	0.000891026903127
178	0.0218023004856
199	0.00535875791341
175	0.00262129443853
173	0.000891026903127
977	0.00754449813889
976	0.000949799043107
253	0.00279088525363
978	0.00185858475402
657	0.000891026903127
654	0.00358387143879
2	0.00276410844017
187	0.000765807443937
650	0.000891026903127
185	0.00652975366642
189	0.00561045143804
658	0.000919104185902
184	0.00178894326064
868	0.00371795489652
13	0.000891026903127
15	0.00174784585734
14	0.00357249992943
17	0.0
863	0.0018371675879
862	0.00285047399068
866	0.0
883	0.00269884505959
881	0.00356592974832
880	0.000910242666896
887	0.000928843010228
569	0.000949799043107
322	0.0
321	0.00288033008276
327	0.000891026903127
329	0.00179291926884
775	0.000895709403897
200	0.00276059566028
776	0.00185344707223
771	0.00547143753133
772	0.00536204951894
208	0.000837058538595
779	0.00178894326064
77	0.00279103623101
75	0.00452170191205
74	0.00371949526582
73	0.000958169120004
71	0.0
78	0.001903764755
668	0.00281966918882
664	0.000904485011548
663	0.00442436370698
692	0.0027802876428
693	0.000949799043107
697	0.00542309445081
695	0.000744700075372
698	0.00089703227875
542	0.00373779817402
540	0.00541340897189
541	0.00355654905762
546	0.0111990613488
994	0.00451792631184
996	0.00353536533218
991	0.000949799043107
120	0.005478574222
122	0.0
125	0.000486382018421
126	0.00277972180976
414	0.000921748542448
415	0.00467828658233
416	0.0102047626394
410	0.00268675833665
920	0.0018556870803
921	0.00177408146381
923	0.00640725347337
418	0.00259517454383
925	0.00180044416422
499	0.00956937348801
318	0.000930775833045
313	0.00743635706198
311	0.00180044416422
310	0.00351896813531
316	0.0055307164287
832	0.00150602541863
837	0.00356499814206
364	0.00089703227875
365	0.0
362	0.000964417400517
360	0.000919104185902
361	0.00089703227875
381	0.00353820601903
383	0.00190530292883
388	0.00282639279177
780	0.000837058538595
782	0.011142306533
783	0.00363466175063
788	0.0
789	0.00089703227875
151	0.000930813461918
573	0.000929267578049
572	0.00165904975768
577	0.000937577490424
576	0.00178620940511
575	0.00279137210404
61	0.00741545722259
62	0.000935310312839
259	0.0
66	0.0
67	0.00183501598487
68	0.00089703227875
69	0.0
251	0.00089703227875
256	0.00185930959646
731	0.00258486806204
730	0.0027865729347
732	0.000956563039212
735	0.0
737	0.000872170482526
506	0.00363704165154
738	0.00178620940511
502	0.00465946118754
500	0.00277825009687
630	0.000919104185902
631	0.000919104185902
633	0.00367694402115
468	0.00180982388509
168	0.013019098975
165	0.00275766897893
166	0.00650574010877
160	0.000919104185902
161	0.000910618668771
963	0.000917241116871
935	0.00468178234738
908	0.000929431007891
909	0.00384785422331
879	0.0
872	0.00177233748279
873	0.00089703227875
890	0.00182447914607
891	0.00368675513485
356	0.019492891618
809	0.00273501858003
803	0.000927376767679
802	0.00149563446004
804	0.00177913215177
216	0.00191957751526
214	0.00927682176079
952	0.000913275422665
762	0.000933673921672
767	0.000949799043107
764	0.0026959136006
765	0.000923071683106
956	0.000958169120004
288	0.000919104185902
4	0.0
281	0.00274829867793
280	0.0027536621566
284	0.000859092891195
679	0.00189226025923
674	0.0046428070744
676	0.000486382018421
670	0.000933673921672
260	0.00186098409679
267	0.0055625969195
266	0.00186012833094
268	0.00183767644807
58	0.000964417400517
56	0.00180765094752
50	0.000529385400668
53	0.00364871719836
52	0.000928154108859
537	0.00274101359164
534	0.0018556870803
532	0.00175868267507
531	0.00089703227875
530	0.00183936228978
538	0.00185303822826
201	0.000905794733636
980	0.000923980053049
987	0.0269308532071
984	0.00650950871024
117	0.000914604764968
111	0.00370622686686
112	0.00278549032951
119	0.000928154108859
118	0.0
429	0.00273936543614
428	0.0
915	0.00462956836081
420	0.0011983522807
423	0.00258064277093
422	0.000888752966144
912	0.0130135438408
304	0.0
306	0.00273562450042
307	0.000918473904362
181	0.0
846	0.00183717267115
843	0.0
841	0.000934091139224
840	0.00089703227875
849	0.00264450796532
568	0.00224663482741
752	0.00273654818976
561	0.0027547754354
759	0.00464937494874
565	0.00192425306295
566	0.0018554538789
229	0.000921595941074
228	0.00189789101976
227	0.0
225	0.000894984077075
220	0.00090406446373
724	0.00273938187818
723	0.00192163217477
720	0.00375432581155
721	0.000928580879038
605	0.0028389018791
153	0.000928843010228
606	0.000918473904362
157	0.00464151762271
602	0.000928580879038
159	0.00278483949361
609	0.00363616563284
48	0.00189353551073
46	0.00176395097366
950	0.00172342748886
45	0.0
955	0.00179879551056
40	0.00307781227216
41	0.00192163217477
5	0.000905794733636
483	0.000927535877242
482	0.00089703227875
480	0.00089703227875
472	0.00278877333943
470	0.000949799043107
