344	0.00326916261972
0	0.00122698117655
347	0.00288130179356
810	0.00181159300343
812	0.000728140154185
817	0.000908238341694
719	0.000634370741436
718	0.00317723826901
716	0.00248507058166
713	0.00136697590604
712	0.00100253626912
710	0.002427156348
915	0.0163558473354
299	0.0
295	0.0012093964821
292	0.0006788624671
293	0.00367429005078
290	0.00199371263631
291	0.0020507272574
591	0.00265788576988
592	0.000683018216982
199	0.00167003308888
594	0.0006788624671
599	0.0012093964821
194	0.0
191	0.0
193	0.00340521792213
272	0.0010101479953
275	0.00163641345611
278	0.00212746438082
526	0.00165658997411
522	0.00157628453692
523	0.000593176331684
528	0.000579871073344
443	0.00318227161981
447	0.00302800300637
444	0.000816030066612
103	0.00149830089684
106	0.0
107	0.00186399673588
104	0.00178868961709
105	0.000537953291289
900	0.00151126459925
901	0.000608635162972
32	0.00183748074928
31	0.0024842516629
30	0.000782774786871
35	0.000908238341694
641	0.00127074014053
643	0.00221599854741
644	0.000569471993673
647	0.00254155053088
646	0.00482278554705
437	0.00052254214901
435	0.00154270050294
432	0.000633281075792
433	0.00187764846698
339	0.000608044089573
338	0.00322308242939
335	0.0131124141172
334	0.00254907905439
337	0.0
333	0.00180706448445
332	0.00150955843919
854	0.0015844985438
855	0.00195729299927
857	0.00407467007911
850	0.000542515972029
851	0.0025832539464
819	0.000644827793371
6	0.0012093964821
98	0.00820645471449
90	0.00562694735326
92	0.00329947720454
95	0.000633281075792
96	0.00122290782497
740	0.000746380417732
741	0.000783572349685
742	0.00794584857751
743	0.00227562343703
558	0.00219947672942
746	0.00468750137908
557	0.000751608092435
551	0.00162247811747
553	0.00107492184365
552	0.00066406715465
239	0.00066406715465
236	0.000542029682803
231	0.00529686646625
232	0.00375689730284
233	0.000643927045583
1	0.000480181255147
142	0.00147345093001
143	0.000703655599475
617	0.00133193941018
149	0.00125245642552
947	0.0
945	0.000658479829362
942	0.0006788624671
940	0.000680166525428
688	0.000542029682803
685	0.00204865156689
684	0.003047812606
687	0.00144138695912
686	0.0
680	0.00149698838448
682	0.000630999659228
133	0.00227842970086
132	0.0018383341225
136	0.00571488241399
135	0.0108707317564
134	0.000683018216982
139	0.000615804646585
497	0.000548838065516
493	0.00418159816932
24	0.00563471096267
25	0.00214107305641
927	0.0113832107018
28	0.000633281075792
29	0.0011737982572
407	0.000569702554866
404	0.00100339230433
401	0.00342311823913
933	0.00139342014079
936	0.00197444718198
409	0.0012093964821
408	0.000840340234103
828	0.00124174928664
371	0.00309210995333
372	0.000496478650662
976	0.000608044089573
377	0.00161010988534
704	0.00294887031738
707	0.00215070179483
700	0.00135838874542
702	0.000569471993673
392	0.00163057967852
395	0.000609309570536
82	0.0006788624671
181	0.000624163475134
399	0.00137413562379
86	0.00102700863708
796	0.000624163475134
795	0.00179777116531
790	0.00436580759686
586	0.00984050565049
582	0.00127074014053
580	0.0
581	0.00331964410134
588	0.000658479829362
245	0.00581371827497
246	0.000624163475134
241	0.000908238341694
249	0.00181939313186
248	0.0131986265565
924	0.00112271356302
511	0.000633281075792
510	0.0
513	0.0024439397328
1004	0.00164091900733
515	0.00152951268969
514	0.00122290782497
1001	0.0030281357855
458	0.00279421845729
622	0.0
951	0.00398720742845
624	0.000643927045583
450	0.00303653005842
629	0.0122422438035
628	0.00134171962686
454	0.00349548095983
178	0.0140418438425
595	0.00206836065056
175	0.00272259400923
173	0.0022372356855
171	0.000695821216114
170	0.00132954727296
977	0.00386697204789
517	0.00393747786084
971	0.000822810028125
180	0.0
656	0.000870835656658
657	0.000555840304302
654	0.00123494588627
2	0.00655143017851
186	0.00471810159194
187	0.0
650	0.00316321048059
185	0.00124932502245
188	0.000908238341694
189	0.0021841817263
658	0.0016511578472
659	0.000608635162972
184	0.0018008228372
868	0.00226644071143
12	0.000676902550575
15	0.00233060595872
14	0.00458001736773
17	0.00244280763909
16	0.000563026629172
863	0.000608635162972
862	0.00294147044529
883	0.00113320599309
881	0.0
880	0.000717241132151
886	0.000825345907646
885	0.00152624379446
569	0.0102676047533
322	0.0
323	0.000615804646585
321	0.00151908465797
326	0.000768468477187
327	0.00052254214901
329	0.0025873823438
201	0.00171469120766
200	0.00164413910213
770	0.000816030066612
207	0.00604716334076
772	0.0
209	0.00142660977887
208	0.000542029682803
779	0.00118550720145
77	0.0022288152278
75	0.0
74	0.00453904672599
78	0.00187346363675
669	0.0
664	0.000542029682803
663	0.000679959332116
662	0.00303682228518
660	0.000676329247533
692	0.00322576891165
693	0.00181369352238
697	0.00259253023551
695	0.00115972146868
698	0.00387115397983
542	0.00394572661173
543	0.00164510913986
540	0.00844219588107
541	0.00226594309641
546	0.0135383919817
547	0.0034777850496
8	0.000610038798824
995	0.000678600627508
994	0.00127349005219
997	0.000680166525428
996	0.00273118837984
991	0.00183542913844
990	0.000822810028125
993	0.000608635162972
120	0.000608635162972
122	0.00166916335884
125	0.0
126	0.00599022499846
127	0.000563503438224
414	0.000524367162018
415	0.00270893188528
416	0.0168695046816
410	0.00272020816069
920	0.000800194766352
921	0.00190112903858
922	0.000642611703483
923	0.00888759938681
418	0.00162537511101
925	0.00129372359851
499	0.0029354251199
319	0.00276959594265
318	0.000755896735024
313	0.0046636253102
311	0.00260505387481
310	0.000970088905224
316	0.00303515603349
832	0.00926650618322
833	0.00409047186834
830	0.0
836	0.000658479829362
835	0.000608635162972
838	0.00161809804472
369	0.00162247811747
364	0.000633281075792
362	0.00119681868371
360	0.00082095028452
361	0.000633281075792
381	0.00158214351715
383	0.00082095028452
388	0.0
784	0.00120570209725
787	0.000650640901883
780	0.000615804646585
782	0.00522678199908
783	0.00180926461002
788	0.0
789	0.00129176090515
573	0.00229607173971
572	0.00211526614396
571	0.000658479829362
577	0.0
153	0.000548838065516
575	0.00297247228541
61	0.00251243680157
62	0.00300874836243
152	0.000525892033127
67	0.00510500263143
68	0.00129176090515
250	0.00164451335673
251	0.000633281075792
256	0.0078048389366
157	0.00223634233414
731	0.00312177695772
737	0.00164224067941
509	0.0
506	0.00166782827
738	0.0038171657256
505	0.0
502	0.00371457763243
500	0.00375697896629
630	0.00747440603258
631	0.00082095028452
633	0.00204217341499
469	0.0125969636192
468	0.000542029682803
465	0.000728140154185
464	0.000542029682803
466	0.000997276558388
460	0.00129874100922
462	0.00142214465491
168	0.0150091781285
164	0.000452089263915
165	0.00338429764719
166	0.00153537203337
167	0.00265231724203
160	0.00162114505087
161	0.000525892033127
966	0.00279685628386
963	0.000857203621296
969	0.000679959332116
935	0.00136708535912
934	0.000512262844404
879	0.0
872	0.000633281075792
873	0.00127641404473
870	0.00135509220522
890	0.00208542726854
891	0.00391687244591
648	0.0100737504775
356	0.00443284688608
809	0.000633281075792
808	0.000542029682803
802	0.0010101479953
216	0.00149739298279
214	0.00476730534788
769	0.0
762	0.00147978215024
761	0.0
767	0.0012093964821
764	0.00256932647761
765	0.000593176331684
957	0.000908238341694
4	0.0014075090241
280	0.00082095028452
283	0.000728646557002
679	0.000800194766352
674	0.00156340846611
676	0.0
670	0.00107492184365
671	0.00135845276984
672	0.000773419290373
260	0.00301204122509
267	0.011879122523
264	0.00128875483895
268	0.00410919735152
56	0.00319774162829
53	0.00543114094348
52	0.00303095586718
537	0.000542029682803
535	0.00163749168195
534	0.00063550580823
532	0.00158214351715
531	0.00196403162411
530	0.00321164819973
538	0.00187346363675
988	0.000867802086174
774	0.0
980	0.00233292713684
987	0.0177965956061
984	0.00302593845752
985	0.000542029682803
114	0.00125245642552
117	0.00136697590604
116	0.0013311503795
111	0.00152677054706
113	0.00161622483296
112	0.00553774502756
118	0.000542029682803
429	0.00136676956834
428	0.00555670663053
421	0.000908238341694
420	0.000609309570536
423	0.00165951527109
422	0.00396635677871
424	0.00352771738949
427	0.00226777570927
912	0.00747383202118
301	0.00174998540123
302	0.000822810028125
306	0.000608635162972
847	0.00168367295892
846	0.00252598189395
844	0.00154098823814
843	0.00171922996094
841	0.000800194766352
840	0.00193489387409
849	0.00225716645242
823	0.0024553602178
752	0.0
754	0.00226854030915
561	0.00336782174963
565	0.0022968475212
566	0.000663586079431
229	0.0
228	0.00175142616491
227	0.000698574545233
226	0.000658479829362
727	0.0
724	0.00438079948584
722	0.000816030066612
720	0.00272094009401
729	0.000809066509889
605	0.00189652020037
607	0.00209109229278
606	0.000647665659075
603	0.0
602	0.000768468477187
159	0.00912695130202
609	0.00140750059812
83	0.00060000374363
48	0.00137875298494
46	0.000615804646585
950	0.000946961822905
953	0.00397213306655
952	0.000822810028125
955	0.00194143421098
954	0.00180001693854
40	0.00359716645875
956	0.000698586459515
638	0.000914979911055
5	0.00108203025082
639	0.0
485	0.00241418872858
483	0.000525892033127
482	0.00324755290028
472	0.00451459997498
470	0.0012093964821
478	0.00235466403785
479	0.000540904694468
