344	0.00245139786468
0	0.000798212059267
341	0.000822374261181
343	0.00298165261945
810	0.00102754036692
812	0.000815907073753
813	0.0032595704771
817	0.00081948281071
719	0.00217135199101
718	0.00898001643282
716	0.000917090885515
710	0.000798212059267
299	0.000818676075088
294	0.00491417638364
295	0.000798212059267
293	0.000829858740034
290	0.00242391836189
291	0.000799432451874
591	0.000815714491431
592	0.00247164046457
595	0.00246085006427
195	0.000821393868224
197	0.0040769363547
196	0.000806446915579
191	0.000805382447985
190	0.00656642371654
193	0.00573436527869
192	0.000570540639365
270	0.000687981920721
273	0.00148964026328
274	0.000821661720891
275	0.000741595212085
277	0.00081404329798
278	0.000822633441557
526	0.000824310058769
527	0.000814991106448
522	0.00162321810712
599	0.000798212059267
443	0.0
440	0.0
447	0.000818137581809
445	0.000829348797655
444	0.000831518317668
103	0.000686606709253
107	0.000735817172318
104	0.0024686597562
900	0.00162783458374
38	0.000814877631228
32	0.00161998951875
31	0.0016356391306
30	0.00163815183162
35	0.00091482259564
641	0.000759088579758
643	0.000507333341788
644	0.000687981920721
647	0.000821476872337
439	0.00164570593067
649	0.000821166041229
648	0.000818273878784
435	0.00164024660968
432	0.000759088579758
433	0.00150944930438
339	0.000798212059267
338	0.000759088579758
335	0.00159847150782
334	0.000741864602945
337	0.000660727179985
333	0.00157857008909
332	0.003257714106
558	0.00223454420001
854	0.000819883256967
855	0.00153025466296
857	0.0040845954063
850	0.0029983373171
851	0.00246736055284
853	0.000763123782113
858	0.000930844491051
6	0.000798212059267
98	0.000799432451874
90	0.00986362530353
95	0.00151620568615
740	0.000814780814914
742	0.00406547147354
743	0.00163745553133
559	0.0
745	0.000687981920721
746	0.0285217625682
550	0.00162321810712
553	0.0
552	0.00185114064403
239	0.00238248119141
235	0.0
231	0.00225131390732
232	0.00164125325367
233	0.000805382447985
147	0.00405283331275
618	0.000746329795689
142	0.00328682339131
141	0.000803994815403
616	0.000798212059267
617	0.00164270081143
149	0.00182448344219
948	0.00902728168282
949	0.00246477759625
946	0.0024650078202
947	0.0
943	0.000744241918529
940	0.000793666764398
517	0.00246073946347
685	0.000824310058769
684	0.00480469918902
687	0.00245315996126
680	0.00326555075331
133	0.000823305595343
136	0.00410426521679
135	0.000815714491431
134	0.000824805471023
139	0.0
491	0.0
493	0.00248180213264
24	0.00411660047032
25	0.00150536232566
28	0.000759088579758
29	0.000800423105092
407	0.0
939	0.000763123782113
401	0.00242111216997
936	0.000820912693997
409	0.000798212059267
934	0.000821393868224
379	0.000827737110921
378	0.00134733388924
828	0.000687981920721
371	0.000803994815403
373	0.000821661720891
377	0.0024567492925
822	0.000660727179985
704	0.000759032529967
706	0.000763123782113
707	0.000815895845304
700	0.000815907073753
144	0.000822996521806
702	0.000687981920721
392	0.000821312517355
391	0.000829348797655
394	0.00081404329798
181	0.0024670648512
399	0.00150358806226
791	0.000808351372424
790	0.0048963399226
586	0.0130815742839
587	0.00165121637281
584	0.000815362593891
585	0.00269420369163
582	0.00150068379184
580	0.00161558873896
589	0.000808435359861
245	0.000759088579758
246	0.000735817172318
249	0.00159940682102
248	0.00246327428741
924	0.00207432052144
513	0.0016846566804
515	0.000803994815403
514	0.00551456319577
1001	0.0193385380722
516	0.00202559246292
458	0.00380138582364
624	0.000768570563607
450	0.00162975778941
629	0.0131759316314
628	0.000798212059267
454	0.0016101399896
979	0.000687981920721
178	0.0207386752753
199	0.00344080825831
175	0.000741595212085
173	0.00138168261486
171	0.000810707537722
170	0.000761684099357
977	0.00219066694244
976	0.00153122140493
971	0.0016413411714
253	0.0024315039454
978	0.000823622360724
656	0.000821661720891
657	0.00205832913271
654	0.000687981920721
2	0.000815907073753
650	0.000687981920721
188	0.00346906526991
189	0.00492851190958
658	0.000824310058769
868	0.0040942701646
13	0.000687981920721
15	0.00245020718216
14	0.00210976969785
16	0.000733009345666
862	0.00496997738846
866	0.000822996521806
883	0.00328063305747
881	0.000687981920721
887	0.000819883256967
885	0.00163352610869
569	0.00160220687467
323	0.0
321	0.000746329795689
326	0.00163802083878
327	0.00191671573833
324	0.00407231270851
329	0.00237863405392
775	0.00241269676372
774	0.0
776	0.00325362802959
771	0.00161930236033
207	0.000815895845304
772	0.00246618398843
77	0.00164125325367
74	0.00081948281071
73	0.00148931149599
70	0.000812703629455
78	0.000798212059267
668	0.00244552717912
664	0.000526773625141
663	0.00380067080046
692	0.00402448535548
693	0.00162024639374
696	0.00163352153294
697	0.00381267531852
695	0.00248043286771
698	0.000759088579758
542	0.00326993026091
543	0.000815895845304
540	0.00384603386569
541	0.00274387738595
546	0.0024209626575
547	0.00247647762256
544	0.00161234618783
8	0.00159828051258
549	0.000818559053752
994	0.00316153924774
997	0.000822996521806
996	0.00413938087832
991	0.000798212059267
990	0.00163333898409
993	0.000718811007289
120	0.0105583189305
122	0.000818620169869
126	0.00327237579848
127	0.000795017963343
414	0.00244447423388
415	0.00159289623274
416	0.0098260383766
410	0.00367218372653
920	0.00244270582864
921	0.00132306447158
923	0.00328610641519
418	0.00141596261537
925	0.00152077267912
926	0.000741864602945
499	0.000796349973632
319	0.00154267976932
318	0.00161133947662
313	0.0032801142068
311	0.00152077267912
317	0.00072651648117
316	0.00983019316345
832	0.000686606709253
833	0.000826377762173
837	0.000687981920721
834	0.000815714491431
838	0.000821597886109
369	0.000838865758064
362	0.00164936722461
360	0.000824310058769
361	0.000759088579758
381	0.00172711629374
383	0.00156093541303
388	0.00245344447481
787	0.000822996521806
780	0.00134733388924
782	0.0114703594915
783	0.00293603815488
788	0.00244442460877
789	0.000759088579758
151	0.00081101305494
573	0.00163641146059
572	0.0008271439248
571	0.0170796385118
577	0.00240836911752
576	0.000687981920721
575	0.000821707417293
61	0.00327507526332
62	0.00413144812843
65	0.000819875424777
67	0.00244297940684
68	0.000759088579758
69	0.0
250	0.000814989502991
251	0.00229883853558
256	0.000817829060002
157	0.000815714491431
731	0.00814617370505
730	0.000821975260158
735	0.000660727179985
737	0.00147542947702
509	0.000660727179985
506	0.00348121772327
738	0.0067629283229
505	0.000660727179985
502	0.00985017189431
500	0.00326914630514
630	0.00248180213264
633	0.00164443869895
634	0.000814780814914
638	0.00162965844614
901	0.000808697982474
168	0.00903646063948
165	0.00734155544767
166	0.00163905027581
167	0.0036405366738
160	0.00327662552548
161	0.00081404329798
966	0.000821975260158
963	0.00161858527551
935	0.00569817960946
879	0.0
872	0.000759088579758
873	0.00151620568615
870	0.00163723111547
890	0.0
891	0.00246390872907
646	0.00251196392309
356	0.0147113833229
809	0.00234888523202
808	0.0
353	0.000821661720891
803	0.000821312517355
804	0.000748454120037
216	0.00897614864614
214	0.0257162071187
769	0.0021862435206
762	0.00246184683847
761	0.000672049230297
767	0.000798212059267
764	0.000759088579758
765	0.00409167347549
957	0.00091482259564
956	0.00223454420001
288	0.00662764654632
281	0.000817056400866
280	0.00329174752355
285	0.00081404329798
284	0.000815362593891
679	0.000801729836006
674	0.00164346551141
670	0.0
672	0.000746329795689
260	0.000821135950553
267	0.00246439417129
266	0.000823298158995
56	0.00226045309099
50	0.0
53	0.00325864918585
52	0.00163721238892
537	0.0
535	0.00166037190093
534	0.00410056278081
532	0.000672049230297
531	0.00385942668014
530	0.00653323575165
538	0.00162024639374
200	0.00656228248815
980	0.00163533688479
987	0.0220402372515
984	0.00164311121071
112	0.0032859702526
429	0.00400252799056
428	0.0016419665851
915	0.00657335127535
423	0.00147542947702
422	0.00245020718216
425	0.00246714189848
910	0.00081404329798
912	0.0065645975506
306	0.00162460505623
307	0.000822996521806
846	0.00248180213264
844	0.00398141752773
843	0.0
840	0.000759088579758
849	0.00445947437542
823	0.000827468842041
568	0.00165505006452
752	0.000812703629455
561	0.00248180213264
565	0.0016029718389
566	0.00081101305494
739	0.000815714491431
229	0.00144268965817
228	0.00162024639374
225	0.000820912693997
223	0.000815714491431
220	0.0024721230256
724	0.00163676694271
723	0.000746329795689
720	0.00569934017598
721	0.000817829060002
729	0.000819710541845
605	0.00162024639374
607	0.00222995859071
152	0.0
603	0.00531344906507
602	0.00327404671135
159	0.00396810340666
609	0.00494096259486
48	0.00373444443914
951	0.00458368124113
950	0.00219019477151
953	0.00328909551442
952	0.00410497028563
955	0.000759088579758
954	0.000902349599761
40	0.000803994815403
41	0.0022343453846
5	0.0
485	0.000844032769278
484	0.000829348797655
482	0.00307543404625
480	0.000759088579758
472	0.00574852783156
470	0.000798212059267
471	0.00164722240443
479	0.000817704552894
