344	0.000819674353302
0	0.00392597508921
347	0.000791041057463
343	0.000695738212988
812	0.00154390236699
813	0.00079293953507
349	0.00161069755203
817	0.00240479843313
718	0.00391956606948
716	0.00312550101249
712	0.00237174553385
710	0.000788032354269
915	0.00162089270897
299	0.00163916660921
294	0.00710112364044
295	0.000788032354269
293	0.000763438737076
591	0.00158406118873
590	0.000791041057463
592	0.00302340410156
595	0.00364204582355
599	0.000788032354269
197	0.00079293953507
191	0.00159177834169
190	0.00722803300628
193	0.000792197814171
192	0.000776919785138
270	0.000708347200366
274	0.00321579369581
277	0.000791041057463
278	0.00079178877353
526	0.00238704593262
522	0.000790371678042
443	0.00236124160776
442	0.000763583595761
440	0.000763583595761
447	0.00630423536545
445	0.00161300703391
444	0.000742301684659
103	0.00209391809584
101	0.00069816824712
106	0.000785632350426
107	0.00230083371645
104	0.00156850745759
900	0.00079293953507
38	0.00264628881703
907	0.000709722598528
31	0.00162535188243
30	0.000782506137441
35	0.000817859944446
644	0.00151063543207
647	0.000816964399129
439	0.000787832877533
648	0.000782094763159
435	0.00315977318306
339	0.000788032354269
338	0.00237269672091
334	0.00870516058017
337	0.00078978759637
333	0.000788032354269
332	0.00158119629396
818	0.000742301684659
857	0.0024378571081
850	0.00235029937186
851	0.0145626875358
858	0.000789978654955
6	0.00310070068753
98	0.000754087492946
91	0.000772696519302
90	0.0149703912193
92	0.000816964399129
96	0.0017543828711
740	0.00157133353191
742	0.00316778705958
743	0.00393419890039
559	0.00322602460471
558	0.00161445048562
746	0.0269467915485
550	0.000794251268371
239	0.00158135841029
236	0.0045501846205
230	0.000791041057463
232	0.00157576280409
233	0.000787582610319
147	0.012656208797
618	0.00158517189286
142	0.00324983219161
143	0.0
141	0.00081070902604
563	0.0
617	0.00237057607195
951	0.00553890749127
1004	0.00223559253454
948	0.00157779490926
946	0.0063340630759
947	0.00240105838604
942	0.00078978759637
940	0.000788629768773
517	0.000789033646326
685	0.000801491250901
684	0.00477706654316
687	0.0031677382177
686	0.00158196265976
683	0.000726782122711
682	0.00386841314025
133	0.00313932815927
137	0.00078587138754
136	0.004053928308
135	0.0134229523579
134	0.000754087492946
497	0.000783217486668
491	0.00151332392652
493	0.00242459759652
24	0.00564939848365
404	0.000720651088873
402	0.00104875030997
933	0.00158196265976
931	0.000791041057463
936	0.00235800953995
409	0.000788032354269
378	0.000701220134655
828	0.00073892710062
371	0.00078978759637
373	0.00162205567582
372	0.00216745843939
377	0.0
700	0.0047005452352
702	0.000708347200366
703	0.000792187299858
392	0.00476032514741
391	0.00081198320897
397	0.00157711321282
82	0.00078978759637
181	0.00161258321467
86	0.00157820210387
796	0.0
795	0.00488785295167
790	0.0054176404101
586	0.0110220301872
587	0.00158190866554
584	0.000794251268371
582	0.000791425324956
580	0.00154575011099
581	0.00078978759637
246	0.00140139049912
241	0.00241671087743
249	0.00765029436562
248	0.00233353974366
924	0.00213305455507
519	0.000788032354269
510	0.0
513	0.000686452563115
512	0.0024120138497
514	0.00492351778417
1001	0.00219085046106
516	0.00299806903938
458	0.00238311471945
622	0.00211574809751
626	0.000794329926669
450	0.00319122514408
629	0.00960682045052
628	0.00078978759637
454	0.00227125134381
178	0.021267271133
199	0.000754849905702
173	0.00224753836684
171	0.00158282983099
170	0.00078978759637
977	0.00646373389849
976	0.00159433722135
975	0.000788554985775
972	0.000791041057463
971	0.00160137567566
180	0.0
253	0.000788629768773
978	0.00322833432142
656	0.00160775211601
654	0.00231802079193
2	0.00308530930137
187	0.000798424977399
184	0.00284757198857
188	0.00081070902604
189	0.00993383356832
650	0.00154555727177
868	0.00468558574396
13	0.00148634731317
14	0.00144813259276
863	0.0
862	0.00314066953135
865	0.00078835092462
866	0.0
883	0.000790371678042
886	0.000742301684659
885	0.000789018179477
569	0.000788032354269
889	0.000780472730784
322	0.0
321	0.00158497547741
327	0.000739785392398
324	0.000658380364961
329	0.0
775	0.00236999624703
774	0.000801083256147
776	0.00395968428788
771	0.00396964597082
773	0.00235127048688
772	0.00316568189635
208	0.00151065562349
75	0.00076356487267
74	0.00631559271249
73	0.000792813475636
70	0.00157698069339
78	0.0015777565915
668	0.0023746812374
664	0.00155398487606
662	0.00158207035954
692	0.00630038723308
693	0.00157565988495
690	0.000763583595761
696	0.0
697	0.00158949880513
695	0.00159950823355
542	0.00395771727942
540	0.00157395790939
541	0.00150290707199
546	0.000791572901836
547	0.00813657901327
8	0.0
995	0.00157874657941
994	0.00316422098752
996	0.00223065701575
991	0.00236878456892
990	0.0081555931454
993	0.0
992	0.00079293953507
120	0.00237626830542
122	0.000788032354269
125	0.000524528553269
126	0.00469461804196
127	0.000788629768773
414	0.000801023824945
415	0.00158268250734
416	0.0133939953717
410	0.00152767980032
920	0.00401265186566
923	0.00158315015574
418	0.00145868201064
925	0.000785028557722
926	0.00158141273551
499	0.00951388226442
318	0.000792813475636
313	0.003147287121
311	0.00156824604439
310	0.0027155913604
316	0.00645687998567
832	0.00273407993121
830	0.000790371678042
834	0.00158763838389
838	0.000792423966088
369	0.00140412852012
366	0.000792813475636
364	0.000763583595761
362	0.0023315702215
360	0.000796460591767
381	0.00222375829096
383	0.00386695481078
388	0.000788032354269
784	0.00158361855265
780	0.00141760746525
782	0.00157786360409
783	0.00153690227423
578	0.000792294628745
573	0.00157514432314
577	0.00316387667046
61	0.0102703806981
62	0.00317064238216
65	0.00237531890287
67	0.00490644574952
69	0.0
250	0.00520853599655
256	0.00157685105701
731	0.00158763838389
730	0.0015724664412
732	0.000785674650319
736	0.00078978759637
506	0.0052902828657
738	0.00154555727177
502	0.00628179602759
500	0.00553766811693
630	0.0040390353837
633	0.00316796311116
469	0.00162856897049
638	0.00202511170222
466	0.000794784227438
901	0.0
168	0.00157510013978
169	0.00144743321158
164	0.000672582155289
165	0.00163663875243
166	0.00394072264483
167	0.00081070902604
160	0.00240136057211
966	0.000787422489855
963	0.00160830412208
935	0.00395894806452
908	0.000782506137441
909	0.00156258310905
879	0.0
870	0.00236596286757
891	0.00560016152501
646	0.000792947607018
356	0.00315215653426
355	0.00158196265976
353	0.00160521955632
803	0.000789695217646
802	0.00238253768731
800	0.000792947607018
216	0.00158517189286
214	0.0102904754116
762	0.000787214396586
955	0.00471226762136
761	0.000747420212552
767	0.000788032354269
764	0.00157394613136
765	0.0078288247733
957	0.00162633919938
956	0.000796590541172
288	0.00405228369793
4	0.00158195426959
285	0.000791041057463
674	0.00316222746037
676	0.000524528553269
670	0.000763583595761
671	0.00236561169774
267	0.00554623329084
264	0.00157788623713
56	0.00236719055002
50	0.000533395341301
53	0.00237566383292
52	0.000780472730784
537	0.000757647699476
535	0.00144085911411
534	0.00237286336153
532	0.00222439786069
531	0.000787322414859
530	0.00722135845573
538	0.00157900791007
201	0.000763583595761
988	0.000817859944446
200	0.00484754936205
980	0.00079293953507
987	0.00393696739933
114	0.000764648955743
111	0.000784551477987
110	0.0031590776295
113	0.000791875617914
112	0.00552696447557
118	0.00157092272616
207	0.00897411302051
429	0.000755389071585
428	0.00730509431562
421	0.00326074693036
420	0.000533395341301
423	0.00212427817624
422	0.000789291431435
425	0.00314626344301
424	0.00407814896199
427	0.00157365832649
309	0.000658380364961
301	0.00324338457435
302	0.0024378571081
305	0.00157978168574
306	0.00316765765411
846	0.00163943537961
844	0.00158550487799
843	0.000709722598528
841	0.00160862761224
823	0.000742301684659
568	0.00239429246098
752	0.00158082613965
561	0.00245343405546
758	0.00158550487799
565	0.000791740225786
739	0.00079293953507
228	0.00236114905656
226	0.000786813946429
223	0.00079293953507
220	0.000788629768773
727	0.0
724	0.00395232014025
722	0.000742301684659
723	0.00237581702245
720	0.00315826845976
721	0.000782506137441
729	0.0
605	0.00314911143278
607	0.00158352171005
157	0.00314297286798
602	0.00392796884111
159	0.00712857128926
609	0.00305929268337
83	0.00158949880513
48	0.00158732535626
46	0.000676310630594
950	0.0027920296175
953	0.000816964399129
952	0.000808951709572
42	0.000519898737836
954	0.0024426957759
40	0.0015804185423
41	0.000791740225786
5	0.00151936912213
485	0.00138086715286
483	0.000804195731371
482	0.00157986813516
509	0.00272320586585
472	0.000791948808209
470	0.000788032354269
471	0.018923545218
477	0.000676310630594
474	0.000658380364961
