344	0.0015833539751
0	0.0106871342104
347	0.00133366768436
341	0.000511130288477
343	0.00256541486917
810	0.00103152648126
349	0.000525699436107
817	0.000551807168851
719	0.0015174482165
718	0.00661272707227
716	0.00154601201343
715	0.00592237554514
713	0.00198935439397
712	0.00202572425038
711	0.000513021968669
710	0.00107015466217
915	0.0104234486051
916	0.000496641711666
910	0.000511130288477
299	0.0
297	0.000496641711666
294	0.00610460044904
295	0.00107015466217
293	0.00311378687735
290	0.00299300359185
291	0.00548592630449
591	0.00305896212803
590	0.00045352701051
592	0.00298765031651
595	0.0020542051011
597	0.000503823063316
599	0.00212962332886
197	0.00102650266799
196	0.00345869212958
191	0.00200278712105
190	0.00327782555302
193	0.00403933661922
192	0.00103130075038
270	0.000507538824653
272	0.00101136011796
274	0.000548208515763
275	0.000507694976521
278	0.000997851384068
279	0.000513021968669
526	0.00052738886413
522	0.00153269984273
528	0.00051132040802
443	0.000512267017877
447	0.00254150800531
445	0.00052738886413
444	0.000511054372315
103	0.00204576978524
101	0.00051347772276
107	0.0128955546227
104	0.00254541430872
105	0.000507777144505
900	0.00153623365834
38	0.00359828463663
907	0.0128256922879
32	0.00362162687524
31	0.00157836538393
30	0.00305691523432
641	0.000502255760959
643	0.000515576416407
644	0.00202299321316
647	0.0031532271983
439	0.00101789189176
648	0.0045951977966
435	0.002035410552
432	0.000502255760959
433	0.0015173185046
339	0.000534231562491
338	0.000502255760959
335	0.0015472592233
334	0.00305027071369
337	0.00153943887418
330	0.0
333	0.00160408700685
332	0.00101680742358
854	0.00306800792697
818	0.0
857	0.00313341008037
850	0.00251578786306
851	0.00274399572419
819	0.000505338012761
858	0.00104035758116
6	0.00159004840211
98	0.00299418367111
91	0.0112925443738
90	0.00967047059276
95	0.000502255760959
740	0.000513562341562
742	0.00615225557579
743	0.00101806354591
559	0.0
558	0.00289409233872
746	0.00505773397553
748	0.00045352701051
550	0.00152345493532
553	0.00051582622744
552	0.00103218919589
239	0.00102270068323
235	0.000997851384068
236	0.00205439150288
231	0.00250769575394
232	0.00458450021652
233	0.00101242087475
1	0.0
147	0.00231547709023
618	0.000969151937698
142	0.00104863437278
143	0.00156210294742
141	0.000542590084032
613	0.00103306183554
617	0.002017636523
615	0.000513021968669
912	0.00814278120275
949	0.00203536763639
947	0.0
945	0.000507538824653
943	0.000511341922574
940	0.000516359334759
517	0.00408968829207
685	0.00160065358328
684	0.00532670529445
687	0.00304504585177
686	0.000906846746631
681	0.000496641711666
680	0.00104968240948
682	0.000507538824653
133	0.00101730132747
131	0.000507538824653
137	0.000511265538408
136	0.00105332512053
134	0.00249425136565
139	0.00102563554156
497	0.00102077273108
490	0.000513021968669
491	0.00101858683256
493	0.00105806349924
24	0.00156754848837
25	0.00241174743937
28	0.000502255760959
29	0.00051582622744
407	0.000513021968669
939	0.0010278148666
402	0.000514093010455
401	0.00301468010979
933	0.00045352701051
931	0.00045352701051
936	0.00153021537166
409	0.00160774899908
934	0.00102514510061
371	0.000515764679028
373	0.000548208515763
372	0.000513764825407
374	0.000512561264137
377	0.00103498598727
704	0.00101877019711
706	0.000496641711666
707	0.000494150972421
700	0.00252704522685
702	0.000507538824653
393	0.00102884819611
392	0.00051030792354
176	0.000508421779988
82	0.00101662187366
181	0.00107086856797
399	0.0025364622195
86	0.000512267017877
796	0.00102911328114
795	0.00164477595285
794	0.0153328580505
790	0.00306283688176
607	0.00156261731629
586	0.0111905804931
584	0.000523696728252
582	0.00201139868573
580	0.000521391299032
581	0.000513562341562
589	0.000498187379175
245	0.00250973623553
246	0.00155119864184
243	0.000511026162412
249	0.00261035703338
248	0.00202543770637
924	0.0010137509209
519	0.000534231562491
511	0.000521906534932
1004	0.00259399117329
1003	0.000498105165675
514	0.00102170416072
1001	0.00405899095516
516	0.00151849559713
458	0.0024094532206
951	0.00255710205025
624	0.00100659157199
450	0.00304411670546
629	0.0121031314614
628	0.00101126584407
454	0.00994638019369
178	0.0149173039379
199	0.00151867191203
175	0.00304846658117
173	0.000507538824653
171	0.00045352701051
170	0.0
977	0.00613262161884
976	0.00160774899908
975	0.000503823063316
972	0.00045352701051
971	0.000542590084032
979	0.00100983620009
978	0.00112035248202
656	0.000548208515763
657	0.000507538824653
654	0.000503823063316
2	0.00206073002756
186	0.00255821000994
187	0.000515887735008
650	0.0010137509209
185	0.0
652	0.00102884819611
188	0.00159876306968
189	0.00265386613803
658	0.00052738886413
659	0.000510356833169
184	0.00154006203299
11	0.000500226554348
868	0.00102102399594
13	0.00151708613291
15	0.00157519479822
14	0.0157439052131
17	0.000526727837848
16	0.00306106389182
862	0.00477975343001
866	0.00102704006432
883	0.00208367254479
881	0.00103880857498
880	0.000989930720017
886	0.000501726669141
885	0.00203315681577
752	0.00200127855862
322	0.00256168927283
320	0.00154226857126
321	0.000966418524813
327	0.000515576416407
324	0.00102891161563
329	0.000506316420936
688	0.00051582622744
201	0.00102884819611
200	0.0020817808646
777	0.00101923406492
771	0.00204488744553
207	0.00163108847989
772	0.00402579596084
209	0.00050962550387
208	0.00102671808348
779	0.000513021968669
77	0.00101757048302
76	0.00101314396046
75	0.00103709196532
74	0.00406729807675
73	0.0
71	0.000513764825407
70	0.00310144869623
78	0.00107015466217
669	0.000521391299032
664	0.00051582622744
663	0.00204708034733
662	0.00153671817699
660	0.000511130288477
692	0.00759875538599
693	0.00160408700685
696	0.00563856805113
697	0.0
695	0.0010205180425
698	0.00350565909029
542	0.0030462480201
543	0.000526727837848
540	0.00551105308163
541	0.0035449979506
546	0.00305275326141
547	0.00159960196464
8	0.000501955924976
994	0.00201568890009
996	0.00405734456873
991	0.00158118082458
990	0.00210624012566
999	0.000513021968669
120	0.00703297207466
122	0.00050621209625
126	0.00305453517469
127	0.000513562341562
69	0.00101682965641
414	0.000529167258773
415	0.00300372567058
416	0.00661978729055
410	0.00861258050078
412	0.000511130288477
413	0.00200567947549
920	0.000548208515763
921	0.00151669990073
923	0.0040316377979
418	0.00203248195379
925	0.00100181226564
926	0.00045352701051
499	0.00537051547523
319	0.000953846819021
318	0.00481477664916
313	0.00203773715695
311	0.00150208741669
310	0.0
316	0.00841057134687
832	0.00102322407932
833	0.00150606378803
830	0.000506316420936
837	0.0010137509209
834	0.000506316420936
838	0.00052738886413
368	0.000512384276564
364	0.0025274233497
365	0.000507538824653
362	0.00360841918546
360	0.00052738886413
361	0.000502255760959
381	0.00103130075038
382	0.000507538824653
388	0.00516922025835
784	0.0
780	0.000510362238141
782	0.00356032386002
783	0.0025299193667
789	0.00103618810564
151	0.00149760162831
572	0.000501297798018
571	0.000511130288477
577	0.00136613387542
576	0.000507538824653
575	0.000509574488383
574	0.000508712179886
61	0.00868752894258
62	0.00101857618763
259	0.000513021968669
66	0.000408247382814
67	0.00265658148355
68	0.000502255760959
253	0.00149653917694
250	0.00100480578232
251	0.00151259166031
256	0.00612582049891
257	0.000497261879101
884	0.000513021968669
731	0.00418321316221
730	0.00050962550387
732	0.000513021968669
508	0.000507538824653
509	0.0
506	0.00354399562133
738	0.00806946303763
505	0.000513326332422
502	0.00583732895165
630	0.00432228300479
631	0.00052738886413
633	0.0025037507141
469	0.000545732134615
635	0.000513021968669
637	0.000515764679028
638	0.000517348075593
464	0.00051582622744
901	0.000513562341562
168	0.00509064727702
169	0.000513562341562
165	0.00313845199565
166	0.00661620303465
167	0.000515764679028
160	0.00208612512365
161	0.000511130288477
966	0.00126596348396
963	0.000532672170786
969	0.00050621209625
935	0.00250368014994
908	0.00203891418586
909	0.0
879	0.00101395414888
872	0.0010201067173
873	0.0015025842236
870	0.0010268949675
890	0.00100407007523
891	0.00316804242666
898	0.00051582622744
646	0.00050381203016
356	0.0112152124872
809	0.00101110640835
808	0.00051582622744
353	0.00107737577454
803	0.000511130288477
802	0.000507191710074
807	0.0010106882614
214	0.00206379791879
769	0.00153853622195
213	0.0
762	0.00203625213956
763	0.000505497298591
761	0.00152240260883
767	0.00160774899908
764	0.00150451674824
765	0.00458489891328
956	0.00288698762641
288	0.00106997894816
280	0.00265682656892
285	0.000964657298987
284	0.000523696728252
286	0.000529167258773
678	0.0
674	0.00101982868347
670	0.00104961480025
671	0.00151379637457
260	0.00152707902958
267	0.00567160870514
266	0.00101716091619
268	0.00398389531174
58	0.0
56	0.000502255760959
53	0.0015168196424
52	0.00459032722147
537	0.00208875418798
535	0.002044363095
534	0.00411518940833
532	0.00151846291849
531	0.00150547966263
530	0.00529320514354
538	0.00160774899908
775	0.00101181371953
774	0.0
983	0.000501111455994
980	0.00051582622744
987	0.0150863208308
984	0.00457579217421
985	0.00051582622744
115	0.000513420375147
114	0.0
117	0.00149740672818
111	0.00101955206846
110	0.000509727985449
113	0.000508421779988
112	0.00510434988778
119	0.000510356833169
118	0.00051582622744
773	0.000510147527663
429	0.00249028412716
428	0.00629663886914
918	0.00193141664495
421	0.00109817402469
420	0.000506467418268
423	0.00308039129162
422	0.00104968240948
425	0.00050884509344
424	0.00163656492721
427	0.000999831655731
426	0.000513021968669
309	0.0
855	0.0
301	0.000564183839277
302	0.000526727837848
306	0.00204977364174
307	0.000513562341562
846	0.00052738886413
844	0.00339199197644
843	0.00154042418707
841	0.00101978200013
840	0.0015025842236
955	0.00250172006061
849	0.00100995073748
823	0.0015158417369
568	0.0
569	0.000534231562491
737	0.00103152648126
754	0.00102163258832
561	0.00156891168231
736	0.000512989345949
565	0.00193225555688
566	0.000498187379175
739	0.00104560326318
229	0.00102386251439
228	0.00107015466217
227	0.000823475475386
223	0.00102159905718
220	0.000521645758908
724	0.00310682152027
722	0.000511054372315
723	0.00047535763941
720	0.00100693535172
605	0.00319503312607
150	0.000500120021906
153	0.00253869257038
600	0.000479801518075
157	0.00142344659691
602	0.00152855297224
159	0.00455666919245
609	0.00752546762306
83	0.0
634	0.00103067440801
48	0.00193259826123
46	0.000506931864215
950	0.00459469223758
45	0.000418831707099
42	0.00154178491891
954	0.00109439725288
40	0.00301036127027
41	0.0
485	0.00201730653227
483	0.000526727837848
482	0.00201396080908
480	0.00100981129498
472	0.00254865100984
473	0.000519179968674
470	0.00107015466217
477	0.0
474	0.000514252525043
478	0.00255821000994
479	0.0
