344	0.00136174826174
347	0.00070647438289
810	0.00121613465589
811	0.000957154363256
812	0.00107907494814
814	0.00119481322895
349	0.00550131198091
817	0.0014165200441
718	0.00128350540253
716	0.00128350540253
715	0.00070647438289
712	0.00119752485605
294	0.0012106792598
293	0.0
591	0.00254840401419
590	0.00070647438289
595	0.00119752485605
197	0.00122312582589
196	0.0020292858063
193	0.00358000130269
192	0.00121613465589
272	0.000916094011537
274	0.0014165200441
277	0.00135633955371
278	0.0063132414163
528	0.0
443	0.002772057282
109	0.0
103	0.00116511692886
101	0.0
107	0.0389155074863
105	0.00115956646722
902	0.00281804349532
38	0.00883772800591
32	0.00489464553522
31	0.00273284966745
30	0.00336021539661
35	0.00148443051538
641	0.00109711903726
643	0.00121613465589
644	0.0031822625955
647	0.00270673955028
439	0.00229171295558
649	0.0
648	0.00456835612157
435	0.00848094280104
338	0.0
335	0.00243220494007
334	0.0156054659165
337	0.00487416319692
332	0.00465464693588
744	0.00116812075135
855	0.00116172108897
857	0.00270673955028
851	0.0126611607318
99	0.00283630840833
91	0.0
90	0.0085109247043
92	0.00412390466649
740	0.000649865170824
742	0.00374593209343
559	0.0
558	0.0
746	0.00236215737383
748	0.00070647438289
553	0.00121613465589
236	0.00121613465589
231	0.00211597077204
232	0.00575191859204
147	0.0114423843283
142	0.00270673955028
141	0.00134499128854
611	0.00104535633235
948	0.0136923393846
949	0.00229171295558
688	0.00121613465589
684	0.0
687	0.0048392628819
686	0.00135633955371
681	0.00103935706276
680	0.00123434727865
682	0.0
136	0.00407605218266
135	0.0147485396242
134	0.00122312582589
139	0.0
497	0.0
493	0.0
24	0.00270256718925
25	0.0
28	0.00111521864294
29	0.00237612519856
939	0.00255414322013
401	0.00194041713678
933	0.00070647438289
931	0.00070647438289
936	0.00246941866528
378	0.00116511692886
828	0.000933551904389
371	0.00369739854037
377	0.0
704	0.0
702	0.00104535633235
703	0.00371941180739
393	0.00121613465589
392	0.00120680318173
390	0.00123398833432
82	0.00246368790092
84	0.00128924460847
929	0.0
799	0.00119054643668
586	0.0135568237941
587	0.0
582	0.00107907494814
581	0.00487200560869
588	0.00116172108897
245	0.00223450777461
249	0.00142892341628
248	0.00120043628486
924	0.00104535633235
518	0.00476488035483
1004	0.00238125158474
514	0.00232630976881
1001	0.00434504799436
516	0.00188203401449
458	0.0
622	0.0
625	0.00121656053478
624	0.00335593311525
450	0.00248103025858
629	0.00791225636423
628	0.00369739854037
454	0.00207715807911
457	0.0
199	0.00216553285729
175	0.00243220494007
173	0.00108284955583
171	0.00070647438289
170	0.00209867091746
977	0.0128356652124
517	0.00128350540253
972	0.00070647438289
971	0.00136174826174
978	0.00281252900129
657	0.00122000020213
654	0.00200475546342
2	0.00355214346014
652	0.00121613465589
650	0.0
188	0.0014165200441
658	0.00281804349532
659	0.00123971081
184	0.0
868	0.00446158455279
13	0.00288900297869
14	0.00735982505587
17	0.00136174826174
863	0.0
862	0.00142892341628
867	0.0
866	0.00199208930585
883	0.0
881	0.00104535633235
885	0.00121204019555
888	0.00136174826174
323	0.0
320	0.00243493351178
321	0.0
326	0.0
327	0.00121613465589
324	0.00126489861166
329	0.00344809586217
201	0.00121613465589
200	0.00272641466112
776	0.00119752485605
772	0.00658504578506
208	0.00121613465589
779	0.0
77	0.00926572023442
75	0.00109389530559
74	0.00363117933979
70	0.00246338998609
664	0.00121613465589
662	0.000916094011537
692	0.00487575484076
693	0.00283630840833
696	0.0024609758763
698	0.00109711903726
699	0.00113937877131
542	0.00248103025858
543	0.00136174826174
540	0.00770837699303
541	0.00434952132398
547	0.00148443051538
995	0.00497271778003
994	0.0
996	0.00340952131928
990	0.00136174826174
120	0.00210226907152
122	0.00128350540253
125	0.0
126	0.00472280339993
127	0.00191952604878
414	0.00254763278162
415	0.00289491264646
416	0.00519227694528
920	0.00417804393388
921	0.00244197840475
923	0.00491634738671
418	0.00348440592012
925	0.00211928576241
926	0.00070647438289
499	0.0
319	0.0
318	0.0
313	0.0045748483656
311	0.00104649907678
316	0.0366095503883
314	0.0
832	0.00364586537475
833	0.0
836	0.00116172108897
369	0.00247633125077
365	0.000929455372884
381	0.00364820338296
382	0.00104535633235
383	0.0050361881948
388	0.00378138858133
784	0.00493905098036
780	0.00116511692886
782	0.00257859828488
783	0.00204981556676
573	0.00118004825412
577	0.00070647438289
153	0.0186142799446
575	0.00114387103456
574	0.00113937877131
61	0.0191994939788
62	0.0
65	0.00503159087293
67	0.0
255	0.00070647438289
731	0.00139977562804
730	0.00231018343193
732	0.00187428099014
506	0.00652541586751
738	0.00099469454955
505	0.00121879885589
502	0.01109589145
503	0.0
500	0.0155347025715
630	0.00267193662444
633	0.00338401542297
468	0.00121613465589
638	0.00126489861166
464	0.00121613465589
168	0.0103607023827
165	0.00136174826174
166	0.00363909948509
167	0.00441343224119
163	0.0
966	0.00229151467914
962	0.00136174826174
963	0.0
969	0.00116511692886
909	0.0
874	0.00754475504802
873	0.00107278668563
870	0.00493280370664
891	0.00779172640691
895	0.00237729999578
898	0.00121613465589
899	0.00121613465589
646	0.0
356	0.0151966045754
355	0.00070647438289
808	0.00121613465589
351	0.00136174826174
800	0.0
214	0.0131734179099
42	0.00121557390716
764	0.00223450777461
765	0.00227966443693
289	0.00121613465589
288	0.00132376455588
4	0.00246368790092
281	0.0
280	0.0125222821577
285	0.00070647438289
676	0.0
670	0.00243215258055
263	0.00123932660089
260	0.00352310475611
267	0.00619353061395
266	0.00114206268058
264	0.00108299640995
56	0.00234469522578
52	0.00461782016253
537	0.00121613465589
534	0.00126489861166
532	0.00243215258055
530	0.00536814588927
538	0.00139600895719
980	0.00121613465589
984	0.00247383955682
985	0.00121613465589
111	0.00107907494814
113	0.0
112	0.00482608984076
118	0.00261214361308
206	0.0
429	0.00396116139937
428	0.00545972655883
915	0.0147352756253
425	0.00901858720978
913	0.0
912	0.0148680845827
300	0.00123398833432
302	0.00136174826174
306	0.00249009476789
846	0.00139977562804
844	0.0
843	0.0
840	0.00421010229965
849	0.0
823	0.00118774240496
561	0.00132376455588
758	0.0
565	0.0
228	0.00139600895719
224	0.00274354292821
724	0.0
722	0.00119054643668
723	0.0
720	0.00126139359943
721	0.00227966443693
151	0.00126480133552
607	0.00121012219682
155	0.00123398833432
157	0.00197810733528
602	0.0023167626303
609	0.00109389530559
951	0.00417568752189
950	0.00232630976881
953	0.00549572460113
952	0.00136174826174
955	0.00217527899129
40	0.00119752485605
956	0.0
5	0.00348599450755
484	0.0
482	0.00225884012623
790	0.00649320242534
472	0.00805128695541
474	0.00257231168073
479	0.00121879885589
