344	0.00199857067776
343	0.00243509819772
810	0.00064250328678
812	0.00251903486715
817	0.000692394626911
719	0.000628147860077
718	0.0129430220019
716	0.00258555338657
715	0.00063021757993
714	0.00189791223801
713	0.000634009163462
712	0.00256185227482
711	0.000647587033586
710	0.00064386409246
915	0.0123585604317
299	0.00114390906692
294	0.00384095516423
293	0.00126586666255
290	0.00253866956223
291	0.00318030278313
591	0.00384389720804
590	0.000628176308723
592	0.00316817493307
595	0.00129178733885
197	0.000628147860077
196	0.000634318501091
191	0.00126519727886
193	0.00509347592592
270	0.000628147860077
272	0.00321963170115
273	0.00063021757993
274	0.000655981120338
275	0.00122816059708
277	0.000622854039573
278	0.00258468744318
526	0.00195314566235
522	0.000652167324113
528	0.00064962884311
443	0.00190199274736
440	0.00124688126254
447	0.000639902569481
444	0.00187615858882
102	0.000602566852948
101	0.00322697331703
106	0.000616098462152
107	0.00128763881403
104	0.00127165835236
105	0.00125863951675
900	0.00320775512967
38	0.000500694074426
904	0.000647587033586
32	0.00649867751042
31	0.00330428892821
30	0.00256088896998
35	0.000692394626911
643	0.0019271021705
644	0.00252826713375
647	0.00197187591892
439	0.000636426197356
437	0.000628147860077
435	0.00191878578772
432	0.0
433	0.000626827608242
338	0.00125509540912
335	0.00124692533505
334	0.00574965367941
337	0.00353425622789
333	0.0
332	0.00256011511103
745	0.000628147860077
854	0.00125285251601
855	0.00124057925438
857	0.00131349558551
850	0.00253846240667
851	0.00728251764246
853	0.00121775842886
858	0.00069916734771
98	0.00190210582434
91	0.000637934854198
90	0.0114974298626
92	0.00200729845594
95	0.00125462718564
97	0.00255984613005
742	0.00570773965743
743	0.00320268656186
558	0.000644292593575
746	0.0199073096455
747	0.000628147860077
749	0.000634638360115
557	0.000627574720614
550	0.00127897179576
553	0.000638692204281
552	0.00278312732939
239	0.00188757998845
236	0.00504369875724
231	0.00503699797867
232	0.00127695655291
233	0.0044233090746
1	0.000500694074426
147	0.00128450004355
142	0.0013452016043
141	0.00139303025945
612	0.000638860011971
613	0.000638692204281
617	0.00382021012287
614	0.00209150405976
149	0.00064386409246
951	0.00504604290633
1004	0.00126682588526
947	0.000644427296012
940	0.00127074961397
517	0.00128074713317
685	0.00322254031198
684	0.0064542169883
687	0.00191965366423
680	0.00256097465656
682	0.00188468421492
133	0.00127885981888
131	0.000628147860077
137	0.00062935756518
136	0.00198548746665
135	0.0012858447523
134	0.00317503283513
495	0.000639971746999
139	0.000602566852948
491	0.00125388960676
493	0.00199591144615
24	0.00328671761542
927	0.010048686634
29	0.000609834063315
407	0.000644402815294
406	0.00128679797308
405	0.000643181087339
401	0.00320971020031
936	0.0
935	0.000642391800752
379	0.000639971746999
378	0.000542427741044
371	0.0
377	0.00388635853631
822	0.000542427741044
708	0.000647587033586
704	0.000641781246796
707	0.00253588394445
700	0.00374037994593
702	0.00188331211822
397	0.0
395	0.000542427741044
176	0.0
83	0.000630241401545
399	0.0
84	0.000640033113382
795	0.0020723777621
790	0.00379249746211
798	0.000628918658707
607	0.00256281482263
586	0.00837974940925
582	0.00250093724216
581	0.0
245	0.00125421670427
246	0.00128954218143
241	0.000682795560219
187	0.000644427296011
248	0.00514581350357
924	0.00565743081476
510	0.000602566852948
513	0.000627574720614
512	0.000692394626911
515	0.000639859688867
514	0.00157536740194
1001	0.00316935957249
516	0.00252108521202
622	0.000602566852948
626	0.000630241401545
624	0.0
450	0.0128829740799
629	0.0123674369363
454	0.00571515926665
456	0.000640033113382
199	0.00251187015802
175	0.00246385810019
173	0.00188044692945
171	0.00125768387342
170	0.00124057925438
977	0.00573362671259
975	0.0
971	0.00198920398487
979	0.000628147860077
978	0.0130986320739
657	0.000628147860077
654	0.00125676472851
2	0.00506825154966
653	0.000628147860077
650	0.0025170082579
185	0.000625867697441
188	0.00273850321082
189	0.00516495314597
658	0.00330259015762
659	0.00126462634646
184	0.00064386409246
868	0.00382939055479
13	0.00125259566485
15	0.00129060906287
14	0.00188483506041
16	0.000630895967338
863	0.00504482462953
862	0.000640681220937
866	0.0025690542722
883	0.00129354391671
881	0.00188977772035
880	0.000633634087496
887	0.0
886	0.000625867697441
885	0.00127875080837
569	0.00384388202007
322	0.00422471673225
326	0.000641781246796
327	0.00126781628181
324	0.00115332118922
329	0.0
688	0.0
775	0.00127868710845
200	0.00198996311959
758	0.00255014674162
771	0.00188936683989
207	0.00408224099729
206	0.000602566852948
209	0.00127939880421
208	0.000629919666196
779	0.00128844780503
77	0.00254653357291
75	0.00446383865729
663	0.00181146663396
662	0.0019272297975
692	0.00636374127317
693	0.00130301281184
690	0.000629919666196
697	0.00311253953768
695	0.000644427296012
698	0.00375599479784
542	0.00445206687894
540	0.00376378148589
541	0.00252562358548
547	0.000692394626911
544	0.000636539045891
8	0.00128522030311
996	0.00125691557401
990	0.00134852633373
993	0.00313989068339
120	0.000641736389828
122	0.00130004094882
125	0.000602566852948
126	0.00318341265985
127	0.000637622558249
415	0.00387025242357
416	0.01020858271
410	0.00192873629003
920	0.00585545624836
921	0.00124167139573
923	0.00570163743249
418	0.000636906219066
925	0.00125619636966
499	0.0025766113588
319	0.000635984268454
318	0.00385072494318
313	0.000639729109657
311	0.000621466905562
310	0.000602337806453
317	0.00126035051396
316	0.00325547295071
832	0.00160646787721
833	0.00127800021802
836	0.000642391800752
837	0.000628147860077
834	0.000642391800752
835	0.000631612406423
838	0.000651583020393
369	0.00125204433759
364	0.00188310805139
362	0.00194726381407
360	0.00130351681924
952	0.00133015041605
381	0.00255876966588
383	0.0013240324606
388	0.000569705369512
784	0.00189400345559
780	0.00107467332751
782	0.00255654027909
783	0.00380381593085
788	0.00123482358884
789	0.00130745130449
151	0.00126728051362
578	0.000634365211006
572	0.00129490180993
576	0.000628147860077
575	0.00191573047354
61	0.00325741578332
62	0.00190270434983
64	0.000602566852948
65	0.00573697801965
66	0.00446265945827
67	0.00268451016407
250	0.00125285251601
251	0.000626547322053
256	0.0044783830626
157	0.00579861537511
939	0.000602566852948
731	0.00581524498696
732	0.00183371200796
735	0.00436312853592
737	0.00122816059708
736	0.000626560979036
506	0.00503517731121
738	0.0238949276757
505	0.00112982110711
502	0.00258804911314
500	0.00575916592317
630	0.00259701704678
631	0.000651583020393
633	0.00317281959284
469	0.00204313378999
468	0.0
465	0.000628588535595
464	0.000647970392291
466	0.000642615851968
462	0.0134055589693
168	0.00766924238093
164	0.0
165	0.00394774526643
166	0.00191800388719
167	0.00270769456281
160	0.00327647669899
966	0.000637258489826
963	0.000672981148863
969	0.00192594360121
879	0.0
873	0.000625184868974
890	0.00250118373387
891	0.00393050744502
893	0.000620114406043
898	0.0
646	0.000635903525813
648	0.000637662414387
356	0.0121913398581
809	0.000627553980237
353	0.000655981120338
803	0.000631909229524
802	0.00258741804833
214	0.0063468607666
769	0.00125870274422
955	0.000626560979036
761	0.00252954766554
767	0.0
764	0.00187859628724
765	0.00318894965916
4	0.0
280	0.0058836677357
283	0.00126756169794
670	0.00187744019863
671	0.0
260	0.00190627979723
267	0.000655981120338
268	0.00380594199697
56	0.00514910306102
53	0.00191135611057
52	0.00191275613949
537	0.000629919666196
535	0.00125020779418
534	0.0114709483973
532	0.00250118709962
531	0.00188856988366
530	0.0143275136027
538	0.00126924852077
988	0.00137155757203
983	0.000633196486937
980	0.00388516080207
986	0.000637258489826
987	0.00188474268832
984	0.00383950277843
117	0.000634009163462
776	0.000642391800752
112	0.00126465706838
119	0.00314521183173
118	0.000609834063315
772	0.00190450108016
429	0.00254005865304
428	0.00991720720209
918	0.000637240408329
421	0.0020723777621
423	0.00579322592173
422	0.00321926263526
424	0.00410098681784
912	0.0063916680661
309	0.00151446928191
301	0.000692394626911
305	0.00128001244464
306	0.00252422531319
846	0.00130464884921
844	0.00127160561934
841	0.000638692204281
840	0.000625184868974
849	0.00245967279065
823	0.000627574720614
568	0.00575886043654
752	0.000637934854198
508	0.000628147860077
754	0.000647587033586
561	0.00130464884921
562	0.000602566852948
509	0.00186362275848
565	0.001289089175
566	0.000633281588138
229	0.001892961168
228	0.000652468366658
227	0.000637258489826
223	0.00184855723073
221	0.000642391800752
220	0.00444385212121
724	0.00257110930688
722	0.000624767791398
723	0.000644672763685
720	0.00127926998162
605	0.00260761322653
150	0.000645354850143
153	0.000636906219066
154	0.000602566852948
603	0.000542427741044
602	0.00319598858835
159	0.00954845093236
609	0.0037950374704
634	0.00115709873558
48	0.000645727042898
46	0.0
950	0.000602624903903
45	0.000637258489826
42	0.000602566852948
954	0.000692394626911
40	0.003842481941
956	0.00127278037564
638	0.00110691003748
5	0.00123612487129
489	0.000602566852948
487	0.000602566852948
485	0.00126157596915
482	0.00126957442938
472	0.00255806544265
470	0.000654345252052
477	0.000602566852948
