344	0.000943081528643
0	0.00231346435603
347	0.00129402022986
343	0.00123168697641
810	0.000665625386279
812	0.000517573818714
817	0.0032749307348
719	0.000634060115578
716	0.00108408472199
714	0.000706771804723
713	0.00205008415395
712	0.0032465218946
711	0.0
710	0.00282724712019
915	0.0112885419961
299	0.0
295	0.000590749714839
293	0.001103051018
290	0.00205633079546
291	0.00439797705994
591	0.0013014219028
590	0.00066205651752
592	0.00344957537833
199	0.00119738683138
599	0.00224331635593
197	0.000547753995274
196	0.000632546463317
191	0.00195128874048
193	0.00494635281493
192	0.0
272	0.00322071040456
274	0.00243019803467
275	0.00261728738722
277	0.00066205651752
526	0.00184273794617
523	0.000605510890368
528	0.00189311765608
443	0.00201565183796
440	0.00110735007353
444	0.000595193843035
102	0.0
103	0.000559719344344
101	0.00266797519572
106	0.0
107	0.00533372834432
104	0.00133512899373
105	0.000556080299828
900	0.00320217083767
907	0.000614919382359
32	0.00985788727917
31	0.0017645572588
30	0.000666189132032
35	0.00335463780698
34	0.000592299704093
641	0.000547753995274
644	0.00234150922255
647	0.000754594774291
439	0.000640333056623
648	0.00198249005961
435	0.00130171617137
432	0.00112440727235
433	0.00108098611174
338	0.000547753995274
335	0.000732472737254
334	0.00648383718267
337	0.00165722303342
333	0.00116507322354
332	0.000660904054936
854	0.00124648472076
855	0.00238012069436
857	0.0016412774033
850	0.00253755218003
851	0.0054987454475
852	0.000678704358383
858	0.000613213675864
859	0.00130243031752
6	0.002246610511
98	0.00281415628504
91	0.000745301715331
90	0.00262476719228
92	0.00387442185114
95	0.000547753995274
740	0.0
742	0.00337885641978
743	0.00519887610487
558	0.000487909283823
746	0.000605510890368
748	0.00064814447234
749	0.00182024178236
557	0.000650316641241
556	0.000595193843035
551	0.000595193843035
550	0.00326997630482
553	0.00137257911147
552	0.00299845850349
239	0.000605334115502
235	0.00067952371795
236	0.00293458765447
230	0.00066205651752
231	0.00411032565052
233	0.000605510890368
146	0.0
147	0.0119431288366
142	0.00430038758053
143	0.00306331188831
141	0.00440916071033
612	0.000646674329107
614	0.00335729949575
149	0.00266030836554
1004	0.00159862978116
948	0.000654497296775
947	0.00130013255176
942	0.00211632635692
940	0.00142400607371
517	0.00170006635282
685	0.00184273794617
684	0.0023220989057
687	0.00211997882376
686	0.00066205651752
680	0.00142492446141
683	0.000877874629785
682	0.00125706315204
133	0.000636758157773
137	0.000669385091501
136	0.00233633909726
135	0.00732850413207
134	0.00212642083656
495	0.00123848114931
497	0.000550395748292
493	0.00188201360391
24	0.00279792657982
25	0.000554207127578
27	0.00066205651752
28	0.000547753995274
29	0.0
939	0.0
401	0.00378559163753
933	0.00066205651752
931	0.00066205651752
936	0.00270407221401
409	0.00171712495589
371	0.0014127768359
824	0.00112153584673
372	0.000643549890656
821	0.000595193843035
377	0.0022412197882
709	0.00112153584673
704	0.0010421164114
706	0.0
707	0.000694516223197
700	0.00156522586695
702	0.00187467099621
703	0.0034867269779
393	0.000563155722239
394	0.000595193843035
82	0.00145679684383
181	0.000640052806666
86	0.000697313606094
84	0.0
796	0.00061031856244
795	0.0055451515504
791	0.000576653277077
790	0.00137974632421
586	0.00185709810387
587	0.000745301715331
585	0.0
582	0.00161274318109
580	0.00061031856244
581	0.00210696448874
588	0.000547753995274
589	0.00092511523269
245	0.001638182539
246	0.00210985770972
241	0.00112153584673
242	0.0
249	0.00237663218806
248	0.000634905687443
924	0.00184899056201
511	0.000547753995274
510	0.0
513	0.000595193843035
512	0.0021559663998
515	0.000651290877723
1001	0.00168933460813
516	0.00123375976648
458	0.00278899910275
459	0.000562106269504
450	0.00585777906133
629	0.0166959404536
628	0.00290492066027
454	0.00633059006325
456	0.000675578405132
457	0.000556526660298
595	0.000649234469706
175	0.00312397111144
174	0.0
171	0.00066205651752
170	0.000576653277077
977	0.00609583267852
976	0.000590749714839
972	0.00066205651752
971	0.00151098107949
180	0.0
978	0.0198789683556
654	0.00186943125603
2	0.00187766737334
652	0.000568194610865
187	0.0
650	0.00108650154213
185	0.0
188	0.0032749307348
189	0.000621645918163
658	0.00187996015669
659	0.000681863828504
184	0.00283375958645
868	0.00128676605678
12	0.000729765134043
15	0.00142492446141
14	0.00123822927574
17	0.00137857595144
19	0.00119157265944
862	0.00294022172031
865	0.000678704358383
866	0.00105670104874
883	0.000563155722239
881	0.00210760683807
880	0.0
886	0.000584068994855
885	0.00063958037446
322	0.0
321	0.00103508398931
326	0.0
327	0.000561866722381
324	0.00182578123811
201	0.000665625386279
200	0.00377142364289
777	0.00119157265944
202	0.000933665039573
771	0.00402235730303
207	0.00960675506579
772	0.00413191404556
209	0.00136544776448
208	0.00115217046369
77	0.00192784517927
75	0.00523801031889
73	0.000526754154154
78	0.00052755806169
664	0.000360515974936
662	0.0019517615481
660	0.000681863828504
769	0.0
692	0.00425815289177
693	0.00171089437367
690	0.00053323211647
696	0.00199295160572
697	0.00225134632226
698	0.00331465481478
542	0.00238418831612
543	0.000886682629013
540	0.00503642961466
541	0.0013928640092
546	0.00266923546421
547	0.0232441669915
544	0.000678704358383
548	0.0
549	0.000952958918323
994	0.000547753995274
996	0.00125570603374
991	0.0024625494744
990	0.000877874629785
120	0.00402366422524
122	0.0010855502776
124	0.000595193843035
125	0.000621898184854
126	0.000455279822778
127	0.00555486354738
414	0.000942983008793
415	0.00520528465595
416	0.00787414873766
410	0.00400075747921
920	0.00350314709639
921	0.00115804948885
923	0.00612202394309
418	0.00167933079329
925	0.00166967738275
926	0.00066205651752
499	0.00318590374008
313	0.000638464965398
311	0.00221743137803
310	0.000612877133281
316	0.00251915203309
861	0.0
833	0.00261584416375
830	0.0
835	0.000678704358383
838	0.00250010388012
369	0.000595193843035
364	0.000547753995274
365	0.000576653277077
362	0.00092511523269
360	0.000933665039573
361	0.000547753995274
952	0.00151098107949
380	0.00122435351012
381	0.00169642298482
383	0.00275258611575
388	0.000621898184854
784	0.00271487410076
787	0.000678704358383
782	0.00257175719466
783	0.00124804766919
788	0.0
789	0.0171035277808
572	0.00129083510666
577	0.00324991059964
153	0.000550395748292
575	0.00127804533986
60	0.0
61	0.0057777748074
62	0.0024672349533
64	0.000621898184854
65	0.00138536335523
66	0.00120317366725
67	0.0037393682301
68	0.000547753995274
250	0.00117547085997
251	0.00124281568923
256	0.00193767661333
731	0.00213689443917
732	0.000575099409753
737	0.00103462139222
509	0.000605334115502
506	0.00636019020348
738	0.00317938804908
505	0.000548376335721
502	0.00479189563544
500	0.00397422703583
630	0.00690560801768
631	0.0037340695193
633	0.0017072523817
469	0.0153428229162
638	0.00106595015444
639	0.000528552825912
927	0.0058756110688
462	0.00123698808127
168	0.00577686244472
164	0.0
165	0.00784880585236
166	0.00129530941321
167	0.00538528497621
160	0.00184273794617
966	0.00253812928622
963	0.00164985333337
969	0.00111859035916
872	0.00115807255771
873	0.00109624541705
870	0.00218683629376
890	0.0013014219028
891	0.00562020038982
894	0.000933665039573
896	0.0
898	0.000665625386279
646	0.00235053227251
356	0.00711445330505
809	0.000547753995274
353	0.000942983008793
803	0.00117831321526
802	0.000640052806666
807	0.000694516223197
216	0.000512990198884
214	0.0197009961797
215	0.0
762	0.000644714351158
761	0.000406031464478
764	0.001638182539
765	0.00335777597608
957	0.00111896433499
956	0.00105444156973
280	0.00187996015669
285	0.00066205651752
679	0.000487909283823
674	0.000921278531452
670	0.000623538529276
671	0.000652207675349
672	0.000581938561013
260	0.0012898970157
267	0.00274470009358
268	0.00159146717219
58	0.0
56	0.0011021089054
50	0.0
53	0.000706771804723
52	0.00064115903226
537	0.00169560355377
535	0.00123990819419
534	0.00624507990776
532	0.000766547439413
531	0.0011021089054
530	0.00813103071845
538	0.00233880670219
988	0.00332112817327
774	0.000648394962022
987	0.00241363640133
984	0.000659256583978
776	0.000678704358383
111	0.000636758157773
113	0.00118795296008
112	0.000562106269504
773	0.00055463158436
429	0.00289933622575
428	0.00880324745838
918	0.000526754154154
421	0.00651866607927
420	0.0
423	0.00378242898883
911	0.000528552825912
424	0.0055451515504
427	0.00055463158436
912	0.00456531721474
308	0.00066205651752
301	0.00224050018173
305	0.00329540925982
306	0.00477718771681
307	0.000605510890368
847	0.00205886137291
846	0.00188201360391
844	0.00233951617453
843	0.000576653277077
840	0.00165210073954
849	0.00158237538749
823	0.0107728359909
568	0.00458457982809
569	0.0136525914598
754	0.00129151897248
561	0.0037680396551
758	0.00212752003195
565	0.00246485025052
229	0.000621645918163
228	0.00176132097227
227	0.00182731437225
226	0.000549760978562
223	0.000621898184854
220	0.00133202789203
724	0.0015995586258
722	0.000595193843035
723	0.00150242537385
720	0.00355777163971
605	0.00577595857748
607	0.0106038473218
157	0.00253267166537
602	0.00319520112072
159	0.0118173443279
609	0.00277965818003
83	0.001347358232
48	0.00113168319163
951	0.00302135115927
45	0.00120317366725
955	0.00390902349543
954	0.00323671679788
40	0.00131378820158
41	0.000983829205215
5	0.000515881419537
485	0.000595193843035
482	0.00223262673667
472	0.0044854368138
470	0.00284001208155
