344	0.000742361861684
0	0.0116164310008
346	0.000588103221593
347	0.000619215122438
340	0.00058324262398
343	0.000610714379441
812	0.00359064878711
813	0.00246448423202
349	0.00126952518714
817	0.00141119614979
719	0.000591659065788
718	0.0116950293103
717	0.000619933772314
716	0.00124079228308
713	0.000603202354244
711	0.000634877462753
710	0.00192588396775
915	0.008777590326
299	0.00117385666275
294	0.00467133988029
295	0.000646700658232
293	0.00126029739396
290	0.000553090165845
291	0.000589821652449
591	0.0018371580754
590	0.0
592	0.00352950976832
595	0.00311257855322
597	0.000591659065788
599	0.0012909282736
196	0.000598183007687
191	0.00119849304754
190	0.00241579435951
193	0.0
192	0.000588050363601
270	0.00118001351114
271	0.000614930513039
273	0.000591817339312
274	0.00194651459452
277	0.00061103326286
278	0.000586052334417
526	0.0
528	0.0
448	0.000590798921791
443	0.00180497624194
440	0.000588354445349
447	0.00292445836234
445	0.000688937556586
444	0.000599719309296
103	0.00361771106735
107	0.00117967904143
104	0.000579180327737
900	0.00061103326286
38	0.00236790354504
904	0.000615608484221
32	0.00124842355182
31	0.000609964775491
30	0.000583865749012
35	0.00213195577433
641	0.000590544263246
644	0.00298042056995
647	0.00251451018374
439	0.00174769759533
649	0.0
437	0.000591659065788
435	0.00235217953974
432	0.000590544263246
433	0.0017781615796
338	0.000590544263246
335	0.00472633401661
334	0.00423538326546
337	0.000610997677033
333	0.00194682330712
332	0.000592413548907
558	0.00115399672152
854	0.00541939383707
855	0.00182894208298
857	0.00565876443327
850	0.00177600111051
851	0.0071699935037
819	0.000590798921791
6	0.00126230914245
98	0.00233118322092
91	0.00116013207344
90	0.00182775153247
92	0.00062671278107
95	0.000590544263246
96	0.00117116583689
742	0.0108620195265
743	0.00467579750908
559	0.0
745	0.000591659065788
746	0.0233651418435
556	0.00118110390668
551	0.000599719309296
550	0.000601674900706
553	0.000591817339312
552	0.0133592128333
239	0.00241450534897
235	0.000602298003862
236	0.00244174439109
231	0.00534600615841
232	0.00408132676156
233	0.000608061400961
147	0.00185695014554
618	0.000590748348628
142	0.0019006244487
143	0.000597455144538
141	0.00212298326082
613	0.000615608484221
617	0.000634877462753
614	0.00141119614979
149	0.000618244091326
1004	0.00121120381957
948	0.00234151341804
949	0.00116125188001
946	0.00290501941366
945	0.000591659065788
942	0.000610997677033
940	0.00059353383187
517	0.00294557452138
685	0.00252896513734
684	0.00424667496108
687	0.00121962494943
683	0.000589821652449
682	0.000591659065788
133	0.00174862093955
136	0.00251267405427
135	0.00550004385095
134	0.00176119788743
497	0.000600925787904
491	0.000595311134366
493	0.00204706856055
24	0.00316124277781
28	0.00118367270602
407	0.00121790648808
405	0.000610997677033
404	0.000615608484221
402	0.0
401	0.00413552054635
400	0.000602971497597
931	0.00125409258519
936	0.0018267014548
409	0.000646700658232
828	0.000591659065788
371	0.0
373	0.00142851304736
372	0.00124664803771
821	0.000599719309296
374	0.00120209633921
377	0.00309038130899
704	0.00118962978641
700	0.00360596044544
702	0.000591659065788
392	0.00062671278107
391	0.00140760431676
397	0.000591659065788
394	0.00121075257216
181	0.00258780864976
86	0.00120407016759
795	0.00495357796073
791	0.00065189263001
790	0.00529100265206
586	0.00882736569919
587	0.000613831926003
585	0.0
582	0.000590544263246
581	0.00363939366361
245	0.00117911077242
246	0.00190231198037
249	0.00254973043698
248	0.000614930513039
924	0.0017933455828
510	0.0
513	0.000599719309296
512	0.00141119614979
514	0.0018107858981
1001	0.00425384416469
516	0.00294154204004
622	0.0
624	0.000590798921791
450	0.00306500494076
629	0.00514859099082
628	0.00249209075234
454	0.00234871167702
178	0.00389691996348
199	0.000591659065788
175	0.00177738937496
173	0.00121882883385
171	0.0
170	0.000609460150692
977	0.00661639001987
976	0.0012823691162
975	0.000591659065788
971	0.00248066560955
979	0.000591659065788
978	0.0140069965415
656	0.00124989173334
657	0.00235767001714
654	0.000591659065788
2	0.00296847998423
186	0.000590798921791
187	0.00122602124436
184	0.000615882025525
188	0.0041192420464
189	0.00876777477909
659	0.00120442538162
650	0.00118911421033
868	0.00174951056482
13	0.0011797759569
14	0.00181391691367
16	0.000597455144538
863	0.00119609994037
862	0.00190272990734
866	0.0018688082697
883	0.00498348738304
881	0.0011803818222
886	0.000597783773248
885	0.00644648514646
322	0.000597791006255
323	0.000634877462753
327	0.00118697020015
329	0.00414238280926
775	0.00180266529546
200	0.00753046728836
203	0.000601291265635
776	0.00183065821229
771	0.000600642455189
207	0.00501382414047
772	0.00300210428507
209	0.00174426096365
77	0.00174712979238
76	0.000597455144538
75	0.00178908981296
74	0.00584261047746
73	0.0011832935664
70	0.000588103221593
78	0.00321490334367
668	0.00746757053055
663	0.00122163898602
662	0.000601098669991
660	0.0
692	0.00183206817203
693	0.00260132451459
696	0.00059712678708
695	0.000605271386352
698	0.004127449146
542	0.00422758426915
543	0.00124718145262
540	0.00236344910639
541	0.00118911421033
546	0.00247688487627
547	0.00206468891074
8	0.000619933772314
995	0.00119527964812
994	0.00298590595334
996	0.00179036506804
991	0.000646700658232
990	0.00184194894291
993	0.000602971497597
120	0.0107785377349
122	0.0024275576048
124	0.000599719309296
125	0.0
126	0.00175114863827
127	0.00184423120261
415	0.00297182348888
416	0.00881310151262
410	0.0113648404879
920	0.00504968477711
921	0.00118697020015
923	0.00240603435283
418	0.00119695072229
925	0.000590544263246
499	0.00303849043682
313	0.000584884831037
311	0.000590544263246
316	0.0100184624151
832	0.00237290485506
837	0.00118911421033
834	0.000614930513039
835	0.000602971497597
838	0.00257987909261
369	0.00241101255583
364	0.000590544263246
362	0.00242238602504
360	0.0
361	0.000590544263246
381	0.00235650366304
383	0.00301113559921
388	0.00179430754315
784	0.000602971497597
780	0.00120337691321
782	0.00293502346231
783	0.000591659065788
788	0.0017825953684
789	0.000590544263246
151	0.000553090165845
572	0.000634955694153
571	0.0122225569546
577	0.001257381602
576	0.000591659065788
575	0.000581384597382
60	0.0012260310669
61	0.00547457627342
62	0.00301685653538
65	0.0
67	0.00368484121095
68	0.000590544263246
253	0.00166651399921
250	0.00119683980947
251	0.00118799940778
256	0.00233163687207
255	0.000634877462753
731	0.00557696822865
730	0.00174172340998
737	0.000589800702755
509	0.00117385666275
506	0.00240078212721
738	0.024296121491
505	0.000598183007687
502	0.00706344434174
500	0.00415289171311
630	0.00264866897452
633	0.000598183007687
469	0.00212298326082
636	0.00062815371887
465	0.00059779494121
927	0.000599719309296
462	0.00059353383187
901	0.000602971497597
168	0.00640959982304
169	0.00124664803771
165	0.00244038344572
166	0.00292822841613
167	0.00405530296556
160	0.00251743085037
161	0.00061103326286
963	0.000742361861684
969	0.000597455144538
935	0.00307871083238
908	0.000583865749012
909	0.0
872	0.000590544263246
873	0.00117911077242
870	0.00061103326286
890	0.00181408586473
891	0.00127698142319
899	0.0
646	0.00180430345841
648	0.0017512004634
356	0.0081945123218
809	0.000590544263246
808	0.0
803	0.00117226228991
802	0.0012260135345
216	0.00057546880176
214	0.00183704524858
769	0.0012036849763
211	0.00062341450993
762	0.000587434725087
955	0.00117843450421
761	0.00235907850892
767	0.00129713645765
764	0.00117911077242
765	0.0035104172031
956	0.00178282151858
288	0.0041146589931
4	0.0
281	0.000614762078461
280	0.00506712062803
283	0.000612297739386
285	0.00061103326286
679	0.000607462940864
674	0.00178419045129
676	0.0
670	0.00179567736689
671	0.0017872179282
260	0.00116730465713
267	0.000584181734288
264	0.000590798921791
58	0.0
56	0.00244859178984
50	0.0
53	0.000598183007687
52	0.00407132191098
537	0.000610278031668
535	0.00180369221386
534	0.00491311353142
532	0.00353515456936
531	0.00181371432708
530	0.00883829764463
538	0.000646700658232
988	0.00210092444048
980	0.00242693143983
777	0.000597455144538
984	0.00291959310758
111	0.00116901518565
113	0.00302605318206
112	0.000593934095899
119	0.00119824596546
118	0.00117791759386
429	0.00117587398687
428	0.00501281394047
918	0.000579631748184
421	0.00352761634647
420	0.000584349607392
423	0.00182162100454
422	0.000619933772314
425	0.00174525717446
424	0.00355328703849
427	0.00117797657964
912	0.00639356902654
309	0.000591017867087
301	0.00212297477618
302	0.00125552555109
305	0.000579631748184
306	0.00301001288847
846	0.000742361861684
844	0.0
840	0.00117911077242
849	0.00118233035569
823	0.0108049742003
568	0.00183903134232
752	0.00121811678
754	0.0012315838392
561	0.00143129941827
758	0.0
565	0.00174439743326
566	0.00113458619959
987	0.0177459117146
739	0.00124691476571
229	0.00120009828468
228	0.00389153595029
226	0.000598183007687
223	0.00121478379158
724	0.00749657738508
722	0.000599719309296
720	0.00306906195189
729	0.000618244091326
605	0.00194013653284
153	0.00179544799108
152	0.000602971497597
157	0.00124427051657
602	0.00175545206981
159	0.00427014919004
609	0.00360451723362
83	0.00240490852214
634	0.00177885544403
48	0.000607462940864
951	0.00824201023808
950	0.00179670965534
953	0.00125388254913
952	0.00190121887752
42	0.0
954	0.00275409965708
957	0.00141119614979
41	0.00117359950418
638	0.00530261873181
5	0.00237104636558
485	0.00240845968919
483	0.0011957498804
482	0.00240423302837
480	0.000590544263246
472	0.00290651897206
470	0.000646700658232
