344	0.00249938709763
0	0.0142605634646
347	0.0029601312072
343	0.00307044780879
810	0.0024779730426
812	0.00120772521541
817	0.00158404069055
719	0.000585118261452
718	0.0019698648434
716	0.00214447294359
713	0.00192030205529
712	0.00134055305338
710	0.00278412029446
915	0.00403247160598
299	0.0
294	0.00144699049388
295	0.00136110964086
293	0.00133087371408
290	0.00129292461233
291	0.00325784150705
591	0.00386643506976
590	0.000588627321515
592	0.00318975217133
595	0.00201792098941
198	0.000653557744255
596	0.000669923197784
599	0.00272558368155
196	0.00133361922052
191	0.00133602397196
193	0.00340436165846
272	0.000669923197784
273	0.00065035089184
275	0.00115421001042
277	0.00176205309404
278	0.00134663437363
526	0.00160350210505
522	0.00132422849115
528	0.000585024048501
443	0.00202242825341
442	0.000604709418815
440	0.0006018461388
447	0.000634175172324
444	0.000628182622965
102	0.00126866772474
103	0.00116274549973
101	0.000582611275847
107	0.00373064977877
104	0.00127842905442
105	0.00194255617658
900	0.000669923197784
38	0.0012524673879
904	0.00165480320039
32	0.000532728829281
31	0.00334668599873
30	0.00315271267598
35	0.00171548370226
641	0.000684025185978
643	0.00137565755297
644	0.00173146672171
438	0.0
439	0.000637077929245
648	0.001916826955
435	0.0020065270459
433	0.00107379305844
338	0.00133509515664
335	0.0158643567465
334	0.00639144310628
333	0.00203420335356
332	0.000657451700273
854	0.00318242732778
818	0.0
857	0.00408491801389
850	0.00106428006551
851	0.00241866722671
853	0.00122484591025
858	0.00240406693992
6	0.00136110964086
98	0.00706879768883
91	0.00230558940245
90	0.00475314718315
92	0.00074850514121
96	0.0
740	0.000614065884255
742	0.00322950291211
743	0.00128043631346
558	0.00111383108277
746	0.00511379714755
557	0.00320557343652
551	0.000628182622965
550	0.00198954281837
553	0.00122855193741
236	0.00121253713546
230	0.000588627321515
231	0.00451613200435
232	0.00455045287142
233	0.00260587485822
1	0.000570663502625
147	0.00768732137417
618	0.000671228975168
142	0.00319890817919
141	0.000849138566927
612	0.0046634567514
617	0.000620762466685
614	0.0
149	0.000572633122745
947	0.0019836237634
942	0.000633052375117
940	0.000492198544598
688	0.000608296746103
685	0.00228938651585
684	0.00197592537301
687	0.00328556451767
686	0.000588627321515
680	0.00371055060874
133	0.00127773179841
132	0.000580134223881
137	0.0
136	0.00329116944458
135	0.00570830889138
134	0.00192030205529
495	0.0013844144509
497	0.000584049090912
491	0.00120191255594
493	0.00161962872218
24	0.00241703138489
25	0.00173230437343
27	0.000588627321515
927	0.0113322898471
29	0.000608296746103
406	0.00122436486716
405	0.000623019965718
404	0.00135482827663
401	0.004756329399
933	0.00118604979589
936	0.0
409	0.00136110964086
379	0.000675024055368
828	0.00055907977518
374	0.000646914157734
377	0.00247841276767
705	0.00131358376726
707	0.00188258014581
700	0.00067701839275
702	0.00114832559018
703	0.000633052375117
393	0.000660969819224
392	0.000708897193347
82	0.000708897193347
83	0.000962863752436
399	0.000593228911882
398	0.00134055305338
86	0.00135105834759
796	0.000570773213078
795	0.00256862188385
790	0.00357664799584
798	0.000634985803686
586	0.0128211793982
587	0.000620762466685
582	0.00185017237902
581	0.00189173793031
589	0.000627602273347
245	0.00635985008623
246	0.00177156484439
241	0.000857993510543
249	0.00136110964086
248	0.000579935650801
510	0.00120505239559
513	0.00182645791343
1004	0.00364047820863
1003	0.00127158450449
1001	0.00115613061182
516	0.00115758034002
458	0.00393343195267
622	0.00297780767986
626	0.0
624	0.000634985803686
450	0.0154006726093
629	0.0153829387131
454	0.00707003340445
178	0.0129215951764
199	0.00287847134975
175	0.00233755882532
171	0.00182269830378
170	0.00125607234084
977	0.00528028711204
517	0.00278953338472
972	0.000588627321515
180	0.0
978	0.000849138566927
656	0.0
654	0.00110913166531
2	0.00307979941007
187	0.000669923197784
650	0.000585118261452
185	0.00187528254097
188	0.00589106029308
189	0.00368581240567
658	0.00081576605445
659	0.00129989428127
184	0.00141241704389
868	0.0018579666708
12	0.000610036707285
14	0.00228611734861
17	0.00164556062343
16	0.000518249794231
863	0.0
862	0.00424411454713
865	0.000677526542389
867	0.000608296746103
866	0.000618180355462
883	0.00104556613198
881	0.00168780415018
880	0.000625970545479
885	0.000636960810266
322	0.00124223719598
323	0.000593228911882
321	0.00201256199722
326	0.000636960810266
327	0.00116204404524
329	0.00126525568986
201	0.00122855193741
200	0.00330408433574
203	0.0
771	0.0025841428399
770	0.00126883649213
207	0.0067979296831
772	0.00376945279812
209	0.00126991003739
208	0.00121253713546
779	0.00284971927931
77	0.00127116835703
75	0.00254297168366
78	0.00392117473547
664	0.000608296746103
663	0.00119740706462
662	0.00270317161035
660	0.000631475243017
692	0.00392602525765
693	0.00204356403191
697	0.00437228704567
695	0.000669923197784
698	0.00378775719648
542	0.0031723058035
540	0.00563803251028
541	0.00344994441375
546	0.00401746622142
547	0.000857993510543
994	0.00261156777388
996	0.0046526289756
991	0.00202207946009
990	0.00405021234953
120	0.00588569313867
122	0.000822252827459
125	0.00122678156643
126	0.00252421367044
415	0.00477182200905
416	0.0146735215698
410	0.00352636469054
413	0.00125801089359
920	0.0027700772896
923	0.00132084284407
418	0.00116282955953
925	0.00186853981237
926	0.00121548117488
499	0.0035260657226
319	0.00111383108277
313	0.00126434480421
311	0.000623019965718
310	0.00114756763468
316	0.00745089348853
832	0.00198159730373
833	0.00189034961749
830	0.000635484625163
837	0.0011526862531
838	0.00233917374405
369	0.00123493816194
360	0.00081576605445
381	0.00236764097495
383	0.0018870577164
388	0.00192726399458
784	0.000476114454383
787	0.00059174969231
782	0.0044249337148
783	0.00226799137764
789	0.00135801724479
151	0.00132814989448
573	0.00255638153689
572	0.00134078603541
577	0.00114692777167
153	0.000584049090912
575	0.00126798136959
61	0.00660904205472
62	0.0018578880966
64	0.000580134223881
65	0.000681728448126
67	0.00251588179054
69	0.00061228880317
250	0.000628182622965
253	0.00196396335169
157	0.000645963036644
731	0.000653537348821
732	0.00068003111271
737	0.00120793542422
506	0.0058262758995
738	0.00164744575664
502	0.00941499550271
500	0.0039457056103
630	0.00233436352114
631	0.00081576605445
633	0.00191002077927
469	0.0110517859481
468	0.000608296746103
638	0.000634953329998
464	0.000608296746103
466	0.00133207335513
462	0.00196361318156
168	0.0121237981631
169	0.000653510237675
165	0.00813222402333
166	0.00511633682427
167	0.00617602535899
160	0.00469598724636
966	0.00179938382129
963	0.000633052375117
935	0.00186355493394
908	0.000640481623435
879	0.00123173137978
873	0.000630107218905
891	0.00619456472876
647	0.00163463698353
896	0.000531984852851
646	0.00124592536192
356	0.0179624532204
355	0.00117386021935
808	0.000608296746103
353	0.000779012502982
802	0.000669923197784
807	0.0
216	0.00111383108277
214	0.00477123261504
762	0.00444709339985
761	0.00113479611227
767	0.00204356403191
764	0.00188027213779
765	0.00833770050547
957	0.000857993510543
956	0.0022671366504
4	0.00190829281384
281	0.000760834765788
280	0.00302737639701
285	0.000588627321515
284	0.000616575905505
674	0.000636960810266
676	0.00117336313576
670	0.00301727589368
671	0.000638239453445
260	0.00190570409545
267	0.00424210588895
266	0.000637077929245
264	0.000634985803686
268	0.00256866630651
58	0.0
56	0.000679982406724
53	0.00149137098146
52	0.00191469260867
537	0.000608296746103
535	0.00126354804016
534	0.0044057815847
532	0.000608296746103
531	0.00341565502862
530	0.00478883917288
538	0.00203420335356
988	0.00162583101963
774	0.00128622671285
980	0.000608296746103
777	0.000531984852851
984	0.00191790995068
985	0.000608296746103
117	0.00192465867162
111	0.000636960810266
113	0.000628182622965
112	0.00134585800361
119	0.000593599734632
118	0.000608296746103
773	0.000620503651301
256	0.00190854221751
429	0.00261451883382
428	0.00897561750064
918	0.000663902046617
421	0.00256027025906
420	0.0
423	0.00409748168121
422	0.00130706243044
911	0.000604709418815
424	0.00507309624891
912	0.00639095456526
855	0.00312654695743
301	0.00170713207747
305	0.00191584616814
306	0.00196466019652
847	0.00252071358382
846	0.00249589232039
843	0.000645963036644
842	0.000573359548679
840	0.000630107218905
849	0.00230307140375
823	0.00188803322087
568	0.00404677673682
752	0.00201355051435
754	0.000656460326964
561	0.00165475862753
758	0.00132789384715
565	0.00265668400354
566	0.000654335907147
987	0.00136155172837
228	0.00264642477972
223	0.00184084524956
726	0.000608296746103
724	0.00286879778493
722	0.000628182622965
723	0.00132811682103
720	0.0037347140386
729	0.000645963036644
605	0.0033808490661
607	0.0109909244437
600	0.000563306680495
603	0.0
602	0.00386541838804
159	0.006452665985
609	0.00122059662325
976	0.00136110964086
634	0.0
958	0.0
48	0.00335540648118
951	0.00260278212925
950	0.000573359548679
953	0.00081576605445
952	0.000840076631024
955	0.0024887092179
954	0.000857993510543
40	0.00268194070367
41	0.000664214774409
5	0.00180831872589
488	0.000675024055368
485	0.00125610836487
483	0.000779012502982
482	0.00220956602983
472	0.00318692776076
470	0.00136110964086
471	0.0020310248701
479	0.000834687567027
