344	0.00208142562892
0	0.0015521308641
343	0.000512754943901
810	0.000923020836308
812	0.00103160459697
813	0.00103701044193
814	0.00051466902636
349	0.000521013444554
817	0.00156245783779
719	0.00207107564119
718	0.00568626442332
716	0.00259093710476
715	0.0
713	0.000503210118119
712	0.00103569771188
711	0.00103171164817
710	0.00310583840408
915	0.0104062225836
294	0.00309686690299
912	0.00516277598222
292	0.000517729989901
293	0.0020743481401
290	0.00155876259929
291	0.00202792608305
591	0.00103112825207
592	0.00254303791092
199	0.00207090638439
195	0.000519021480717
197	0.00103536076433
191	0.0
190	0.00260270685329
193	0.0046451553877
192	0.000518493853784
270	0.000517816538387
272	0.000516173824702
273	0.00207516779098
274	0.000522484685636
275	0.00154886001144
277	0.0
278	0.00103422016383
526	0.00156719947408
527	0.00104225697217
523	0.000517853713537
599	0.00310469172576
528	0.0010364803076
443	0.00728229035591
447	0.00256975557189
445	0.000523175764709
444	0.000516382367965
102	0.000480683700814
103	0.00203981500303
101	0.00155189856242
106	0.000509858108739
107	0.00195257411582
104	0.00205959151318
105	0.00154647121381
900	0.000518869291004
38	0.00199192973841
907	0.000516338239303
905	0.0
32	0.00208207625926
31	0.00156204917591
30	0.000514890244979
35	0.00104621658242
641	0.00102233173773
643	0.000519300920874
644	0.00155327317034
647	0.00104349813019
439	0.00206682251848
649	0.00100781373502
648	0.000514305550561
435	0.0010235964002
432	0.00100371375567
433	0.00102233173773
338	0.00102233173773
335	0.0018873791133
334	0.00617698850708
337	0.0015157040194
333	0.00931703630232
332	0.00205558836798
745	0.00103558901787
854	0.00154651282147
818	0.0
857	0.00260334920545
850	0.00155197856407
851	0.00573746585123
819	0.0
6	0.00103514781884
98	0.00554108856048
90	0.00776950289706
92	0.00156355017189
95	0.000510522343715
96	0.0
740	0.00255040120721
742	0.00466822148007
743	0.00413090692028
559	0.0
558	0.00158398474371
746	0.0015572270608
748	0.0
550	0.00155551750287
239	0.0036341783875
235	0.0
236	0.00155496393249
231	0.00512494495425
232	0.00515948250754
233	0.00103874487324
147	0.0
618	0.000528457825018
142	0.00313152772305
143	0.000519817472348
141	0.00156075111529
617	0.000517262990129
614	0.00260696948588
149	0.00207206698888
1004	0.00154016881772
948	0.00565746405671
949	0.00257976839872
946	0.00154309267511
947	0.00104127603649
945	0.000517816538387
943	0.0008480766829
940	0.00155476008602
517	0.0103199339458
685	0.0025956437933
684	0.0010466731853
687	0.00258063718071
680	0.00106049530883
682	0.00207151857863
133	0.000517429075612
137	0.0
136	0.00208414410113
135	0.00832256340397
134	0.00101151198499
139	0.006750023057
138	0.000516064251485
491	0.00126518917617
493	0.00156756760801
24	0.00156847000143
28	0.000510522343715
29	0.000822916374109
407	0.00051480184728
405	0.000520416507421
404	0.00103806464628
402	0.00151060008197
401	0.00304271500375
936	0.0
409	0.00258667188285
408	0.000522484685636
379	0.00104045082008
828	0.00103489789633
371	0.0010391111934
372	0.00207554693006
377	0.00311193987706
707	0.000503210118119
700	0.00149830358185
702	0.000517816538387
703	0.0
393	0.00051584861199
391	0.00104573815778
89	0.00154859805104
82	0.000520416507421
86	0.00104149029971
928	0.000513169266497
795	0.00209711766929
791	0.000520765482991
790	0.00463822536587
607	0.00929293157347
586	0.00969307741945
587	0.00103018512289
585	0.000517586815904
582	0.00102069743783
581	0.00259797774751
245	0.00255585818094
246	0.00827000717395
241	0.00104621658242
249	0.00207088768498
248	0.000518731533716
510	0.00096890985306
512	0.000520517363176
515	0.000518694685984
514	0.000772700223552
1001	0.00362304384933
516	0.00413666653802
458	0.00262180969554
622	0.000480683700814
951	0.00517977281155
624	0.00153353791186
450	0.00468736355293
629	0.0114741762712
628	0.00103990192145
454	0.00253622794993
457	0.000518801075353
178	0.00517522942548
595	0.00674505593852
175	0.00206585063796
173	0.00103538419083
171	0.0
170	0.00155968726986
977	0.00619282434178
976	0.000518742284976
971	0.0020801475852
180	0.0
979	0.000517816538387
978	0.00417267193745
656	0.00156319455686
657	0.00155419326683
654	0.00155368355704
2	0.00306852259154
187	0.0
650	0.00103567486021
188	0.00469013113619
189	0.00571008413944
658	0.0010443918433
184	0.00103171164817
868	0.00566360569629
13	0.00207034453001
15	0.0010550726761
14	0.00207170357183
17	0.000521013444554
16	0.00154755421244
863	0.000518731533716
862	0.00310832208165
865	0.00155426807224
867	0.0
866	0.00414177303391
883	0.00258370553302
881	0.00103489789633
880	0.000517940751569
886	0.000515319468241
885	0.00154493182764
752	0.0
322	0.0015385019104
323	0.000480683700814
320	0.00051480184728
321	0.000528457825018
327	0.00103631039217
324	0.00103604588184
329	0.000520471554596
201	0.000487053182314
200	0.0041583655074
758	0.00103018627903
771	0.0
207	0.00576436916383
206	0.000480683700814
208	0.000518590798157
779	0.0010329360377
77	0.0010325598516
75	0.00308721560766
74	0.00309493936759
73	0.000516893434128
71	0.0
70	0.00155173549849
78	0.0010350858727
669	0.000519817472348
668	0.000519866076508
662	0.00155598213709
660	0.000517245020442
692	0.0015534938208
693	0.00206973045203
696	0.00467637753053
697	0.00102179839317
695	0.0
698	0.000510522343715
542	0.00154617808604
543	0.00155898480338
540	0.00563304138974
541	0.00258862469718
546	0.00155961690803
547	0.00156815976798
544	0.000518694685984
8	0.000518097774202
994	0.00204223755609
997	0.000517245020442
996	0.00155352304314
991	0.00103821280016
990	0.00156449888445
120	0.0056884760033
122	0.000521013444554
125	0.000480683700814
126	0.00308213373509
127	0.00103637894691
414	0.00052407815813
415	0.00150855455812
416	0.00463228197375
410	0.00155307951156
920	0.00416736542116
921	0.00207471167258
923	0.00879230558222
924	0.0031060074546
925	0.00153116343501
926	0.0
319	0.00264251315547
318	0.0
313	0.00154812070326
312	0.000517697992665
311	0.000510522343715
310	0.00177812364532
317	0.000518043314999
316	0.00519830711313
314	0.000516780331558
832	0.00155792573379
833	0.000996138441321
830	0.00102313011462
497	0.000418554921218
837	0.00258894554382
838	0.00104326027208
362	0.0020724157094
360	0.00156719947408
361	0.000510522343715
381	0.00259220004056
383	0.00412797222204
385	0.0
388	0.00411595894592
784	0.000519516791889
780	0.000772700223552
782	0.00153946022264
783	0.00259007314618
788	0.0019996269567
789	0.000510522343715
151	0.0010306008467
573	0.000510067510701
576	0.000517816538387
575	0.000516338239303
61	0.00721708053768
64	0.000480683700814
66	0.0
67	0.00365514007263
68	0.000510522343715
250	0.00206116702089
251	0.000510522343715
154	0.000480683700814
939	0.00293620426289
731	0.00416833218224
730	0.00103122848428
509	0.00048423239638
506	0.00310645512204
738	0.0181234724291
505	0.000504795035934
502	0.00829728968597
500	0.00257329590094
630	0.00363763269908
631	0.0010443918433
633	0.00205138778813
469	0.00837232047627
468	0.000988235006886
638	0.00102986488791
464	0.0
461	0.000517121342089
462	0.000989952685328
168	0.00774251182225
169	0.000519043165563
165	0.00363265044542
166	0.00412169474378
167	0.00314076835463
160	0.00156444438542
966	0.000516221612295
963	0.00104125707905
935	0.00259813170149
909	0.00207438564159
879	0.00256424981508
874	0.00306748178507
872	0.00102654858052
873	0.00153372364617
870	0.000520416507421
890	0.00206955464508
891	0.00209436283547
437	0.000517816538387
356	0.00309226591607
809	0.00102069743783
808	0.000407963916692
353	0.00052407815813
803	0.000516053622812
804	0.00051708135794
216	0.00211177436286
214	0.0155559221773
952	0.00466623846127
763	0.00155111112136
761	0.000517816538387
767	0.000517697992665
764	0.00153461108211
765	0.00206403838764
957	0.000523731896781
956	0.00211904549611
289	0.000452762649282
288	0.00522746796385
4	0.00104211938465
281	0.0
280	0.0219280068208
282	0.000971088298897
284	0.000531191432805
678	0.00104094179768
674	0.00154837583836
676	0.000480683700814
262	0.000909980865309
260	0.00154933824859
267	0.00154050544213
266	0.000516221612295
264	0.00104049380217
268	0.00101592277203
58	0.00103668286305
56	0.00256807337747
53	0.0020705069132
52	0.00308719738633
537	0.00103705038465
535	0.00154906412823
534	0.00406609735603
532	0.00155470855269
531	0.0010292170297
530	0.00833511190517
538	0.00103571866936
775	0.00103768202574
988	0.00209386627178
774	0.000520940635219
980	0.0
987	0.0153262206389
984	0.00153770688479
117	0.000503210118119
776	0.00155062648581
111	0.000510067510701
113	0.000516382367965
112	0.00309810886226
118	0.000518742284976
773	0.000523175764709
772	0.00935647336942
429	0.00252563441779
428	0.0114554645533
918	0.00102917990485
421	0.00209550198008
420	0.0
423	0.00310282568
422	0.00209360567133
425	0.00412736912835
424	0.00261991607667
427	0.000510110213402
426	0.000493906861551
309	0.000497226170894
855	0.00207726470029
301	0.00209209508692
302	0.000521013444554
304	0.000521371546261
305	0.000515948030978
306	0.00103860978993
846	0.00261353704327
844	0.00208680790728
843	0.00514829821654
840	0.00153229997248
849	0.00309336052581
823	0.000520052542118
568	0.00155929611216
569	0.00155317301021
561	0.00313779163893
759	0.000515234467303
563	0.000519817472348
565	0.00155488852406
739	0.000519021480717
229	0.00258864262712
228	0.0031050266051
227	0.0
225	0.0010329360377
223	0.000405294893638
220	0.00206401768179
727	0.0
724	0.00259039697701
723	0.00103180924039
720	0.00259110898367
721	0.00154691546843
605	0.0087843161058
153	0.000516026236809
152	0.00104149029971
601	0.000480683700814
600	0.000530391778403
157	0.00154292379711
602	0.00258654256353
159	0.00310902721114
609	0.00513430479675
634	0.000499230881813
48	0.00105945886291
46	0.000442781789261
950	0.00155792573379
953	0.00104349813019
45	0.0
955	0.00204200921311
954	0.0020946735714
40	0.00207665058841
41	0.0015509139371
5	0.000888813108244
487	0.000480683700814
485	0.000515424558605
484	0.000523175764709
483	0.00103641091217
482	0.00102393853458
480	0.000510522343715
472	0.00567824260291
470	0.00103447832422
477	0.000480683700814
474	0.00098545232314
479	0.000515532362674
