344	0.000849110400899
0	0.00473434153021
343	0.00297678139372
810	0.00137134881625
814	0.000776085628859
349	0.000806517858277
817	0.00185905085687
719	0.000766903501936
718	0.00772818761164
716	0.00475877167181
715	0.000305874901046
713	0.00220014460497
711	0.000783743048849
710	0.00233059216269
915	0.00906408482746
910	0.000783265502876
299	0.00098042299609
294	0.000736665360279
295	0.000801725650968
293	0.00240960867414
290	0.000728136514208
291	0.000736004818431
591	0.00226734476545
590	0.0
592	0.00293371354413
199	0.00142828084965
599	0.00160261823019
194	0.00283502560961
197	0.00302776116998
196	0.00155875227495
191	0.000717636409566
190	0.00492839014837
193	0.00227714091586
192	0.000682464097319
272	0.00309896640677
274	0.000823946461097
275	0.00202808385063
277	0.000729265213022
278	0.000746929909294
527	0.0
522	0.00155722073109
528	0.00226867674604
443	0.000775873131425
444	0.0
103	0.00661018147345
101	0.00145461187083
106	0.00174838902054
107	0.0158852440412
104	0.0
105	0.000708245534873
900	0.00457148517806
38	0.000744248135969
907	0.000783743048849
904	0.000774184302539
32	0.00154512100565
30	0.000734993400473
37	0.00147682961108
35	0.00275111826605
641	0.00103621371638
643	0.000682464097319
644	0.00214582826927
647	0.000826685544946
439	0.00073480581385
648	0.00147256736486
435	0.000776085628859
432	0.000500589824712
433	0.000500589824712
339	0.000801725650968
338	0.000500589824712
335	0.00203820777266
334	0.00221621801445
337	0.00062024377713
333	0.0143907244878
855	0.00240327882415
857	0.00250454644207
851	0.00614818730826
6	0.00236952173212
98	0.00292939186665
91	0.00275002800321
90	0.00593280191353
95	0.000500589824712
815	0.000703707999554
740	0.0005547388096
742	0.00675888468803
743	0.00395282449613
559	0.000529934122352
558	0.000950650007361
746	0.00217262582058
557	0.00073480581385
550	0.00209327101471
553	0.00140334951666
552	0.00283494155849
236	0.00268083258019
231	0.0020151092324
232	0.00073480581385
233	0.00430505743347
1	0.00124786848608
147	0.0
142	0.000840599727834
143	0.0
141	0.00179700087194
617	0.000746929909294
614	0.00458736287005
149	0.00155704763096
1004	0.00423006785789
949	0.0014699356897
947	0.00394679882335
940	0.000750579342115
514	0.00440105727531
517	0.00232402661217
685	0.00153092035419
684	0.00196653060915
687	0.00444228105508
680	0.000789521096886
133	0.00134651667116
137	0.000751409726938
136	0.000849110400899
135	0.00430500981548
134	0.0014686548675
495	0.00163081291569
497	0.000713401836964
491	0.00160685322088
493	0.00453345934855
24	0.00348926762
25	0.000637708511811
28	0.000500589824712
29	0.0020750568158
407	0.000783743048849
404	0.00161300417493
402	0.00117505677248
401	0.00225488202794
936	0.000684915885776
409	0.00160261823019
934	0.000811009254487
379	0.0007968171286
378	0.000544777118374
371	0.00067231384286
373	0.000823946461097
372	0.000792540706581
374	0.0014487425312
377	0.00309672709888
822	0.000544777118374
704	0.0017089235738
705	0.000704728648724
707	0.000816714415954
700	0.00235584481682
703	0.00149397334839
393	0.000784331571438
392	0.00211505924724
395	0.000544777118374
82	0.000716658543347
181	0.00241305417732
399	0.00206777791282
795	0.00185905085687
791	0.00157157517004
790	0.00219463649843
586	0.00847747785135
587	0.00143460361977
582	0.000500589824712
580	0.0
581	0.00274491337197
245	0.003112642869
246	0.00145461187083
241	0.000928691803163
240	0.000771472949544
249	0.00315966586114
924	0.00287843978756
519	0.000801725650968
512	0.000930359053709
1002	0.000679376816052
1001	0.00371311991395
458	0.00260102737313
622	0.00160671898939
951	0.00194274034349
624	0.000603543913808
450	0.00618771471278
629	0.00672880115026
628	0.000716658543347
454	0.00736534096563
456	0.0
178	0.0176067249181
595	0.00485387768655
175	0.00342956487763
171	0.0
170	0.00118913649321
977	0.00643257387514
976	0.00241487653154
971	0.000840599727834
978	0.0184688123603
656	0.00171601387028
2	0.000677087152425
652	0.000688884718931
187	0.000775457164142
184	0.0062615246971
188	0.0115273482905
189	0.00718814118425
658	0.000846334108603
659	0.000726178744871
868	0.00146574979331
13	0.000423501194523
14	0.00294452228599
16	0.000774184302539
863	0.00371418693531
862	0.00581793461196
883	0.0104032751527
886	0.0
885	0.00442436875443
569	0.00160261823019
322	0.0043637976743
321	0.000658026128518
326	0.000771472949544
327	0.000624026575598
324	0.00297621886553
329	0.00121288303411
201	0.000688884718931
200	0.0100048895797
771	0.00450854800411
207	0.00185905085687
206	0.000596826196581
209	0.000740927606501
779	0.00151171698135
77	0.00220560742522
76	0.0021341614535
75	0.00148116062094
70	0.00073821678969
78	0.00160261823019
664	0.000688884718931
663	0.00147036131551
662	0.0015505496206
692	0.00430945649976
693	0.003185802075
696	0.00536366033034
697	0.00118913649321
695	0.000774087277429
698	0.00354467596946
699	0.00073480581385
542	0.00233926987826
540	0.00323907859236
541	0.000710357485782
546	0.00462859713016
547	0.00442276511261
549	0.0
994	0.000500589824712
996	0.00427327351894
991	0.000801725650968
990	0.00176893349951
120	0.00452790725068
122	0.000836772464255
125	0.00112676031893
126	0.000771472949544
127	0.00080199492044
415	0.00210861421304
416	0.00884483522617
410	0.0107307308367
413	0.00145280519824
920	0.00174208933198
923	0.00625376484773
418	0.00213011016726
925	0.000500589824712
499	0.00307935080555
319	0.00158180214389
318	0.00033760185743
313	0.00442584620156
312	0.00080089257922
311	0.000500589824712
317	0.000723494217845
316	0.00586170085966
832	0.000596826196581
368	0.000726418493296
369	0.0
364	0.00111289083443
362	0.00136212423671
361	0.000500589824712
381	0.00342288258264
383	0.00137709140996
388	0.00539216527951
389	0.0
784	0.00149352023896
780	0.00171983389086
782	0.000737973581636
788	0.00117560077948
789	0.000990993290122
151	0.000746929909294
573	0.000771472949544
572	0.00158257928529
577	0.000621420398731
153	0.000713401836964
574	0.000607107612617
60	0.000790180085206
61	0.0177863722643
62	0.00156321826793
65	0.000759033106709
66	0.0
67	0.00169249942779
68	0.000500589824712
69	0.000649242774285
250	0.0
251	0.000500589824712
256	0.00368329719532
254	0.000790180085206
157	0.00111450866468
731	0.002364761862
730	0.00220718552435
733	0.00141286841102
732	0.000682574114391
735	0.000544777118374
737	0.00131291129453
506	0.00287691296688
738	0.000783265502876
505	0.000544777118374
502	0.00808831502632
500	0.0023255190198
630	0.00358347695208
633	0.00167320111443
469	0.015671051518
468	0.000688884718931
638	0.00151531352047
464	0.00143048991614
901	0.000707674879004
168	0.0139729763997
164	0.000716581264645
165	0.00407093152068
166	0.0024374724126
167	0.00276061199989
160	0.00423604354695
935	0.00291948660643
909	0.000678492608617
879	0.00287182263117
872	0.000500589824712
873	0.00100210141673
870	0.000716658543347
891	0.00174365457502
898	0.00137384773538
646	0.00156321826793
356	0.011120403847
809	0.000500589824712
808	0.00137384773538
353	0.000823946461097
803	0.00134706668374
802	0.000774087277429
807	0.00152792430562
804	0.0
216	0.000311573354694
214	0.0037093904039
769	0.00272388206983
762	0.000771472949544
761	0.0
767	0.00160261823019
764	0.00151625270913
765	0.00147573342035
957	0.00185905085687
956	0.00196405620622
288	0.00175744014766
4	0.00202470722434
281	0.00164082612077
280	0.00421389068925
679	0.00033760185743
674	0.0020325573598
676	0.000529934122352
670	0.0021775338192
672	0.000316567676448
260	0.00368174964174
267	0.0040336748654
266	0.0014699356897
56	0.000500589824712
52	0.00147120701445
537	0.000688884718931
535	0.0
534	0.00153780735411
532	0.000688884718931
531	0.000990993290122
530	0.00862364428489
538	0.00160261823019
988	0.00182242646289
774	0.000790180085206
980	0.00290536544049
987	0.0146593653283
984	0.00372048954003
985	0.000688884718931
114	0.00144111835481
110	0.0026426884449
113	0.0
112	0.00345030340929
119	0.000677087152425
118	0.00136928850535
772	0.00222332388042
429	0.000736004818431
428	0.0058652174998
918	0.000651688227266
421	0.00185905085687
420	0.000716581264645
423	0.00655703449636
422	0.000766903501936
424	0.00275111826605
912	0.00515080784555
301	0.00277190701813
952	0.00338268560129
306	0.00436140495888
844	0.00160655278436
843	0.00234929639256
840	0.0020151092324
849	0.00313423295419
848	0.00067231384286
568	0.00318263763442
752	0.00069859880134
754	0.00155792735139
561	0.00176367676143
565	0.000970126838549
566	0.00145845484801
739	0.000740262623114
229	0.000707674879004
228	0.00311318450029
225	0.000783743048849
724	0.00708811424563
723	0.00063577718648
720	0.00350142469721
605	0.0031794616472
607	0.00445420919458
603	0.000544777118374
602	0.00184131513474
159	0.0015013904324
609	0.00672075947298
634	0.000583347243688
48	0.000649175212123
46	0.00190435477792
950	0.00195645968775
953	0.000841088432874
45	0.0
955	0.00103621371638
954	0.00185905085687
40	0.00388227842096
41	0.00063577718648
5	0.00357750654896
487	0.000716581264645
483	0.000766741969615
482	0.000500589824712
472	0.00295421961056
470	0.00160261823019
471	0.0
