344	0.00373754084731
0	0.0136439489074
347	0.0
343	0.00432824593973
810	0.0013672407181
812	0.00125333357835
814	0.000593637524091
817	0.00150037211335
719	0.00354616107621
718	0.00232637982942
716	0.000650094096523
713	0.00194963809145
712	0.00064065250733
710	0.00123278969575
915	0.00716574884988
299	0.00065878950446
294	0.00442591330578
295	0.00123278969575
290	0.001130929784
291	0.00196654234946
591	0.00201747336659
590	0.0
592	0.00448439077061
199	0.00258679360012
599	0.00244696149915
191	0.00297000475893
190	0.00697632580702
193	0.0031090397081
272	0.00181705121855
274	0.000698947715722
275	0.00201094931773
278	0.000679365514222
526	0.00218493133319
528	0.00118083543842
443	0.00243712275047
445	0.00288684592931
444	0.00121659298483
102	0.00116470454798
103	0.0021503425161
101	0.00168053042239
106	0.00364248616749
107	0.00546697140469
104	0.00121546349041
105	0.00131649529243
900	0.00183047258466
38	0.004309714453
904	0.000650094096523
32	0.010599650805
31	0.00296100611176
30	0.00122227186857
641	0.000907573376867
644	0.00263829191456
647	0.00146816705211
439	0.000601572185213
649	0.00128339839362
648	0.0061987842107
435	0.00118841219346
432	0.00066113436816
433	0.000725276691522
431	0.000733277473913
335	0.00205060688444
334	0.00316111231008
337	0.00066113436816
333	0.00309652532635
332	0.001755012017
854	0.000611929907491
855	0.00247708315458
857	0.00358145048115
850	0.00351552839444
851	0.00291968330659
819	0.000609527910505
858	0.000635396845004
6	0.00184932031603
98	0.00464164123316
91	0.0
90	0.0060410276866
92	0.00534459967623
740	0.00126355603362
742	0.00304166052564
743	0.000619634046294
558	0.00047164322708
746	0.00558690121408
748	0.0
557	0.00180330368683
551	0.000611929907491
550	0.00188446506584
239	0.00119029738348
235	0.000592610956286
236	0.00066113436816
231	0.00243473659989
232	0.000597168133659
233	0.00120853952334
147	0.00121422000346
142	0.00218438485241
143	0.00148383311454
141	0.00112457759243
612	0.000964241589388
617	0.00129388026196
949	0.000601572185213
1003	0.000702532809258
942	0.000603433994565
940	0.00136922468047
688	0.000631771350562
685	0.00218597197457
684	0.00509353028171
687	0.00277520121997
680	0.00212244796385
682	0.00142209031613
458	0.00149385559625
133	0.000610847844202
136	0.00303698179229
135	0.00423960474355
134	0.00260853615239
139	0.00576992980956
497	0.000695607777808
491	0.000650094096523
493	0.00218597197457
24	0.0051228668204
25	0.000998339344449
29	0.000610104374924
404	0.00129179596734
402	0.000738960581391
401	0.00350415672951
933	0.0
409	0.00187149784686
934	0.000621905928227
379	0.0
378	0.00107129328803
373	0.00142318804129
372	0.000643852038321
976	0.00123278969575
377	0.000620501508951
704	0.000505008188139
707	0.0
700	0.00457326054577
702	0.000720540688051
703	0.00057338943399
393	0.000613566381437
392	0.000592713157849
82	0.00057338943399
181	0.00140903420324
399	0.00124439503692
398	0.000605105528775
86	0.000703400908022
795	0.00444709868642
790	0.00252694267194
586	0.00905417591903
587	0.000669058211857
584	0.000709954936332
582	0.0
580	0.000745363345945
581	0.00122128256442
589	0.00117314194527
245	0.00179807552569
246	0.00168053042239
249	0.00384609057484
924	0.000698956887073
510	0.00349115743692
513	0.00242785260268
1004	0.000695607777808
515	0.000605902016165
514	0.00429039368011
1001	0.00198094931719
516	0.00135706772296
623	0.000647868429434
622	0.00616689413141
450	0.00850167288454
629	0.0124010049221
454	0.00260619688658
178	0.011748418837
595	0.0024973367522
175	0.00199091443833
173	0.00184603750024
171	0.0
170	0.00066113436816
977	0.00696639605888
517	0.00437622198073
971	0.00147617434956
978	0.00429705848088
656	0.00135313929064
657	0.000611559823367
654	0.00205748716113
2	0.00191699686587
186	0.00375159317375
184	0.00246418637989
189	0.00355333623597
658	0.00222212190303
659	0.00119765194887
10	0.000611559823367
13	0.00281684752008
14	0.00432246534855
17	0.000733277473913
16	0.00124779048086
19	0.00127766498844
18	0.000649389784108
862	0.00123278969575
865	0.000647868429434
866	0.000578371612361
947	0.0
881	0.0013960555739
880	0.0
887	0.000610495463276
322	0.00379580671916
323	0.00364842309225
321	0.000505008188139
326	0.000647147822994
327	0.00274786147309
324	0.00147109927455
325	0.000650094096523
329	0.00178812047464
775	0.000653749777247
774	0.0
777	0.00066113436816
771	0.00403585052119
770	0.00240755811561
207	0.00583454173136
772	0.000640083162152
77	0.00297788149822
75	0.00705207446643
74	0.00180128781896
78	0.00123278969575
663	0.00324226307807
662	0.00253134175696
661	0.000591637746209
660	0.00059137802069
692	0.00187039555171
693	0.00305970054999
697	0.00301740357784
698	0.00360198358846
542	0.00301281958027
543	0.00148473985504
540	0.00480161591442
541	0.00380253981976
546	0.00189053767036
547	0.00640012106089
544	0.000733277473913
549	0.000603433994565
994	0.000907573376867
997	0.000640083162152
996	0.00388088772089
991	0.00255087493953
990	0.00162529492043
868	0.00181368895194
999	0.000650094096523
120	0.00388573358721
122	0.00121735650627
125	0.00124439503692
126	0.00239683841802
127	0.00651837018942
415	0.00362808505548
416	0.0116372893344
410	0.00158458756285
413	0.00121073087392
920	0.00327245134686
921	0.000695607777808
922	0.00059521380276
923	0.00610932445897
418	0.00265745544741
925	0.00127002418049
926	0.0
499	0.00329910025054
319	0.00143024819772
318	0.0016807911897
313	0.00744891218665
311	0.00119319037583
310	0.00215787218467
316	0.0233670227502
832	0.00383642782144
837	0.00349836801559
838	0.00144995629329
369	0.00121673798052
364	0.0
365	0.00066113436816
362	0.0029866851454
360	0.00145379048478
380	0.00066113436816
381	0.00275181912717
383	0.00305947288803
388	0.0008640468748
784	0.000562650648431
780	0.00107129328803
782	0.00241834840619
783	0.00418351436157
789	0.0
573	0.00300552198826
577	0.000605274399782
576	0.000630848987761
575	0.00417135513753
61	0.00362186824784
62	0.00298909060114
152	0.00120245481353
65	0.000604214355251
67	0.00460000604404
250	0.00125201306964
251	0.000653749777247
256	0.0056195312979
731	0.00221156382849
732	0.000617346703732
737	0.000661511263764
506	0.00589982756462
738	0.00724457429319
502	0.00257260289694
500	0.00425453518765
630	0.00291694732915
631	0.00145379048478
633	0.00253476903181
469	0.00332325440272
465	0.000634240450637
927	0.0116621148362
462	0.000646483768368
901	0.00057338943399
168	0.00777663467123
169	0.000621905928227
165	0.00442153526862
166	0.00297442027388
167	0.00272967981099
160	0.0029128473502
966	0.000613289803352
963	0.000771575266829
969	0.000695607777808
935	0.00123039479265
908	0.000597163955112
909	0.000588059744109
879	0.00373741671589
873	0.00183441870809
890	0.000619634046294
891	0.0136581113034
896	0.00130080625865
898	0.00068349698027
646	0.00121225752515
356	0.00654999805344
808	0.000683743737831
353	0.00214451993115
803	0.000623965858911
802	0.00120644231564
216	0.000949422230241
214	0.00648280632195
769	0.000656135462557
212	0.000647868429434
762	0.00300617978775
955	0.000594248982933
761	0.0013960555739
767	0.00183965288446
764	0.000597974650841
765	0.00363828210995
956	0.00193096125164
4	0.00057338943399
280	0.00218868006297
679	0.000505008188139
674	0.000592713157849
676	0.00124439503692
260	0.00297788149822
267	0.00578017947693
266	0.00297788149822
264	0.00059790456062
268	0.00453554212184
56	0.0
53	0.00125136230486
52	0.00180846150351
537	0.00068349698027
535	0.00303412023065
534	0.00431398664568
532	0.00190207981592
531	0.0036045064556
530	0.00209567261239
538	0.00123278969575
988	0.000921892609477
200	0.00443601527026
980	0.000578371612361
987	0.00334243645805
984	0.00245142381638
117	0.00064704849021
111	0.00300994519511
113	0.00121659298483
112	0.00437481911315
119	0.00317825857075
118	0.00124911805429
429	0.00267141442453
428	0.00364513346121
918	0.00059604147409
421	0.00271885455576
423	0.00334451852384
916	0.000578371612361
424	0.00440670685164
427	0.0011914697082
912	0.0126740611884
301	0.000926380479558
302	0.000733277473913
305	0.003030031399
306	0.00296986087609
847	0.00161012413631
846	0.00370095013398
844	0.000505008188139
843	0.00066113436816
840	0.00119587921146
849	0.00133014247847
823	0.00182140105787
568	0.0
569	0.000733277473913
754	0.00244388757155
561	0.00296909282819
565	0.00152930844871
566	0.000647147822994
739	0.00290711373073
229	0.00235462493324
228	0.0024636521816
223	0.00108354705678
220	0.00127105544882
727	0.000681247770191
722	0.000611929907491
723	0.000461678384878
720	0.00334146229409
605	0.0024982372849
607	0.00314931335088
606	0.00231438740861
157	0.0
602	0.00299660749653
159	0.00641344607633
609	0.000640083162152
83	0.00113237494118
48	0.0024942828321
951	0.00136125581181
950	0.00215355047078
952	0.00222763673069
42	0.00122758542122
40	0.00204505676923
41	0.000934008780829
638	0.00194610472682
5	0.0019566479158
485	0.000611929907491
483	0.00140386684482
482	0.00207964487168
472	0.00480390654519
470	0.00187149784686
478	0.00312762731484
