344	0.00506870006481
0	0.00301241012312
347	0.00283615672237
343	0.00406731909404
812	0.00165860321761
817	0.00175141081275
719	0.00078978267189
713	0.00331115306432
712	0.00242782171093
710	0.00148789150133
421	0.00521993156456
294	0.00085793566869
295	0.00148789150133
290	0.0
291	0.00460795075638
591	0.00453868871339
590	0.00067975687319
592	0.00540025552575
199	0.00199292237978
599	0.00450351829017
196	0.00122359718529
193	0.00174728350993
272	0.00121163357301
275	0.0
277	0.0020698226878
278	0.00100528205944
526	0.0035748689794
522	0.0
528	0.0010628902506
443	0.00243292394161
440	0.0
447	0.000858499457118
107	0.00513104547009
104	0.00168225025362
105	0.00413249827986
900	0.00121163357301
38	0.00190918834149
904	0.0
31	0.00508897799084
30	0.00257208391709
35	0.00349085917288
643	0.00172962777911
644	0.000728922677307
438	0.0
439	0.000866697424046
648	0.00253624485036
435	0.00273177344788
338	0.00232073227382
335	0.00252524224199
334	0.00277352249244
333	0.00148789150133
332	0.000953198890355
854	0.00170550119964
855	0.00241765933917
857	0.00840676785245
850	0.0011305148143
851	0.00157049045474
858	0.00180801818757
6	0.00148789150133
98	0.0122625254972
91	0.00211743250859
90	0.00396385389376
92	0.00152610597126
740	0.0
742	0.00342671408545
743	0.000865481625983
558	0.0
746	0.00443658575723
557	0.00432796319947
550	0.0
553	0.00102197769593
236	0.0
230	0.00067975687319
231	0.00842278900106
232	0.00518349687399
233	0.00338339447429
147	0.00823274766383
142	0.00349937942406
612	0.00154468355425
614	0.0
949	0.000866697424046
947	0.00293582736987
517	0.000875737985353
685	0.00516185707426
684	0.0
687	0.00296723076388
686	0.00067975687319
133	0.0017424354094
132	0.000765439792262
137	0.0
136	0.00681861132102
135	0.00363753945208
134	0.00331115306432
495	0.0029249784491
497	0.000741534635607
491	0.00196738982867
493	0.00176685079183
24	0.00176685079183
25	0.0
27	0.00067975687319
401	0.0085732462921
933	0.00067975687319
936	0.0
409	0.00148789150133
379	0.00145023946193
374	0.001032160643
377	0.000883045319212
707	0.00220487680461
700	0.00153226756304
702	0.000795107679664
703	0.00121445013865
83	0.000531291234915
399	0.0
398	0.00242782171093
86	0.0012188327926
796	0.000823061635226
795	0.00525064815996
790	0.00408840865034
586	0.0126406514952
582	0.00232822266755
581	0.00362375895603
589	0.0
245	0.00360602581356
246	0.000823061635226
241	0.00175141081275
249	0.00148789150133
248	0.000664776123089
818	0.0
510	0.0
1004	0.00136544407509
1003	0.000865481625983
1001	0.000741534635607
516	0.0015585043158
458	0.0
622	0.0
450	0.0193522686659
629	0.0333843287225
454	0.00902194451965
178	0.0281122473358
175	0.0
171	0.00237247397921
170	0.00120819424851
977	0.00523152203997
976	0.00148789150133
972	0.00067975687319
656	0.0
654	0.00137383299539
2	0.00341553987812
184	0.00134827956928
185	0.00101377471575
188	0.00679252441829
189	0.0044372120516
658	0.00176685079183
659	0.00120129107634
650	0.00078978267189
868	0.000865481625983
14	0.0024022190704
17	0.0033828741514
862	0.00733656516946
865	0.0
867	0.000623909439478
881	0.000747649513087
880	0.00109820704151
885	0.000865481625983
322	0.00102806548909
323	0.0
321	0.0
326	0.000865481625983
327	0.0
329	0.00240606930871
201	0.00102197769593
774	0.00147661884428
771	0.00354399908308
770	0.000875737985353
773	0.00120632167363
209	0.000875737985353
208	0.0
779	0.00403740891556
77	0.00172506649316
75	0.00107681702981
78	0.00426322185263
663	0.00078978267189
662	0.00121163357301
660	0.00120335544178
692	0.0056985595317
693	0.00299795874698
697	0.00603887933398
698	0.00719043495889
542	0.000846449232875
540	0.00602400040359
541	0.00121409877472
546	0.00140832619917
547	0.00175141081275
994	0.0045915021782
996	0.00367435525869
991	0.00280196042945
990	0.00686379445501
120	0.00140832619917
122	0.00169317707971
125	0.0
126	0.00347248467713
415	0.00352281118546
416	0.0191708652416
410	0.00477206833323
920	0.0056105065563
923	0.00211366399874
418	0.00250261795592
925	0.00361965158626
926	0.00067975687319
927	0.00194129913102
319	0.0
313	0.000846449232875
311	0.00120819424851
316	0.00760209502594
832	0.00337237778982
830	0.0
838	0.00494543082206
360	0.00176685079183
381	0.0
383	0.0
388	0.00215096662915
787	0.000786287201423
782	0.00520668795704
783	0.00213017631208
789	0.00153226756304
151	0.0
573	0.00176319021443
572	0.00134772581844
577	0.00067975687319
153	0.000741534635607
575	0.00344454726988
61	0.00261918471092
62	0.00154468355425
65	0.000868984128101
67	0.00173944836013
69	0.00101377471575
253	0.0
499	0.00319440503535
731	0.0014499060961
732	0.00151523750591
737	0.0
506	0.0020169066384
738	0.000679112987571
502	0.0132143148478
500	0.00382910808908
630	0.00311513036112
631	0.00176685079183
633	0.0
469	0.0226238110587
638	0.00119950820994
464	0.000623909439478
466	0.00134772581844
462	0.00252941410348
168	0.0183221326619
165	0.014726640861
166	0.00434969893025
167	0.0109352239864
160	0.00719090535453
935	0.0011083819393
908	0.000843126563079
879	0.0
873	0.00119868052349
891	0.00719090535453
646	0.000765439792262
356	0.0158638388657
355	0.00138664790583
802	0.00121163357301
216	0.0
214	0.00403265151677
762	0.00345793982905
761	0.00151124452423
767	0.00299795874698
764	0.00236233899554
765	0.00509605829074
957	0.00175141081275
41	0.0
4	0.00359358166317
281	0.00168757248349
280	0.00503450091851
285	0.00067975687319
674	0.000865481625983
676	0.0
670	0.0020001070909
260	0.00339442075298
267	0.00177285931595
266	0.000866697424046
268	0.00111108692481
58	0.0
53	0.00107965400791
52	0.00260791703538
534	0.00618462811565
531	0.00213277545318
530	0.0035748689794
538	0.00281331575653
988	0.00170873176473
200	0.00683717198991
984	0.00349982108984
117	0.00223533555928
111	0.000865481625983
112	0.00174634759506
119	0.000810854802708
118	0.000623909439478
207	0.0138336745957
256	0.00170550119964
429	0.00460795075638
428	0.0117932842884
918	0.0
915	0.00517048502912
423	0.000728922677307
422	0.00288520004713
424	0.0104950643277
912	0.0103714668141
301	0.00175141081275
305	0.00260080447851
306	0.00359790453914
847	0.00508897799084
846	0.00355379332309
840	0.00119868052349
849	0.0
568	0.00721155143002
752	0.0
561	0.00355379332309
758	0.0
565	0.0
566	0.0
228	0.00302015906437
223	0.00204184020483
724	0.00331346827559
723	0.0
720	0.0
605	0.00609113180917
607	0.0140192041273
600	0.0
157	0.00107681702981
602	0.00381122225346
159	0.00397099486235
48	0.0
951	0.00231516704146
950	0.00105665485372
953	0.00176685079183
952	0.00169804231636
955	0.00361840038579
954	0.00175141081275
40	0.00536875131148
956	0.0
5	0.000978129394974
488	0.00145023946193
483	0.00180801818757
482	0.00147473898717
472	0.00431780857763
470	0.00148789150133
471	0.0
479	0.0
