344	0.00384400284587
0	0.00272861722092
347	0.00194837172299
343	0.0
812	0.00078725952692
718	0.0143938854042
716	0.00179819642369
713	0.0029286607574
712	0.00160856862323
710	0.00435322789883
915	0.0191917261653
295	0.000914301673193
290	0.0018106272327
291	0.00490914078924
591	0.000900724485132
590	0.000974760312545
592	0.00578011032987
595	0.00176008661754
594	0.000916141102629
596	0.0016454598011
599	0.00182240224489
197	0.00179043477777
190	0.000956237550679
193	0.00368626558467
272	0.00259037371231
274	0.000956237550679
275	0.00273419736623
277	0.000974760312545
278	0.00272449432115
526	0.00197297705305
522	0.00179551275593
443	0.00547811650987
440	0.000891162378244
447	0.000869894414403
103	0.00419397187444
101	0.000859111594768
106	0.0
107	0.00365548015636
104	0.00267207980899
900	0.00171187160265
38	0.00161189491042
904	0.000898715600954
31	0.00574850331984
909	0.000920725593022
34	0.000932463498844
641	0.00281486404419
643	0.000957825958099
644	0.00089364803207
647	0.00192154420466
648	0.000859519497781
435	0.00417371109058
432	0.00329643295002
433	0.000945171518244
338	0.00188812478397
335	0.00172100333994
334	0.00275616995996
337	0.0
333	0.00182402178578
332	0.00154227619968
855	0.00746705096367
857	0.00478018674893
851	0.00112957105272
852	0.000923063743899
858	0.00171782902879
6	0.00363354137787
98	0.00489814396564
90	0.0045004178875
92	0.0028844004847
95	0.000945171518244
740	0.0
742	0.00547199459808
743	0.00543186974457
558	0.00200807942338
746	0.00721200914031
557	0.000847574199206
553	0.00181264757857
552	0.0
239	0.000899975986741
236	0.00267534527063
230	0.000974760312545
231	0.0037750164036
232	0.00254795833284
147	0.0136484001779
618	0.000627731710766
142	0.0028844004847
141	0.00277466094914
617	0.00182730507717
614	0.0
1004	0.00268552810397
948	0.000869894414403
947	0.00254686141503
942	0.000916141102629
940	0.000923063743899
685	0.00382518960635
684	0.00183247682078
687	0.00273225421834
686	0.000974760312545
680	0.0018353721646
137	0.000915736989634
136	0.00384218774019
135	0.012842101803
134	0.00194503005985
139	0.00164372549106
497	0.00088511040152
493	0.00194179281629
24	0.00194335362147
25	0.000648577989561
27	0.000974760312545
28	0.00283022069558
29	0.0026254157552
407	0.00175277031677
401	0.00589868200445
933	0.00292185478953
936	0.00275119455903
409	0.000914301673193
408	0.00287042196225
379	0.000816609276471
378	0.00166958393959
371	0.00183920484653
372	0.0
377	0.00366757763355
704	0.00182021302074
706	0.000882149375217
700	0.00254689962
702	0.00178814951995
703	0.000916141102629
176	0.0130013136483
82	0.000916141102629
181	0.0
86	0.000912506068916
796	0.00089450148788
795	0.00399812048689
790	0.0039533437946
586	0.0148156906773
585	0.000847574199206
582	0.000945171518244
581	0.00553150205458
588	0.00187276813258
245	0.00281665934929
249	0.00362684600954
248	0.000943679963651
924	0.00089364803207
511	0.000945171518244
512	0.0027482571816
514	0.00418104685179
1001	0.00363606521443
516	0.0
458	0.00210160032759
450	0.00835946702569
629	0.0166892047648
628	0.000916141102629
454	0.0097896960341
199	0.00089364803207
175	0.00274441751458
173	0.00089364803207
171	0.000974760312545
170	0.00278669316487
977	0.00443053508743
976	0.000914301673193
972	0.000974760312545
971	0.00288665614256
978	0.0
656	0.00101941911144
654	0.000916180681448
2	0.00248182435219
187	0.00408059312252
650	0.0
188	0.00338768132318
189	0.00362987810702
658	0.000983966858194
659	0.000919485700655
184	0.00172811585027
11	0.000891719176818
868	0.000847574199206
15	0.000916510614539
14	0.00358047291184
17	0.00192154420466
16	0.0
862	0.00181427765993
865	0.00183061887209
882	0.000923063743899
881	0.0
880	0.00195889647254
886	0.0
569	0.0210360959247
322	0.0
320	0.000886874518505
324	0.000923063743899
329	0.000927596614334
774	0.000846511055807
777	0.0
776	0.000923063743899
771	0.00185757426405
773	0.000945417620317
772	0.00182778821541
209	0.000981367866886
208	0.000891162378244
779	0.00260294907913
77	0.00168345706571
75	0.0036605114294
74	0.00257474844989
78	0.000914301673193
663	0.0
662	0.00528271600224
692	0.00542913953722
693	0.00181350190986
696	0.000916693917514
697	0.0065721167361
695	0.000832974711054
698	0.00566798727412
699	0.00084682291015
542	0.00277188382746
543	0.00192154420466
540	0.00674619823202
541	0.00262375305059
544	0.000923063743899
995	0.000927596614334
994	0.002769786616
991	0.00181301727415
990	0.00192154420466
120	0.000869894414403
126	0.00174891107344
127	0.00357804287719
414	0.000983966858194
415	0.00302889776775
416	0.00430882709902
410	0.0
920	0.00187930129458
921	0.00089364803207
923	0.00892920417244
418	0.00088511040152
925	0.00188350618371
926	0.000974760312545
499	0.00126926076967
319	0.000648577989561
318	0.00143041583623
311	0.00469103481022
310	0.00170601911765
316	0.0182275141996
832	0.00256157508661
830	0.00092118846901
836	0.000927596614334
835	0.000923063743899
838	0.000963637137825
364	0.000945171518244
362	0.0039203912297
360	0.00197297705305
361	0.000945171518244
952	0.00288447362161
380	0.000800252017504
381	0.000873162933168
383	0.0
388	0.000807600787816
780	0.000833459236342
782	0.0025800914222
783	0.00182373580964
788	0.0
789	0.000945171518244
572	0.00164958398753
577	0.000974760312545
61	0.00179551275593
62	0.000923850190889
66	0.0
67	0.00289417393825
68	0.00187276813258
250	0.0
251	0.000945171518244
157	0.00282910050624
731	0.00184496189787
732	0.000893395913372
737	0.000913554653322
506	0.0116250859975
738	0.00274998333484
502	0.00272581711482
500	0.00170211988538
630	0.00561466672844
631	0.000983966858194
633	0.00372079391046
469	0.00811686215817
638	0.00162245460718
927	0.000964537035504
168	0.00680095778315
165	0.0114607163538
166	0.00180878090776
167	0.00214899016416
160	0.00276759949304
161	0.000869894414403
966	0.000973611410449
963	0.00194758895741
935	0.00179808464457
934	0.0
879	0.0
872	0.000945171518244
873	0.00282715129835
870	0.000916141102629
891	0.00406407045846
898	0.000874006786913
809	0.000945171518244
802	0.0016454598011
216	0.00131178586385
214	0.0313934093502
769	0.000927596614334
763	0.000899200236669
761	0.0
767	0.000914301673193
764	0.00281665934929
765	0.000923063743899
4	0.000916141102629
280	0.00295761004384
285	0.000974760312545
670	0.00180165622029
260	0.00170709369699
267	0.000832225470972
264	0.000869894414403
268	0.000980493024341
58	0.000869894414403
56	0.00471336303896
53	0.00282636653653
537	0.00267534527063
531	0.00186748602105
530	0.00292644971354
538	0.00360244980497
200	0.00384623617796
980	0.000913447341898
987	0.0283735952554
984	0.000982443050126
117	0.000980493024341
111	0.000898210558658
207	0.00573376014876
429	0.00393051192898
428	0.00670137511487
421	0.0020561438733
423	0.00602719328176
422	0.00187608068079
911	0.000894360541734
424	0.00606589211154
427	0.000945417620317
912	0.00083886104699
308	0.000974760312545
302	0.00192154420466
305	0.000889391575658
306	0.00552035716841
847	0.0018998100302
846	0.00197691654127
844	0.000923063743899
843	0.00355252200499
840	0.00188906273495
849	0.00276899106735
568	0.0032804209755
752	0.0
754	0.00180898971001
561	0.00295761004384
563	0.000922192262483
229	0.00181969552397
228	0.00182799013398
227	0.0
220	0.00275616995996
727	0.000882149375217
724	0.00360040254981
720	0.00460539524135
605	0.00182799013398
150	0.00091347971996
607	0.00548427169968
152	0.000912506068916
603	0.000882149375217
602	0.00176399300363
159	0.00635813651752
609	0.00282955011263
48	0.00458521792479
951	0.00441623963769
950	0.000833459236342
953	0.00192154420466
45	0.0
955	0.00567662005774
954	0.00164508989642
40	0.000812485090049
956	0.00134367793857
488	0.000816609276471
483	0.00180242441171
482	0.00469286382572
470	0.00364029727991
471	0.0
479	0.000869894414403
