344	0.00311696628634
0	0.00133914226287
346	0.00044268758998
347	0.0
343	0.000875178077775
810	0.000883497288225
811	0.000885275562434
812	0.00088158998391
813	0.00220681315626
814	0.000440874695746
349	0.000889167953468
817	0.000895029171836
719	0.0017621943697
718	0.00575546533708
716	0.00309855586688
715	0.00176128954356
713	0.000442835999456
712	0.00132543550285
710	0.00178543952354
915	0.0142195907858
910	0.000442658363723
913	0.000840726684141
299	0.0013166079449
294	0.00308148466595
292	0.000442528626932
293	0.00222358548688
290	0.000884761904068
291	0.000442825886172
591	0.000885945885796
590	0.0
595	0.00444059584895
198	0.000443148423256
599	0.00267987810942
194	0.00044268758998
197	0.000881413935216
196	0.00354581165343
191	0.000443148423256
190	0.00445181761566
193	0.00309312181266
192	0.000442792730624
272	0.000441186986345
273	0.000445110623177
274	0.000890956139933
275	0.0013200124476
278	0.00309542313786
524	0.00044268758998
526	0.000890423271196
527	0.00133491061801
522	0.000443226958506
523	0.000879621966784
528	0.00397883609035
443	0.00176220300851
441	0.000885808941797
447	0.000879949460835
444	0.000839546032864
109	0.000438982109405
103	0.000441443310463
101	0.00132579044236
106	0.000873135535742
107	0.00928795462248
104	0.0057209661282
105	0.00131852013557
900	0.00132682909079
38	0.00176779038998
906	0.00174693492043
907	0.0013252091282
904	0.000442746898875
32	0.00133372885784
31	0.00266874738254
30	0.000439718736066
35	0.002233353451
641	0.000439631310893
643	0.000442792730624
644	0.00220897416711
647	0.00177796451616
439	0.00131862553155
648	0.00440114429915
435	0.00176284898846
432	0.000882318900873
433	0.00176071119422
338	0.0022003244691
335	0.000442230552629
334	0.0044314887144
337	0.000442747446321
336	0.000878590604135
333	0.00178545146888
332	0.000881447888664
744	0.0393979235866
745	0.000883712272277
854	0.000436065188624
855	0.00132412391129
857	0.00266833887596
850	0.00353205085251
851	0.00223317514013
819	0.000439386378095
858	0.000890639287382
6	0.00178238473487
99	0.00223292433024
98	0.00442826412573
90	0.00839344297074
92	0.000889167953468
95	0.000439631310893
96	0.000875445623565
740	0.00044268758998
742	0.00753114022042
743	0.000883098465525
559	0.00175442945316
558	0.00489618261698
746	0.00265226724646
748	0.000439526666226
556	0.000439445515876
551	0.000851440991157
550	0.0
553	0.000442230552629
552	0.000447684745779
239	0.000890543387336
236	0.000884918142608
231	0.00264485005496
232	0.00660135439153
233	0.000880243879776
147	0.00220767375078
142	0.00311395874073
143	0.000445110623177
141	0.000891969008913
611	0.000441714964125
614	0.00178765308682
149	0.00133174786691
1004	0.00221246889954
948	0.00617376114848
949	0.00175768493538
946	0.00440902562878
947	0.000442905367529
942	0.00088521944625
943	0.00132851200195
940	0.0017702498357
514	0.00132177660477
517	0.00176420599638
684	0.000891017304055
687	0.00177148435641
680	0.00178009883815
682	0.00044140837585
132	0.000437960932956
137	0.00044126973668
136	0.00133461826608
135	0.00531043844051
134	0.00132543878191
139	0.000886608807772
497	0.000440798912077
493	0.00044268758998
24	0.00266623951909
25	0.000891221326711
28	0.000880158540856
29	0.000885328150896
407	0.000884814444197
406	0.00044268758998
405	0.000442528626932
404	0.00133474986479
402	0.000880019107103
401	0.00221688255931
400	0.00044268758998
933	0.0
937	0.000442788845077
409	0.00133790640857
934	0.00177662197211
379	0.000442905367529
378	0.00088261600798
829	0.0
828	0.000441024682297
371	0.000442047177453
373	0.00178424109284
372	0.00222405514263
377	0.000442637989738
376	0.00087939632271
704	0.00133651963368
706	0.000445110623177
707	0.00266483385063
700	0.00221527498535
702	0.000441541019701
703	0.000442882753251
393	0.000442126854217
392	0.0
391	0.00223176189084
390	0.000885761776734
176	0.00044268758998
82	0.00132830468296
181	0.00222802870566
399	0.000874052987795
86	0.000882210860303
85	0.000445644168634
796	0.000881172330594
795	0.00312571773129
790	0.00440344072431
799	0.000844723633348
798	0.00044268758998
586	0.00573488307945
585	0.00044275231884
582	0.000439631310893
583	0.00044268758998
580	0.000888752929122
581	0.00265151583829
589	0.000442047177453
245	0.00439884545609
247	0.000436649423835
246	0.00132538480817
241	0.000893453398769
249	0.0026725929744
248	0.00133260054652
924	0.000882457515534
518	0.00296381276961
510	0.00044342628128
513	0.000844073658042
512	0.000447684745779
1003	0.000442920741575
1002	0.000887176374029
1001	0.00132303260812
1000	0.000890809338247
458	0.000439063937909
622	0.00044268758998
951	0.00355948116053
624	0.000439644844071
450	0.000883446188868
629	0.00444167694553
628	0.000442528626932
454	0.00398608237632
457	0.000440189650386
178	0.00534623698163
199	0.000883123339975
175	0.0013234324128
171	0.0
170	0.00044268758998
977	0.00440945418663
976	0.00044672213563
974	0.00132011931456
971	0.00177652312885
654	0.000885281752557
979	0.000441654632096
978	0.00849851863663
656	0.00223000694349
180	0.0
2	0.00220730504909
187	0.000442905367529
184	0.000884588881643
185	0.000881524628932
188	0.00223433640672
189	0.0017786219154
658	0.000444314298484
764	0.00175857814994
868	0.00439513505593
13	0.000882291417894
15	0.00133563566663
14	0.00353319884879
17	0.000889167953468
19	0.000889878266868
860	0.000442929595477
863	0.00177016107283
862	0.00356897989799
865	0.000442594175745
867	0.000439862318769
866	0.000887455646605
883	0.00132456802043
881	0.00132419086195
880	0.0013293128999
886	0.000430241592669
885	0.0013202941352
752	0.000882130532661
889	0.000439311573773
888	0.00044465459965
929	0.00848132633751
322	0.000877709306791
323	0.000886793409716
320	0.000442230552629
321	0.00133326315192
326	0.00044104474252
327	0.000886524339896
324	0.0008837323325
329	0.00219822634654
759	0.000880255687678
688	0.00088723650433
201	0.000442230552629
200	0.00311166001272
203	0.00044268758998
758	0.000891385683483
771	0.000885710843914
207	0.00714172586617
206	0.000439928418001
208	0.000884918142608
779	0.000442126854217
77	0.00263940561531
75	0.00487444768394
74	0.00176298950778
72	0.000441695814273
71	0.000888875722344
70	0.00265716779616
78	0.000893397587812
669	0.000444746971397
668	0.00132546760356
664	0.000442230552629
663	0.00175036313722
662	0.00132194449403
660	0.00044268758998
692	0.00177343785325
693	0.00267890416126
696	0.000885880373611
697	0.00176719182093
698	0.000439631310893
699	0.000438864573937
542	0.000845484467754
543	0.000889167953468
540	0.00925461212584
541	0.00176427145887
546	0.0
547	0.00268227528762
548	0.00044268758998
994	0.000880158540856
996	0.00264141323331
991	0.00177416700815
990	0.00445776340939
993	0.000442537949459
120	0.0106342394749
122	0.000443226958506
125	0.00044268758998
126	0.00395857002963
127	0.00177204203472
414	0.000887282723552
415	0.0070828228888
416	0.00176339754488
410	0.000444464255769
413	0.000443278458992
920	0.00222426964966
921	0.0013255551138
922	0.000442047177453
923	0.00752489208532
418	0.000879247717124
925	0.000881354791154
926	0.00219888251201
499	0.00267182603696
319	0.000888834904785
318	0.000444569418454
313	0.000880513541689
311	0.000439631310893
316	0.0120013005342
314	0.00267948092211
861	0.00044425836453
496	0.00044268758998
832	0.00088232830477
833	0.00132510673025
830	0.000886660592401
837	0.00132313589937
838	0.00222458998488
368	0.00044268758998
369	0.00125872493526
367	0.000442594175745
364	0.000443097598267
365	0.000880773578879
362	0.00222083469255
360	0.000888796562692
361	0.000439631310893
381	0.00265676047327
383	0.00177076228779
388	0.0026296974116
784	0.00221430230217
786	0.000445744675059
780	0.00132341492006
782	0.000882696248197
783	0.00176694621852
788	0.00131307118058
789	0.00176117507693
151	0.000442167728324
573	0.000439657071934
572	0.000440503469005
577	0.0017574033848
153	0.000440798912077
575	0.000440874695746
61	0.00310213807111
62	0.000855322771278
152	0.000883692646095
65	0.000441821552451
67	0.00267559030904
68	0.000880158540856
250	0.00215451936597
251	0.000439631310893
256	0.000438864573937
254	0.00044268758998
939	0.00221487304544
731	0.00311269335472
730	0.00263861055935
735	0.00044268758998
509	0.00132145275821
506	0.00398781587269
738	0.00352923051379
505	0.000885456187785
502	0.0057938076169
500	0.0035279343204
630	0.0022333200422
631	0.000446108972712
633	0.00309833123979
469	0.00804555675303
638	0.000886419691263
464	0.00132661395688
460	0.00044268758998
168	0.00615492964753
169	0.00133599250852
164	0.00132873124708
165	0.00489752585287
166	0.00308349733557
167	0.00268312099128
160	0.000444314298484
161	0.000884560791048
962	0.00176200420262
963	0.000888871123961
935	0.00176685357141
909	0.000894295164085
878	0.000446675452182
879	0.000881265819108
874	0.0026392378194
872	0.000439631310893
873	0.000879262114171
870	0.00132835545854
871	0.00044268758998
890	0.00264818899119
891	0.0026631220267
893	0.00177256288202
895	0.000421199398488
898	0.000442230552629
899	0.0
646	0.0017017458466
356	0.00790357690373
809	0.000439631310893
353	0.00178060477903
803	0.00044268758998
802	0.000441186986345
807	0.00044268758998
359	0.000446925013362
804	0.000439707811773
216	0.00044520242652
214	0.00885179909595
210	0.00044268758998
762	0.00132397687257
763	0.000442594175745
761	0.001319837551
767	0.00223311111326
218	0.00044268758998
765	0.00351918134861
957	0.000895029171836
956	0.00222789483918
289	0.0
288	0.00267889816521
4	0.000442853218583
281	0.000885089457819
280	0.0120375943666
283	0.000441695814273
282	0.000440332934814
284	0.000444840579627
679	0.00133568488946
674	0.0
676	0.00044268758998
670	0.00177180166094
671	0.00132751284455
672	0.000891285019117
260	0.000879374347103
267	0.00442169653421
266	0.00263716330823
264	0.00176333399122
269	0.000440094730181
268	0.00221406520159
58	0.000447506665719
56	0.000880158540856
50	0.000438314077134
53	0.00177053552963
52	0.000439657071934
537	0.000442230552629
535	0.000836906657257
534	0.00221993882621
532	0.000442591728682
531	0.000881678488346
530	0.00266869390631
538	0.000893397587812
775	0.000443097598267
988	0.00178881881215
980	0.000884977451504
777	0.00044268758998
984	0.00264243619559
985	0.000442230552629
114	0.000439758549704
117	0.000885661885628
776	0.000441695814273
113	0.00172544231985
112	0.00308431689967
118	0.000442230552629
773	0.000446818105011
772	0.00443126051186
429	0.00177187510462
428	0.00266634359304
919	0.000436649423835
918	0.000891387976942
421	0.00223246496211
420	0.000875674303235
423	0.00264931568556
422	0.00222675294887
425	0.00702713184173
424	0.00178793300494
427	0.000439386378095
912	0.006164537824
309	0.000886191309282
300	0.000442882753251
301	0.00312765236399
302	0.00178128242351
304	0.00132849359393
305	0.000440794805623
306	0.00265637422979
307	0.00044268758998
846	0.00133913983796
844	0.00356466104013
843	0.00353727146519
840	0.00263946081194
853	0.000443263906686
849	0.00131935112687
823	0.00175265759136
568	0.00177150104654
569	0.00044672213563
751	0.000442166950376
750	0.00133765174611
560	0.00044268758998
561	0.000892773130141
562	0.00044268758998
563	0.000444840579627
565	0.00222777146305
566	0.000886327670251
987	0.0136360729485
739	0.000445110623177
229	0.00533182361972
228	0.00178360370376
226	0.000440527229963
225	0.000445110623177
224	0.000889167953468
220	0.00132893220424
88	0.00174895523606
727	0.0
724	0.00176853510861
722	0.000865065200248
723	0.000891292501339
720	0.00353510133588
721	0.000439952264592
605	0.00848217203491
150	0.000444057620058
607	0.00132785109855
606	0.00044268758998
601	0.00174821936988
600	0.000445640850483
157	0.000887643025679
602	0.00131825755889
159	0.000443032928375
609	0.00442994109049
634	0.000437331517123
48	0.00133645018873
46	0.00044268758998
950	0.00308088313429
953	0.00177980416179
952	0.00177652312885
42	0.00044268758998
954	0.00267938224241
40	0.00308903621327
41	0.000891292501339
5	0.0013278789631
489	0.000881001667114
485	0.001745478936
484	0.00178666695205
482	0.000878858759758
480	0.000439631310893
955	0.000880158540856
472	0.00307901646118
470	0.00088940972561
471	0.00310753870549
474	0.000443008782789
478	0.000442166950376
