344	0.00244286404937
0	0.00120755477955
343	0.00241601735348
810	0.00172816395135
812	0.00291059609877
813	0.000600266532827
349	0.00243534118874
817	0.00181466494639
719	0.000594332948672
718	0.00780332358204
717	0.000615180776664
716	0.00120217510745
715	0.0
713	0.000602956038064
710	0.00120737495925
915	0.0152316278949
299	0.000599559797835
294	0.00475449923521
295	0.000603585403284
292	0.000602055277443
293	0.000603284155961
291	0.00120365489155
591	0.00300000100161
590	0.0
592	0.00359636109569
199	0.000581089054159
599	0.0018103202643
197	0.000600151619694
196	0.00119522350858
191	0.000600151619694
190	0.00365206805928
193	0.00120286716364
192	0.000576865709207
271	0.000600266532827
272	0.0012049576329
273	0.000601467897599
274	0.0012207159294
278	0.000602264214362
526	0.000608414872152
443	0.0
440	0.00170834676009
447	0.004159168341
445	0.001217840571
444	0.00116597824277
103	0.0035156737315
106	0.00119892490318
107	0.00295552084156
104	0.00178398188893
105	0.00115592507471
900	0.000601275422898
38	0.00241111759061
907	0.00059171176446
32	0.00300883112108
31	0.00182808565827
30	0.000594938423392
35	0.00122146587576
641	0.000597398283076
643	0.000573264459437
644	0.00118527287475
647	0.00121620742353
439	0.00118750149134
649	0.00120748449203
648	0.00118772995188
435	0.0029768003465
432	0.000597398283076
433	0.00179298268564
339	0.000603585403284
338	0.00119531505958
335	0.0143616277215
334	0.0108183229637
337	0.00301129293275
333	0.00120663031967
332	0.00355437692144
854	0.0116934605781
855	0.00180455638531
857	0.000610080249233
850	0.00120055062906
851	0.00243349362776
6	0.00119866648391
98	0.00179389393317
91	0.00179213760669
90	0.00422460714528
92	0.000610080249233
95	0.00119886618068
96	0.0
740	0.00119834473578
742	0.00901539490869
743	0.00236782017585
559	0.0
558	0.00173306521577
746	0.00480076111758
557	0.000601467897599
556	0.00117664242395
551	0.00348838651097
550	0.000607501506852
553	0.000573264459437
239	0.00241487030736
235	0.000593059314578
236	0.00290999013532
230	0.000601203772087
231	0.00478360300119
232	0.00415274489369
233	0.000601098953471
147	0.00239776086924
142	0.00121004294755
143	0.000606127174302
141	0.00121170735966
1004	0.00231311815557
948	0.00478051685619
949	0.00119040612258
946	0.0023733467641
947	0.0011899038078
940	0.000601251453888
514	0.00469318384509
688	0.00114633823615
685	0.0024068449581
684	0.00117500592806
687	0.00299647954049
680	0.00123460425973
133	0.000594085115832
132	0.0
136	0.00121814362654
135	0.00724622026588
134	0.000599558612223
495	0.000595577869129
139	0.0
497	0.000585447219268
493	0.00183081140784
24	0.00484411883989
25	0.000571779520673
28	0.000597398283076
29	0.000573264459437
407	0.00532821001701
402	0.000600439311422
401	0.00361852347446
936	0.00121028432333
409	0.000603585403284
379	0.000595577869129
378	0.001756735371
829	0.0
371	0.00241689677251
373	0.000609504131496
821	0.000583883906431
374	0.000576864399937
823	0.000583883906431
704	0.00119809063827
705	0.00059930018711
707	0.000608414872152
700	0.00405596438441
703	0.000605584996534
392	0.000594558638819
391	0.00122165038996
394	0.000583883906431
82	0.00120581293623
181	0.000609504131496
398	0.000602055277443
86	0.0
795	0.000612299310863
791	0.00060205866855
790	0.00468648613141
586	0.0107339812817
587	0.000601313335251
582	0.00119509938261
581	0.00181637521068
245	0.00239694861476
249	0.00181079460335
248	0.000601251453888
924	0.00178991737057
513	0.00232568087307
512	0.00121766602356
515	0.000602055277443
1002	0.00059930018711
1001	0.00353846809516
516	0.00230088543652
458	0.000571779520673
622	0.0
450	0.00236472850339
629	0.0121532882499
628	0.000604237036294
454	0.0030070676251
178	0.0132711958553
595	0.0024027601193
175	0.00116759740811
173	0.00180357963009
171	0.0
170	0.0012067913039
977	0.00879095556358
517	0.00416608733555
971	0.000610080249233
656	0.00182998454719
180	0.0
2	0.00176600821818
187	0.00178374495836
650	0.00119363313578
185	0.000610080249233
188	0.00121962667005
189	0.00595142783241
658	0.00121647824946
659	0.00120374997061
184	0.00059171176446
868	0.00475005186473
13	0.000573073776718
15	0.000619423483061
14	0.000594332948672
17	0.000610080249233
16	0.000594332948672
862	0.00241181984608
883	0.00119317966206
881	0.00172558808431
880	0.000578288660537
886	0.000584185745709
885	0.0053474591587
752	0.00177502289111
889	0.00118749254494
322	0.00120362269561
323	0.0
321	0.000568574551866
327	0.000576865709207
324	0.00420168659502
329	0.0
201	0.000573264459437
200	0.00244657465416
777	0.0011917390393
776	0.00180588886654
205	0.00059930018711
207	0.00427919489436
206	0.00117128815173
208	0.00172322349412
779	0.0011825241237
77	0.00297455079768
76	0.000594332948672
75	0.00360644955694
74	0.00594489428435
73	0.000568831388422
70	0.000604432127617
78	0.0012088150848
668	0.00180301057176
664	0.000573264459437
662	0.000594444207543
660	0.00060397451896
692	0.00240336884297
693	0.00120223536037
697	0.00180628375633
695	0.00119699847515
698	0.00418468135748
542	0.00297349325761
543	0.00122270712097
540	0.00238983853006
541	0.00359157856903
546	0.00121396097053
547	0.00121430013735
544	0.000602055277443
8	0.000615180776664
549	0.000604237036294
994	0.00298723777625
997	0.00240348963529
996	0.0017458489151
991	0.000603585403284
990	0.0018304429374
993	0.000602055277443
120	0.00959923298201
122	0.00482612638603
124	0.000583883906431
125	0.0
126	0.00297310748608
127	0.00361040147251
414	0.000606405077704
415	0.0024129962914
416	0.0113113232163
410	0.0124846692798
920	0.00243105438049
923	0.00240259169637
418	0.00174340067336
925	0.00119419354516
926	0.0
319	0.00115544658359
318	0.000592078419363
313	0.00356443695873
311	0.00119419354516
316	0.00182019890398
315	0.00120106622683
832	0.0011865031256
833	0.000603654437419
837	0.00179089011672
834	0.000601251453888
838	0.00244402460966
369	0.00350198221762
364	0.00119509938261
360	0.000608414872152
361	0.000597398283076
381	0.00520086166331
383	0.000601313335251
386	0.000574123821341
388	0.00181054545453
780	0.00234205712593
782	0.0118706082703
783	0.00179944670472
789	0.00179938139095
151	0.000578468919605
573	0.000593287133506
572	0.00119572948882
577	0.00300482628247
153	0.00117978016794
575	0.000594742973822
574	0.000595805813672
61	0.00599127106223
62	0.00290446088559
67	0.0048749975705
68	0.000597398283076
250	0.00292481087129
251	0.00119173123175
256	0.0035671174216
731	0.0042989420968
730	0.00118934910704
737	0.00114124815779
506	0.00180814993852
738	0.00180116219701
505	0.0012027058873
502	0.00780979754423
500	0.00118834888208
630	0.00366025669702
631	0.000608414872152
633	0.000600845031521
469	0.00305141934838
468	0.00231591046056
465	0.000581298815112
464	0.000573264459437
461	0.000601376913143
168	0.00770948840881
165	0.00304562678109
166	0.00596554770814
167	0.00182033255378
160	0.00121937591454
966	0.000592758517521
963	0.001813521628
969	0.000594332948672
935	0.00360712121155
908	0.0011896527365
909	0.000603284155961
879	0.000602084507002
872	0.000597398283076
873	0.00119512649148
870	0.00120581293623
890	0.010785523477
891	0.0048461813754
899	0.000573264459437
646	0.00290739992638
356	0.00774661499561
809	0.000597398283076
808	0.00114385713233
353	0.00182442174421
802	0.0005908706812
800	0.000579867885056
804	0.0011483987727
216	0.00113925622791
214	0.028282271327
769	0.00120726926779
762	0.00177268915674
761	0.00288215510414
767	0.000603585403284
764	0.00358668908525
765	0.00416561566342
956	0.00114590334201
288	0.00366291206178
4	0.00181279412985
281	0.000602055940514
280	0.00604609846543
284	0.000615180776664
674	0.00237645190338
676	0.0
670	0.00233767211952
671	0.000601251453888
260	0.00177237663542
267	0.00359864947368
266	0.000592758517521
264	0.0
56	0.00178820336111
53	0.00300684236268
537	0.00229565463465
535	0.00234136704032
534	0.00361624599413
532	0.00516864167331
531	0.00179592568989
530	0.00363604146455
538	0.00120456515774
775	0.00120330673133
774	0.000594653175997
980	0.000573264459437
987	0.017924929985
984	0.00237862768973
985	0.000573264459437
111	0.00178170140177
110	0.000593897514991
113	0.00116478296124
112	0.00297366279405
771	0.00541195260066
119	0.00115854623105
118	0.000573264459437
773	0.000596795262083
772	0.00540579266178
429	0.00120521201727
428	0.00607370035618
421	0.00060833171019
420	0.0
423	0.00117076897419
422	0.00185446569275
425	0.00297445642856
424	0.00182286081493
427	0.000596795262083
912	0.00356755619564
309	0.000603110938236
302	0.000610080249233
306	0.00301076520215
847	0.000612299310863
846	0.00243453718145
844	0.00233641087803
843	0.00177352258483
840	0.00179304326798
849	0.000597398283076
568	0.00238318194512
569	0.00180613020642
754	0.0011825241237
561	0.00243950628328
758	0.00287476054914
565	0.00058366706292
739	0.00060513357246
229	0.0011867730398
228	0.00241091109942
226	0.000567983698351
225	0.00119220129016
220	0.00120257373843
727	0.0
724	0.00120413396107
722	0.00116597824277
723	0.00170961720907
720	0.00480864797028
721	0.000594938423392
605	0.00361434735659
150	0.000603654437419
607	0.00777364823474
152	0.0
157	0.00239478563
602	0.00415987919391
159	0.00421822636511
609	0.00179693264209
976	0.00241902521546
83	0.00180792258863
958	0.0
48	0.00343622429753
951	0.00541099401212
950	0.00410097710856
953	0.000610080249233
952	0.00183467500165
955	0.00358181975271
40	0.000602055277443
41	0.000568831388422
638	0.000600439311422
5	0.00114385713233
485	0.00407304542836
483	0.000606127174302
482	0.00238632673679
480	0.000597398283076
472	0.0041522197348
470	0.000603585403284
471	0.000591340875042
474	0.00120355024966
