344	0.00196342129932
0	0.000914944155228
346	0.00276343243484
347	0.00200839688701
343	0.00302732082262
810	0.000426499466294
811	0.000444495480572
812	0.0026756321578
813	0.00088370867183
814	0.00044993667756
349	0.00192428241774
817	0.00346975147529
719	0.00122554951801
718	0.00447950260504
716	0.000923349920538
715	0.00120887713905
714	0.000453640309887
713	0.0017947128464
712	0.000493904835521
711	0.000444488957873
710	0.00229264622031
915	0.0140692868653
916	0.000448659260883
910	0.000443803598861
299	0.000954847135269
297	0.000448659260883
294	0.0018531143857
295	0.000457970010331
293	0.00278718705953
290	0.00226613616588
291	0.000447890020977
591	0.00177950141672
590	0.00446251512986
595	0.00320130203224
599	0.00273629994279
197	0.000868067307623
196	0.000457908189313
191	0.000890298636332
190	0.00191859058742
193	0.00272215744296
192	0.000844400258051
270	0.001262409012
272	0.00139160509201
275	0.000866794539035
277	0.00165143815524
278	0.00133590170286
526	0.00148037527704
527	0.000458640548141
523	0.000463403486284
528	0.00136830435295
443	0.00138423013842
441	0.000435909471441
440	0.000430710915166
445	0.000509138069003
444	0.000418522126402
109	0.000447761472819
103	0.000852464039352
101	0.00133050687666
106	0.000369394529644
107	0.0145372846155
104	0.000447825970017
105	0.000415928393735
900	0.000914914879698
38	0.000916491158251
907	0.000443316169399
905	0.000934000192714
32	0.00229249484806
31	0.00293283563661
30	0.00179443718476
35	0.0025050891467
641	0.000907233942065
643	0.000889272951848
644	0.00287044011139
647	0.00146550018851
439	0.000448279828129
649	0.000761466768952
437	0.000409463292711
435	0.000899286243311
432	0.00497979266557
433	0.000907233942065
339	0.000457970010331
338	0.00185149042919
335	0.00127852999559
334	0.00889772037667
336	0.000807439108824
333	0.00274149986688
332	0.000899286243311
745	0.0016321502011
854	0.00265140639333
855	0.00227800164214
857	0.00294139446804
850	0.0115011494616
851	0.00594170251142
853	0.000431635951212
858	0.000436187614955
6	0.000914944155228
99	0.000457970010331
98	0.00268049274876
91	0.0013411304424
90	0.00492511927976
92	0.0019514917991
95	0.000454703117704
742	0.00091502572409
743	0.000450055220355
559	0.000876976030753
558	0.0022756341197
746	0.00575285043809
748	0.00160489469514
556	0.000448279828129
551	0.00130171379898
550	0.000886550825553
553	0.00085178017836
552	0.0100032688123
235	0.000448659260883
236	0.000850530182055
231	0.00274169048964
232	0.00358103738655
233	0.000448170173376
147	0.0069103035252
142	0.00195607891739
141	0.00100774996559
613	0.000447422381026
617	0.00134356793012
614	0.00151243068091
149	0.00184492468794
1004	0.00127999574524
948	0.00543167993153
949	0.00179439421407
946	0.00134608447772
947	0.000910741249471
945	0.000818605413135
942	0.000447819556378
943	0.000431635951212
940	0.000453234912807
517	0.00267469909988
685	0.00231106820106
684	0.00173414109673
687	0.00135047464273
1000	0.000405632105092
681	0.000448659260883
680	0.00185020617176
682	0.00163290937897
133	0.000893250057589
130	0.000913471056219
136	0.00195575275028
135	0.00672169935826
134	0.000896515139127
491	0.000903271495558
493	0.000986545411694
24	0.00245419368412
28	0.000454703117704
29	0.00130831301568
407	0.00310625835447
405	0.000447819556378
404	0.000923349920538
402	0.000744551494479
401	0.00274601593954
400	0.00140093162093
933	0.00240901344317
931	0.000805410420243
936	0.000435909471441
409	0.000457970010331
408	0.000493829865349
379	0.000459909443401
828	0.0012249251861
371	0.000447819556378
373	0.00100796666945
374	0.000952082401895
377	0.000891917320896
376	0.000460942299748
704	0.000888372186329
706	0.000897263303754
707	0.00091229241517
700	0.00177976374215
702	0.0012291837645
703	0.000920603505726
393	0.000865321337443
392	0.00135321509966
391	0.00303884374651
390	0.000460607230484
397	0.000895205125464
82	0.000447819556378
83	0.000460607230484
399	0.00085546821086
796	0.000454703117704
795	0.00250516411688
791	0.0004589251872
790	0.00223035751507
799	0.000865428244603
607	0.000882372536021
586	0.00590527576819
587	0.000890965875708
584	0.000468049465616
585	0.00138438489009
582	0.000868344564416
581	0.00135155458145
589	0.000450347260701
245	0.00181927349494
246	0.00177957756678
241	0.000504680715319
243	0.000905662993554
249	0.0013747944735
248	0.00043782916356
924	0.00122847083592
510	0.000424859842653
513	0.000437534234523
512	0.00100774996559
1003	0.000448659260883
514	0.000428584364873
1001	0.00168980809054
516	0.00122554951801
458	0.0008393802003
622	0.00257684370686
951	0.0053849070193
624	0.000454646755195
450	0.00235158696249
629	0.00837821293848
628	0.0013457858299
454	0.00987509997183
456	0.000440509073022
178	0.0137356050722
199	0.00204610683501
175	0.00300324197429
173	0.00166047748299
171	0.00160903317786
170	0.000447819556378
977	0.00343618827121
976	0.00234726258381
975	0.000447217081648
972	0.000805410420243
971	0.00146141393768
654	0.00288239288682
979	0.000818605413135
978	0.00955196801022
656	0.00150390722276
657	0.00207161390098
180	0.0
181	0.000480937337658
652	0.000426499466294
187	0.000922857491626
650	0.00122511792246
185	0.00170925810644
188	0.003494762764
189	0.00137229464838
658	0.00148037527704
659	0.000463403486284
184	0.000896083329395
868	0.00224053026178
13	0.00167415356088
15	0.000931043324966
14	0.00206076988889
17	0.00195809033359
863	0.00091525398568
862	0.000916480020897
865	0.000890818764324
866	0.0017805689477
883	0.00133074208342
881	0.000818605413135
886	0.000440880153122
885	0.00135250900754
752	0.000890827168286
888	0.000970923549907
929	0.00183578064026
809	0.00136046885487
322	0.000445395206202
323	0.000428316769871
320	0.000852075326358
321	0.000443613815147
327	0.00209100548472
329	0.00136562962558
688	0.000426499466294
201	0.000426499466294
200	0.00244004769094
776	0.000898181424747
771	0.00414594437793
207	0.0074495454003
206	0.00129063203413
208	0.000426499466294
779	0.000443316169399
77	0.000896135706374
75	0.00311514960647
74	0.0040619345385
73	0.00162712872435
71	0.000457509994963
70	0.00178387202446
78	0.00091472428779
2	0.00400387550592
686	0.000805410420243
669	0.0004589251872
668	0.00132142428492
664	0.000426499466294
663	0.000858376953902
662	0.00471925850728
660	0.000445796829294
692	0.00313911074656
693	0.00274598465083
696	0.000877386508261
697	0.0018312075451
698	0.00091101341246
699	0.000448279828129
542	0.00267137587635
543	0.000971670323158
540	0.00545745867698
541	0.000818605413135
546	0.00270976664628
547	0.00300722525364
549	0.000892599964019
994	0.0009093498729
997	0.000447422381026
996	0.00164208002314
991	0.00174750102473
990	0.00484457956235
120	0.00446133104641
122	0.000457743226763
125	0.000428316769871
126	0.0040247545757
127	0.00044580315576
129	0.000400598370742
414	0.000487080023228
415	0.00316174446225
416	0.00855658405307
410	0.000461818636363
920	0.0033765524927
921	0.00123141895836
923	0.00444120938916
418	0.00125195696162
925	0.00091251849864
926	0.00724334436913
499	0.00310696499649
318	0.000907384505059
313	0.000448203287346
311	0.000909389792568
310	0.00131198682025
317	0.000460607230484
316	0.0125690413614
314	0.00230284892103
832	0.00138956145598
833	0.000888861438016
837	0.00367775195561
838	0.000492081197837
369	0.00128459203544
367	0.000443803598861
365	0.000867810145866
362	0.00228186900315
360	0.000986545411694
361	0.000454703117704
381	0.00167705545567
382	0.000406944104875
383	0.00360483617984
387	0.000497245382873
388	0.00222852860211
784	0.000460163855738
787	0.000453234912807
780	0.000428584364873
782	0.00356742011925
783	0.00204153231852
789	0.00319426711592
605	0.00275183547645
573	0.000897192310648
572	0.000462948048225
577	0.00243105008545
576	0.000818605413135
575	0.00134176292219
60	0.000459909443401
61	0.00355453142594
62	0.001335535492
67	0.0029964423014
68	0.000454703117704
253	0.000442758509301
250	0.001324394447
251	0.000454703117704
256	0.00134464551031
257	0.000444495480572
731	0.00327146575534
730	0.00224086660162
732	0.000433022558001
735	0.0004564069319
737	0.00129500227913
509	0.000876471224749
506	0.00164067605169
738	0.0135653212914
502	0.00315055830288
503	0.00122150693237
500	0.00315131590002
630	0.00198641130362
631	0.000494838336242
633	0.00270180634354
469	0.00853773282592
468	0.000426499466294
465	0.000443173088817
464	0.000426499466294
901	0.000460607230484
168	0.00448253415006
164	0.000788438953574
165	0.00439445738107
166	0.00449916976924
167	0.00300130144457
160	0.00148037527704
966	0.000446785675744
962	0.00182550419239
963	0.000501722934278
935	0.00176867866744
934	0.000911197734925
909	0.000899315739434
874	0.00273007088976
872	0.000910752662307
873	0.00181887385268
870	0.000896095754737
890	0.00129536960042
891	0.00242704860707
895	0.00173401168794
897	0.0
898	0.000426499466294
899	0.000861956359382
646	0.00306808999108
648	0.000898465266465
356	0.00269300542033
355	0.00120938281026
808	0.000426499466294
353	0.000509138069003
803	0.000452513942343
802	0.000453234912807
804	0.000409142120424
214	0.0126895070387
762	0.000899457733572
763	0.000453234912807
761	0.00125420025912
767	0.000905727091481
764	0.00136425192526
765	0.00448762675303
957	0.00151243068091
956	0.000409068591764
289	0.000426499466294
288	0.00249459369644
4	0.00132353269093
281	0.00096164446782
280	0.0137729494259
285	0.00120938281026
284	0.000916653508487
674	0.00315313665442
676	0.000428316769871
670	0.000426499466294
671	0.00134611858478
672	0.000437415380014
260	0.0013435580874
267	0.00228765798256
266	0.000448279828129
269	0.00045253082436
268	0.00268890689555
58	0.000449326120884
55	0.000461818636363
56	0.00181347150147
50	0.000448659260883
53	0.00179918243318
537	0.00127562592139
535	0.00126051907877
534	0.00445594607856
532	0.00125266183084
531	0.000907233942065
530	0.00734778001918
538	0.00137513687471
775	0.000445796829294
988	0.00201303939756
774	0.000902054418481
980	0.000870994946866
987	0.0140988942715
984	0.00360112713696
985	0.000426499466294
117	0.000447890020977
113	0.000418522126402
112	0.00269653849469
119	0.0013313084135
118	0.00130940244245
773	0.000964372143721
772	0.00489972962502
429	0.00180465737642
428	0.00492378165029
919	0.000443880282493
421	0.00249113151978
423	0.00307265039426
422	0.00137846570599
425	0.00268942982648
424	0.00590364302201
913	0.000859442805499
912	0.0107677999189
301	0.00302347707258
302	0.00196483773621
304	0.00131043087895
306	0.00231649192726
846	0.00149774933452
844	0.00131354110522
843	0.00131827204921
840	0.00136422610483
955	0.0018193574908
849	0.00263676815934
822	0.000445257607939
568	0.00275849336299
569	0.000457970010331
751	0.000452513942343
750	0.000989177148841
754	0.000891009152622
561	0.000494838336242
759	0.000449611466473
758	0.000411212454092
565	0.00205257396422
566	0.0013553569415
739	0.000961879330965
229	0.00193363120362
228	0.000916777581087
225	0.00089192021227
224	0.00192428241774
223	0.00082370819052
220	0.000450347260701
88	0.00042872720817
724	0.00135803698436
723	0.00206281097654
720	0.00262998652712
721	0.00224123398985
151	0.000886682713915
150	0.00312309910592
153	0.00045253082436
157	0.000805410420243
602	0.000893965202844
609	0.00224752266886
634	0.000460942299748
48	0.00218203099058
46	0.00171918617854
950	0.00128340193135
953	0.00146169836505
952	0.00146141393768
42	0.000445257607939
954	0.0025050891467
40	0.00416277615938
41	0.00163111027486
638	0.000906199907687
5	0.00127924008166
487	0.000905858556008
485	0.00132367130848
484	0.00150911046738
482	0.00230444582561
480	0.000907233942065
472	0.00403718530938
470	0.000457970010331
471	0.000889836571834
