344	0.00168674323625
0	0.00221202077621
347	0.00140857346115
343	0.0037336009108
810	0.000551782218842
812	0.000552337461456
349	0.000564873383864
817	0.0022525756407
719	0.00164338908225
718	0.00889995543378
717	0.000558122023743
716	0.00166941751766
713	0.00275374008509
712	0.00385254928328
711	0.00165614288418
710	0.00110798289571
915	0.00391254520617
910	0.000552047903032
299	0.00268515175398
294	0.0076084221842
295	0.000550371172485
292	0.00166354233901
293	0.00224866643966
290	0.00110392313846
291	0.00387009748936
591	0.00166133030296
590	0.000474142532954
592	0.0016589726518
595	0.00111539315473
597	0.000547835430033
599	0.00110117161216
194	0.00110723977538
197	0.00109988333307
196	0.00055332266347
191	0.00106258633257
193	0.00276054930248
192	0.00110700145099
270	0.000547835430033
272	0.000548675536401
273	0.00165511212939
274	0.000563202391739
275	0.00335969706547
277	0.00100936220081
278	0.000553340830486
526	0.00168725252784
528	0.0
448	0.000546397732921
443	0.00109623147162
447	0.00163068559567
103	0.000557611723227
101	0.00167584641072
107	0.00886121698791
105	0.000545847859367
900	0.00219652518233
38	0.00216311346465
907	0.000573148878072
905	0.00116219320193
32	0.0022426233542
31	0.00448357790415
30	0.00489817279048
35	0.00112880400678
644	0.00328156211406
647	0.0028105591352
439	0.000548638187126
437	0.000547835430033
435	0.00163274538434
338	0.00153678649827
335	0.0027686579062
334	0.0116088257573
337	0.000549482617159
333	0.0022111926978
332	0.00326676313202
745	0.00163838979523
854	0.00111936228883
855	0.000975273111949
857	0.00168562754333
850	0.00160767505552
851	0.00336072168659
819	0.000555168089364
858	0.00111473437716
6	0.00110733183326
98	0.00663770184476
90	0.00813463004719
92	0.000563202391739
96	0.000534112962024
740	0.000532851917983
742	0.00220190366008
743	0.00153286371618
559	0.00367857182912
558	0.000454915320999
746	0.00713991124572
557	0.00054599938341
550	0.00220263491306
553	0.00111337282552
552	0.00111316329661
239	0.00104802710333
235	0.000553400088354
236	0.00164879347036
230	0.000474142532954
231	0.00311471932061
232	0.00163218558907
1	0.00107262460545
147	0.00571488791114
142	0.00279625114174
143	0.0
141	0.000565865091171
612	0.000553830496829
617	0.0021567654514
614	0.00225938832403
149	0.000557611723227
947	0.0
945	0.000547835430033
942	0.00164786777161
685	0.00222867797036
684	0.00451132366139
687	0.00109774438479
686	0.00101409152148
680	0.00167373045059
682	0.000547835430033
133	0.00107097609855
132	0.00106361350663
137	0.00110004104607
136	0.00225137000257
135	0.00494812354372
134	0.00276074565246
139	0.0
497	0.00116219320193
491	0.00173154450698
493	0.00168687020185
24	0.00168038373782
25	0.00178257130414
28	0.000510856172971
29	0.00110711869296
407	0.000551736962128
402	0.00263679276426
401	0.00331833076452
933	0.00140857346115
936	0.00219210613469
409	0.000550371172485
408	0.000563202391739
828	0.000547835430033
371	0.000552789164677
374	0.00165656036727
377	0.00335663785032
708	0.000556708192309
704	0.00186840969821
706	0.000529500544605
707	0.000553340830486
700	0.00386385962739
702	0.00326234015201
703	0.00055005385845
392	0.00222841960588
82	0.000546576681107
181	0.00110389501689
399	0.00268955148394
86	0.00109541564533
796	0.00110862934497
795	0.00282470207903
790	0.00328182741649
798	0.000553541404317
607	0.00604532296447
586	0.00925375192965
587	0.00054653279642
582	0.00153969259328
580	0.000511856424316
581	0.00219248725006
589	0.000552154421027
245	0.000497643649051
246	0.00278837353077
241	0.00112880400678
243	0.000555168089364
249	0.00110341764232
248	0.000550164269965
924	0.00110149742941
510	0.0068936749372
513	0.0
1004	0.00166181225754
515	0.00217388139562
514	0.00105725730738
1001	0.00438893273862
458	0.00223642343823
622	0.0020990775164
951	0.00221924555196
450	0.00220353498961
629	0.0123207234461
628	0.0021856486772
454	0.00663719872034
979	0.000547835430033
178	0.0132040117676
199	0.00164252879736
175	0.00223509275938
173	0.00221340499535
171	0.00140857346115
170	0.000485264263235
977	0.000545847859367
976	0.000550371172485
975	0.000547835430033
972	0.000474142532954
971	0.000560867891063
253	0.00220550810532
978	0.00562010652229
656	0.00112654621399
657	0.00109734536723
654	0.00220066883945
2	0.00109903699857
187	0.00221876139356
650	0.00109566614472
188	0.00281524905844
189	0.00613905447453
658	0.00112397095833
184	0.00110740150862
868	0.000546989095536
13	0.000547835430033
15	0.00168871522062
14	0.00497419909731
16	0.00441222416306
19	0.00165894400913
863	0.00165515692939
862	0.00503031547326
866	0.00223069678076
883	0.00166839913993
881	0.00110076606535
887	0.00055242198962
885	0.00489256096558
809	0.000493784839609
322	0.00267626115186
323	0.000529500544605
320	0.000554059441793
321	0.00134910415941
327	0.001648328793
324	0.000543651520922
328	0.000543651025843
329	0.00265867662302
201	0.00166232514378
200	0.00505968186315
776	0.000553168770003
771	0.00331023579875
207	0.00507531966602
206	0.000553830496829
208	0.000550804175989
779	0.00111416531009
77	0.00054599938341
76	0.00162926235964
75	0.00220514643989
74	0.00706279466381
73	0.000411165711617
70	0.00273571726896
78	0.000550371172485
665	0.000549454021284
664	0.000553929011652
663	0.00159712002466
662	0.00219457700428
692	0.00491637782954
693	0.00110117161216
690	0.000553046469835
696	0.00220597343037
697	0.00247287116378
695	0.000547697729739
698	0.00349683048227
699	0.000545706048764
542	0.0
543	0.000560867891063
540	0.00201430440513
541	0.0021945767004
546	0.00055061026925
547	0.00225433181582
549	0.00055005385845
996	0.00328693993809
991	0.00220645434347
990	0.00224880132046
120	0.00166555133343
122	0.000563038278526
125	0.000523690357891
126	0.00163512317722
127	0.00113612611722
415	0.00271762106651
416	0.00980154046183
410	0.000553329450519
413	0.00108467368914
920	0.00167933254149
921	0.00109988333307
923	0.00662116513409
418	0.00218444240667
925	0.00198864582283
926	0.000474142532954
499	0.00502667447605
319	0.00176590846568
318	0.000903465883215
313	0.00326414139591
311	0.000492473842205
310	0.0021453778416
317	0.000552413405374
316	0.0112023177661
832	0.00427704208481
833	0.00208403431887
836	0.000550164269965
837	0.000547835430033
838	0.00112495248067
368	0.00159525543042
369	0.0
364	0.00221382641313
365	0.00111161559774
362	0.004993206075
360	0.00168725252784
381	0.00441299219615
383	0.00164598989501
388	0.00543222814283
784	0.00110067760211
780	0.00105725730738
782	0.00489643864634
783	0.00220251941079
788	0.000520713589377
789	0.00111549284937
151	0.00055157989162
573	0.00434350289405
572	0.00334251189277
577	0.000474142532954
576	0.00109961764888
575	0.00163285098838
61	0.0027738745426
62	0.0
64	0.000553830496829
67	0.00337199957544
68	0.000550785914103
69	0.00107338954007
250	0.00218696717129
251	0.0016518157103
256	0.00271826924123
254	0.000555130767185
731	0.00281356928869
733	0.00109180371042
732	0.000553329450519
737	0.000559794139708
509	0.00053661473636
506	0.00550059158188
738	0.0208167284443
502	0.00557138040779
500	0.00435739205566
630	0.0044963929293
631	0.00112397095833
633	0.00332750510723
634	0.00104388779375
468	0.000553929011652
638	0.00269880207055
464	0.000554059441793
466	0.00055061026925
168	0.00327635166459
164	0.0015887639479
165	0.00280311828393
166	0.00594098896064
167	0.00281546373729
160	0.00112397095833
963	0.00166554870705
935	0.00214169959629
909	0.000560439784253
879	0.00320089895803
873	0.00200849152175
870	0.000555013910651
890	0.000561408226833
891	0.00333522907042
898	0.000554059441793
646	0.0
648	0.00543695965111
356	0.00164224918178
355	0.000474142532954
808	0.000554059441793
353	0.000556412779496
803	0.000557726503765
801	0.000491957378018
216	0.00224054529602
214	0.00497741150338
769	0.00166454244594
762	0.00108755854519
761	0.000547835430033
767	0.000550371172485
764	0.00197633153849
765	0.0038194365945
957	0.00112986305628
956	0.00132118954789
288	0.000560768566588
4	0.0016578321434
281	0.000582426049234
280	0.0236183718352
285	0.000474142532954
284	0.00113019008638
679	0.000903465883215
674	0.00109096368282
676	0.000523690357891
677	0.000558122023743
670	0.00442248221484
671	0.00164665515257
672	0.000444027151494
260	0.00109463757054
267	0.00445987144134
266	0.00163737120909
269	0.000988940615167
268	0.00165973165477
58	0.000510856172971
56	0.000547697729739
50	0.0010508814834
53	0.00165951659427
52	0.00108816588043
537	0.00165587808389
534	0.00442744988341
532	0.00220235375061
531	0.00166599985593
530	0.00390314876871
538	0.000550371172485
988	0.000552337461456
774	0.0
980	0.00166845949799
987	0.00297504514618
984	0.0016299156452
114	0.000560606454461
117	0.00165973165477
111	0.000543467915973
112	0.00275365533594
118	0.00110798845345
773	0.000582426049234
772	0.00330722208213
429	0.00166001163201
428	0.00560949278029
918	0.00134749303471
421	0.0028156548688
420	0.000524469998086
423	0.00612852819833
422	0.00339481133723
424	0.00225877986435
427	0.00103724959947
912	0.0027429159793
308	0.000545847859367
309	0.000535757085272
301	0.00169169210337
302	0.000560867891063
305	0.000543928013985
306	0.00385950730039
847	0.000564873383864
846	0.00225034725835
844	0.00357232518008
843	0.00166153364685
840	0.00149175786225
849	0.00279613828841
848	0.000552789164677
823	0.0
568	0.00110735119909
752	0.00155072158114
754	0.00114369169445
561	0.00281331771478
758	0.00170117744904
565	0.00228651487692
566	0.00055157989162
229	0.00220846091371
228	0.000550371172485
223	0.00161503895973
220	0.00331099777799
724	0.00500298121866
723	0.00124345385232
720	0.00382439350669
605	0.00110341764232
153	0.00166546673869
152	0.000547555935216
602	0.00158507370537
159	0.00711913008817
609	0.0021602933884
83	0.00110241732662
469	0.0095983385921
48	0.00502866878409
46	0.000529500544605
950	0.00212185168577
953	0.00281670705562
952	0.00112390616959
955	0.00203107004503
954	0.00169169210337
40	0.0033108630132
41	0.000833412787013
5	0.000554059441793
489	0.000524469998086
485	0.0
483	0.000552335499166
482	0.00165860184077
481	0.000971252657294
472	0.00326809130447
470	0.000550371172485
477	0.000535864185473
