344	0.00261432458464
0	0.0022811389542
347	0.0
341	0.0040655847821
343	0.0
810	0.00318798242229
815	0.000987581293109
718	0.00940716587658
716	0.00246562592739
713	0.00206064311161
712	0.00141123521624
710	0.00110479634409
299	0.00108112357797
294	0.00102260957497
295	0.00110479634409
293	0.00138509543003
290	0.0
291	0.00207511003182
591	0.00327925311905
592	0.00620029114197
595	0.0
596	0.00158965945663
599	0.00110479634409
190	0.0108726749238
192	0.000983175116066
272	0.00756695097576
274	0.00136499306611
275	0.000966739724022
278	0.00108546449354
526	0.00139042616538
528	0.00108112357797
443	0.00629894808257
444	0.00207019354013
103	0.00152097826998
101	0.00148982574596
107	0.0039473307711
900	0.00591413180909
32	0.0146789042347
31	0.0064397476595
909	0.0
35	0.00130790520487
641	0.00101383373831
644	0.00160977561139
647	0.00266742174926
439	0.00102039841472
435	0.00520231450662
432	0.00101383373831
433	0.00206917955453
338	0.00101383373831
335	0.00097303875389
334	0.00215379465116
333	0.00218591992206
332	0.00108228629882
854	0.00103995602816
855	0.00192283812222
857	0.0026022647366
851	0.00270848190409
819	0.0010702788403
6	0.0021573566814
98	0.0113743809071
90	0.00587627906077
92	0.00129668226418
95	0.00101383373831
742	0.00604550696839
745	0.00155681472692
746	0.00339677340009
748	0.00220889148995
551	0.00103995602816
550	0.0
553	0.00097303875389
239	0.00110715433099
236	0.00304696955596
231	0.00837945742921
232	0.00317227666551
1	0.0
142	0.00129668226418
143	0.00122620702824
614	0.00128325271447
949	0.00202844858961
947	0.00316113460686
940	0.00108314970821
688	0.00176518990121
685	0.00139042616538
684	0.0
687	0.00320643491889
680	0.00190862850993
682	0.00079215114732
132	0.0
136	0.00129668226418
135	0.0101488359536
134	0.00310505633164
497	0.000862814159342
491	0.00194571066494
493	0.0028092138164
24	0.00272939935554
28	0.00101383373831
29	0.00297126756648
402	0.0
401	0.00546118122902
936	0.00093208903551
409	0.00110479634409
379	0.00307674990742
828	0.0
371	0.00112729395832
373	0.00136499306611
372	0.00106289997609
820	0.00097303875389
377	0.00144616309511
707	0.00103069681179
700	0.00221338280355
702	0.00155681472692
703	0.00225276110986
82	0.00112729395832
181	0.00136499306611
398	0.0028052349983
86	0.0047024313922
795	0.00130790520487
790	0.0
586	0.00717844256146
587	0.00093208903551
584	0.0
582	0.00101383373831
581	0.00112729395832
245	0.00310209096742
246	0.000774100497071
241	0.00121564651287
243	0.000715725248888
249	0.00233100337233
248	0.0032705695634
924	0.00243791198938
511	0.00101383373831
513	0.00207071882586
1004	0.00387158836661
1001	0.00165496530666
516	0.00073252839564
624	0.00206017367401
450	0.00881415780301
629	0.0193743045157
628	0.00112729395832
454	0.00733231560953
178	0.0243225351599
199	0.00079215114732
175	0.00388238551869
173	0.00079215114732
170	0.00217154542588
977	0.0078098626184
517	0.00138509543003
971	0.00264454081647
978	0.00255860945901
656	0.00136499306611
657	0.000771599818744
2	0.00391903139175
187	0.00151561253836
650	0.000771599818744
189	0.00632228779048
658	0.00139042616538
659	0.00244498365162
13	0.00079215114732
15	0.00294487597133
14	0.00255336568928
17	0.0026022647366
862	0.00340218390875
866	0.0036413646047
887	0.00108314970821
886	0.00105525629873
356	0.0028534397968
322	0.00115201597608
327	0.000954771143849
329	0.00536304647117
201	0.000997692898801
774	0.00159507454695
771	0.00122583515874
770	0.00103995602816
207	0.00521385350624
772	0.0
77	0.00100650419337
75	0.00324077266513
74	0.00291551849114
78	0.00220791692032
662	0.00630100685569
692	0.00221992926443
693	0.00110479634409
690	0.000771599818744
697	0.00398272086965
699	0.00100650419337
542	0.00332378655544
543	0.00129668226418
540	0.00523660193826
541	0.000806443398109
546	0.0
547	0.00127129757032
994	0.00101383373831
996	0.00411738528765
991	0.00110479634409
990	0.00240378772873
120	0.0
122	0.001236066828
126	0.00146834436677
415	0.00325016913371
410	0.000862814159342
920	0.00532021266007
921	0.00155681472692
922	0.00108314970821
923	0.0108730277202
418	0.0025123319253
925	0.000990749086709
926	0.00110367555123
499	0.00108112357797
318	0.000997692898801
311	0.00200458282502
310	0.000753740169394
316	0.0245562445763
838	0.00138198595189
369	0.00207019354013
364	0.00101383373831
362	0.00400477305299
360	0.00278045579118
361	0.00101383373831
381	0.00479153625812
383	0.00758824960296
388	0.00118278928965
782	0.00649992799013
783	0.00152467954296
789	0.00101383373831
151	0.0
572	0.00115201597608
153	0.0025123319253
575	0.00213790017614
61	0.0234143941955
62	0.00107467609125
65	0.00110479634409
67	0.00656514177783
68	0.00101383373831
253	0.0
250	0.00317362554013
251	0.00101383373831
731	0.00205766305238
737	0.00193977847791
506	0.0111800800218
738	0.00211640129069
502	0.00555112568467
500	0.00312726890591
630	0.00404917358257
631	0.00139042616538
633	0.00107406441434
469	0.00658889154696
638	0.0
927	0.0156446910795
462	0.00107482142719
168	0.00613917141304
164	0.0
165	0.00499694739017
166	0.00307591635109
167	0.00760604747667
160	0.00277212564262
966	0.0
963	0.00131764232046
969	0.00323017138962
935	0.00113150697566
872	0.00101383373831
873	0.00204012278038
870	0.00112729395832
890	0.00322898958647
891	0.00553403051842
898	0.00097303875389
646	0.00538193825955
951	0.00460659192036
809	0.00101383373831
808	0.00097303875389
353	0.00136499306611
802	0.00147971418876
214	0.00347219500139
762	0.0040576291979
761	0.00148010062863
767	0.00110479634409
764	0.00101383373831
765	0.00101130592967
4	0.00112729395832
281	0.00255442888432
280	0.00661510073714
284	0.0
679	0.0
674	0.00100682792555
676	0.0
670	0.00192780989774
671	0.0013118702702
260	0.00504850906031
267	0.00309070408329
266	0.00101117940197
268	0.00206064311161
58	0.0
56	0.00424213550687
53	0.00322242888397
537	0.00201810853962
535	0.00413432713514
534	0.00236207628816
532	0.0156221520023
531	0.00101383373831
530	0.00550134437697
538	0.00110479634409
200	0.0053677228794
980	0.00211667510875
987	0.0285044263423
984	0.0020655041084
114	0.00122620702824
117	0.00103069681179
111	0.00102260957497
113	0.00103995602816
118	0.00321714742339
429	0.0031656373652
428	0.00824841601317
915	0.00671742570343
423	0.00312204852835
422	0.000976539474418
427	0.0010702788403
912	0.00202690260809
301	0.0014116190886
302	0.00129668226418
306	0.00112593892948
846	0.00409522530102
840	0.00205808520588
849	0.00295324537339
823	0.00310226926887
568	0.00615196024554
754	0.00122620702824
561	0.00276149139085
565	0.0
566	0.0
739	0.00136156658518
229	0.00485103238101
228	0.00220791692032
223	0.0
220	0.00323837541825
724	0.00122620702824
722	0.00103995602816
720	0.00375452148975
605	0.00220791692032
607	0.0184106628483
152	0.00158913569145
602	0.00138509543003
159	0.00322437301876
609	0.00426191432912
976	0.00220791692032
48	0.0
46	0.0
950	0.0
952	0.00129668226418
955	0.00101383373831
954	0.000997692898801
40	0.00300755377331
956	0.0
5	0.0039057824114
485	0.00103995602816
482	0.00221713286567
472	0.00246738172886
470	0.00110479634409
471	0.00107809514515
479	0.00105686866833
