344	0.00242099538723
0	0.00114413116415
347	0.00293404902206
341	0.000597791452403
343	0.000575817175964
812	0.00115682056795
817	0.000615623993199
719	0.00167977299951
718	0.00403664119012
713	0.00294414348359
712	0.00297136488373
710	0.00172683712819
915	0.00895760014751
910	0.00175078924516
299	0.000587906556416
294	0.00175283493597
295	0.000574608453897
293	0.000558798362977
290	0.0
291	0.00412348465008
591	0.00466985623109
592	0.00294553283192
595	0.0017589905754
594	0.000590083268568
596	0.000596592867839
599	0.0016797888038
196	0.00118512165856
191	0.00176638249724
190	0.00436081133306
193	0.0035304581969
192	0.000544893644691
272	0.00118757436838
274	0.000625033280899
275	0.00176758699534
277	0.000585143088197
278	0.00117455282273
526	0.00121376988986
443	0.00295618645767
440	0.00212722846795
447	0.00116743970868
444	0.00118207778059
102	0.000549039905726
103	0.000443984820359
101	0.000547148803937
107	0.00290351535628
104	0.00348117989047
39	0.000586319046422
38	0.00103948467892
905	0.0
32	0.00242453439906
31	0.00182110448098
30	0.0040803649923
35	0.000615623993199
641	0.000581139608197
644	0.00377227317752
647	0.00121117672823
439	0.00231690016329
437	0.000540799020842
435	0.000584044329245
432	0.000581139608197
433	0.00116141556523
338	0.00116332596651
335	0.0
334	0.00585737634679
337	0.000607258315704
333	0.000574608453897
332	0.00119643106328
745	0.00110677931846
854	0.0023626419207
855	0.00176018871909
857	0.0024086284877
850	0.00117481649549
851	0.00485173667284
819	0.00174139552682
6	0.00115538071136
98	0.00705749389918
90	0.00821702255107
92	0.00120960763361
95	0.000581139608197
96	0.000334938328987
742	0.00414362205355
743	0.00175406983985
559	0.0007209911029
558	0.00549036064975
746	0.00406853858222
557	0.000577207189765
551	0.000590898641856
550	0.00117871495859
552	0.000615623993199
239	0.00296060301942
235	0.000586319046422
236	0.00115327670602
230	0.00117805208588
231	0.00637017222187
232	0.00404762540465
233	0.00291696963268
1	0.0
147	0.00294796716335
618	0.000594255330197
142	0.00181864528466
143	0.00114717436521
141	0.000615623993199
612	0.000574149874105
613	0.000586909939073
617	0.00293535732087
614	0.001223217273
1004	0.000576071597161
948	0.000588526185152
949	0.00346719360914
947	0.00118805179824
942	0.000591749601046
940	0.000586909939073
514	0.000893161396326
688	0.000544893644691
685	0.00172297090968
684	0.00302337098339
687	0.00232971196127
686	0.00238330217085
681	0.000576287736534
680	0.00175519821269
682	0.00112994780434
623	0.000595166852333
133	0.00290849271312
136	0.00120155019461
135	0.00946447257595
134	0.00235270554453
139	0.000549039905726
491	0.00165544198168
493	0.00245146511456
24	0.0030507114293
25	0.00182937318789
26	0.000593351351674
927	0.0177233206589
28	0.000581139608197
29	0.000569522710249
939	0.00106621522924
404	0.00105762371396
402	0.00139984151227
401	0.00355142162629
933	0.00175728149203
936	0.00175682486473
409	0.00111950209859
934	0.00051273006927
379	0.000595245857667
828	0.00110217647379
371	0.000591749601046
824	0.000615623993199
373	0.00125171810555
372	0.00154638005543
976	0.00113489515911
377	0.00231906725415
708	0.000576287736534
709	0.000615623993199
704	0.0018281730573
706	0.00105303035901
707	0.00117455282273
700	0.00290170762861
702	0.00271010483247
703	0.00177973089082
392	0.000628650642733
397	0.000587906556416
395	0.000908488994222
82	0.000591749601046
181	0.000625033280899
398	0.000594585674943
86	0.00178056776917
796	0.000589628034394
795	0.00307449131775
791	0.000607258315704
790	0.00115511140116
170	0.000591749601046
586	0.00467448043983
587	0.000586121744173
584	0.000587638207395
582	0.00232901359183
581	0.00235995319487
245	0.00407125729921
246	0.00164568413231
241	0.000615623993199
249	0.00118202643993
248	0.00172366012124
924	0.00162545254398
511	0.000581139608197
510	0.00220192538647
513	0.000590898641856
512	0.000615623993199
1002	0.000611081212195
1001	0.00111756318185
516	0.00165449112533
458	0.00547125237172
624	0.00116589611189
450	0.00770989501702
629	0.0108942540414
628	0.00119039997201
454	0.0105892236952
457	0.000579490120874
178	0.0132263262019
199	0.00161552206959
175	0.00232241163727
173	0.000543509480049
171	0.00292673864272
198	0.000594223016707
517	0.00175127790832
971	0.0012087344675
180	0.00060010066218
978	0.00245374455123
656	0.00124549264926
657	0.000586909939073
654	0.00169263974978
2	0.0040724774419
187	0.000594223016707
650	0.00170189155222
185	0.000597791452403
188	0.00427627494792
189	0.00348579811821
658	0.00178291216686
659	0.000596243929537
184	0.0012107247947
868	0.00409904904703
13	0.00168008849426
14	0.00599608622548
17	0.00120960763361
16	0.0016210589553
19	0.000573053957619
862	0.00114713015263
865	0.00119166579512
867	0.000578708382645
866	0.00115577785741
883	0.000614545787911
881	0.00107976116169
880	0.000586319046422
887	0.000580102060849
322	0.00116631814425
321	0.00120369941159
327	0.000540757828981
324	0.000591241571322
325	0.00058311740391
329	0.00349923767661
200	0.0018065259199
758	0.000587906556416
771	0.00178586058743
770	0.000590898641856
207	0.00488442399857
772	0.00411808071846
209	0.00116592929547
779	0.0012316393544
77	0.0023149562457
75	0.00412581091685
74	0.00115540724677
72	0.000591749601046
71	0.000586290722132
78	0.00224509356691
663	0.000574377845696
662	0.00118803149939
692	0.0081815359916
693	0.00170653753947
697	0.00292109929353
698	0.00348396985488
699	0.00115897023086
542	0.00413862693327
543	0.00120594115954
540	0.00640199249654
541	0.00268444131845
546	0.00118074839987
547	0.0147371113888
544	0.000573197836591
549	0.000591749601046
994	0.00116141556523
997	0.000589502726682
996	0.00160176816916
991	0.000574608453897
990	0.00121895587766
120	0.00766409535417
126	0.00232886245443
127	0.00291627798966
414	0.000620459368356
415	0.00472826420487
416	0.00930530353961
410	0.00344839290724
413	0.00117542961596
920	0.00243401325425
921	0.00114820472019
923	0.0134862055561
418	0.000531879602153
925	0.00291608216476
499	0.00241932861943
319	0.00183112656723
318	0.00120365024573
313	0.00173991612193
311	0.00233597820748
316	0.0114536561158
833	0.00176148719479
837	0.0011119618478
838	0.00180381784686
368	0.000582958974742
369	0.00118207778059
364	0.00174956688541
362	0.0066141085612
360	0.00121376988986
361	0.000581139608197
381	0.00162738844364
383	0.000586121744173
388	0.00115827557395
784	0.000591241571322
787	0.000593968707516
782	0.0034676131746
783	0.00110677931846
788	0.000850556947775
789	0.000581139608197
151	0.0
573	0.000587021901568
572	0.00118981909143
577	0.000596179006791
575	0.00231143657675
60	0.000595683109128
61	0.00880127788427
67	0.00423740364979
68	0.000581139608197
253	0.0
250	0.000590898641856
251	0.000581139608197
256	0.00116058327257
257	0.000588526185152
731	0.00293844598793
732	0.00114034221232
737	0.000529668391826
736	0.000584242284058
506	0.00928968296903
738	0.00562842158128
502	0.00404738443552
500	0.00118811344924
630	0.00307726408016
631	0.00121376988986
633	0.00235283509803
634	0.00077900179893
637	0.000597791452403
638	0.00174801156991
466	0.000595245857667
900	0.00236069872643
462	0.000579810571553
168	0.00751983924644
169	0.00051273006927
164	0.000334938328987
165	0.00362878930961
166	0.00232126225969
167	0.00305259285534
160	0.00183779343896
966	0.00175681413248
963	0.000606428423096
935	0.00175409035591
908	0.00175646681521
909	0.0
875	0.000586319046422
872	0.000581139608197
873	0.00116140937332
870	0.00119900791675
890	0.000586319046422
891	0.00371169458041
646	0.00118165889883
648	0.00116378714364
356	0.00525296015519
809	0.000581139608197
353	0.0018735791917
802	0.00298071160147
804	0.000540799020842
216	0.000610798350239
214	0.00535373593344
769	0.000596162277582
212	0.000595166852333
762	0.00116741550768
761	0.00162232405269
767	0.00114976706676
764	0.00291149047836
765	0.00466303526349
957	0.000615623993199
956	0.00243386441177
4	0.00119385216885
281	0.0
280	0.00970029012324
283	0.000586909939073
284	0.00117831559854
674	0.00187916641631
670	0.00174030264089
671	0.0029411792784
672	0.000604170568614
260	0.00347392647656
267	0.00307715694221
266	0.00405066349546
264	0.000581653827828
268	0.00412118064852
58	0.0
56	0.00117510831571
53	0.00353496668632
52	0.00231345884868
537	0.000529668391826
535	0.00354644530252
534	0.004610242829
532	0.0032553956178
531	0.000581139608197
530	0.00367694306728
538	0.0011767110217
988	0.000612293910924
774	0.000594355041266
983	0.000593968707516
980	0.00115651686691
987	0.0168637609565
984	0.000584044329245
114	0.00117366325196
117	0.0011771156711
116	0.000594585674943
113	0.00118224210756
112	0.000628650642733
119	0.000579922920769
773	0.000580957668409
429	0.00294117343054
428	0.00179671704694
918	0.00180795272034
421	0.00184732753075
420	0.00101770000244
423	0.00108572059939
422	0.0017716830143
424	0.00368195106318
427	0.000580957668409
912	0.00636740323203
309	0.0
301	0.000615623993199
302	0.00119228492735
306	0.00238319481227
847	0.00179821587786
846	0.00365090572105
844	0.00301850328682
843	0.00183959319428
841	0.000581294340782
840	0.00232177158379
849	0.00175087837849
823	0.00177352707653
568	0.00118981909143
752	0.000589628034394
561	0.00303204758571
563	0.000602102567801
565	0.00121019469991
566	0.0
739	0.00179716619175
229	0.00239209175354
228	0.00172055149749
226	0.000529668391826
223	0.00114939216672
220	0.00469235248525
726	0.0
724	0.00279880171889
722	0.00118207778059
723	0.00061321415176
720	0.00527615920753
729	0.000579490120874
605	0.00115242485103
150	0.000591241571322
607	0.0105808206151
152	0.00237797999316
603	0.000508457352683
602	0.00175713849532
159	0.00890540548305
609	0.0047522154415
469	0.00306233243877
48	0.00304265386461
951	0.00233177411222
952	0.00362378724054
955	0.00290678960036
954	0.001217726561
40	0.00831497581762
41	0.00122482695981
5	0.001711231167
488	0.000594223016707
485	0.00177352707653
482	0.00234234353666
481	0.000605562063989
472	0.00231566380631
470	0.000574608453897
476	0.000586319046422
474	0.00102265763509
479	0.000586909939073
