344	0.00108117139734
0	0.011490735169
347	0.000989696028807
810	0.000503529463812
813	0.00418024629598
814	0.000517982003971
349	0.000523258809208
817	0.00271971237029
719	0.00151160039487
718	0.00937137751771
716	0.0010432157941
715	0.000497283145962
713	0.00104571994946
712	0.00156841008406
711	0.000520707451629
710	0.000522508342474
915	0.00639619582399
299	0.0
294	0.00258906262622
295	0.000522508342474
293	0.00106597620321
290	0.00156113959828
291	0.000538049291826
591	0.00104968435773
590	0.000489781685498
592	0.0015734731726
595	0.00521116695219
198	0.000524589937882
599	0.000522508342474
197	0.000529038536505
191	0.00104372695864
190	0.00377104170169
193	0.00364046339072
192	0.000501371010425
270	0.000503987852038
272	0.00104858307749
273	0.00211291893298
274	0.000539884661645
275	0.00100997467081
277	0.000527655583811
278	0.00051982700657
526	0.000539290367725
527	0.0
528	0.000520057031401
443	0.00310205513781
442	0.000520168753888
440	0.00102587201275
447	0.00103495967367
445	0.00108510447265
102	0.0010400743422
103	0.00202813414265
101	0.00152310489134
107	0.00156173275835
104	0.00206822139498
105	0.000984125614914
900	0.00209365189643
38	0.00255842155446
904	0.000520707451629
905	0.000523118487672
32	0.00317042583858
31	0.00160397635837
30	0.00414617139505
35	0.00216768439333
641	0.000499871176099
644	0.00251921880747
647	0.000538443889081
439	0.0020683838235
649	0.000521334860992
437	0.000503987852038
434	0.0
435	0.00207113563031
432	0.000499871176099
433	0.00201052945799
338	0.00101285757251
335	0.000520618838423
334	0.00521900447978
337	0.00101700721834
333	0.00312559087432
332	0.00206973765255
745	0.000503987852038
854	0.005662919328
857	0.00265543543014
850	0.00306012103754
851	0.00268316673426
819	0.000512490577491
858	0.00107700426822
6	0.00104505189691
98	0.00108512025472
91	0.000522720818049
90	0.0119892699966
92	0.00160215375752
95	0.000997775357375
96	0.000383704620765
740	0.000383704620765
742	0.00835778388842
743	0.00205676012955
559	0.000383704620765
558	0.00468365234525
746	0.00365643151315
748	0.000497283145962
554	0.000547070962891
550	0.00208244600744
239	0.0041806745039
235	0.00104271612817
236	0.00103487251145
231	0.00511558291872
232	0.00517767241668
233	0.00152437624815
147	0.00150316183513
142	0.00426222736439
143	0.0
141	0.000539739063344
614	0.00269434962512
149	0.000509729430576
1004	0.00362537468475
948	0.00520158764692
949	0.0015498382366
946	0.00206202369592
947	0.0020971493417
945	0.000503987852038
943	0.000518989670714
940	0.00104500484192
514	0.00352805628351
517	0.00468465669613
685	0.00156794369409
684	0.00155426170323
687	0.00470215071926
686	0.00148335060212
680	0.0
683	0.000538049291826
682	0.000503987852038
133	0.00103452082109
137	0.00156849292404
499	0.00155913443798
135	0.0010461052165
134	0.0010918491619
497	0.000551649445392
491	0.000510473516126
493	0.00271421138551
24	0.00159835129179
25	0.00052041202035
28	0.000499871176099
29	0.0
405	0.000523160758908
404	0.00156627356992
402	0.000507244874295
401	0.00376040718516
933	0.00147434215352
936	0.000524694447837
409	0.00104505189691
379	0.00104854850509
378	0.000503475785615
828	0.00101008208926
373	0.00216071758332
374	0.0
377	0.00100877464084
704	0.000517881830475
707	0.0015623721533
702	0.000503987852038
703	0.000521025002687
393	0.00104153624569
392	0.00105519287336
391	0.00108510447265
89	0.000523330523842
82	0.00104067246259
181	0.000539884661645
86	0.00156063176406
928	0.0
795	0.00489468394887
794	0.000514431178863
791	0.000529038536505
790	0.00413420005177
798	0.000523669980932
607	0.00627113316478
586	0.00880409783662
587	0.00104533618483
582	0.00148845275293
581	0.0026222891348
589	0.000522215664968
245	0.00355404639369
246	0.00151868527757
241	0.000544873877116
249	0.00364050486989
248	0.000503620441254
924	0.00303064695105
512	0.00054537983403
515	0.00103700990085
1002	0.00051751762846
1001	0.00305835497469
516	0.00456122731795
458	0.00104023902692
951	0.00731743145406
624	0.00153070168276
450	0.00523842661556
629	0.01291539262
628	0.00156817880061
454	0.00264999947242
456	0.000507244874295
457	0.000503752295807
979	0.000503987852038
178	0.00363814456438
199	0.00201993687246
175	0.00253118963644
173	0.00100760829329
170	0.00207184681478
977	0.00969081277072
976	0.00104602722478
971	0.00054178755296
654	0.00101090540052
253	0.0015610210328
978	0.00322663886216
656	0.003781853725
657	0.000503987852038
180	0.0
2	0.002077630863
186	0.00104481409062
187	0.000524589937882
650	0.000503987852038
185	0.000996455417031
188	0.00484706325209
189	0.00312067556022
658	0.00107773425681
659	0.0
184	0.00257453507031
868	0.0041426556333
13	0.00100785426646
15	0.0
14	0.00251905468889
16	0.00104242813621
19	0.000521072743079
863	0.00156003038775
862	0.00421755266594
865	0.00104428701591
867	0.000508828313213
866	0.00104204231262
883	0.00207704909837
881	0.00201743277254
880	0.00103765544979
885	0.00621954837393
889	0.000517359623891
322	0.00152596892292
323	0.0010212600076
321	0.00154875120124
326	0.000522701623294
327	0.00100535886246
324	0.000519935986955
329	0.0015386350553
775	0.000520617034983
200	0.00106477541892
758	0.000513300639513
771	0.00364695218007
207	0.00485650636764
772	0.0100083602868
208	0.00102326708104
779	0.00154716854415
77	0.000517182894277
75	0.0020919279084
74	0.00207678057525
73	0.00101034038458
70	0.002079928146
78	0.00104475244053
669	0.0
668	0.00104565488373
666	0.0
663	0.000508110088044
662	0.00208524337191
692	0.00261148524044
693	0.00207220150632
696	0.00104591416655
697	0.000496426917646
695	0.00104858307749
698	0.000499871176099
699	0.00103400621724
542	0.00518665122593
543	0.00106663647948
540	0.00608203220141
541	0.00151784686169
546	0.00104175296014
547	0.00322333743435
544	0.0
8	0.000496426917646
994	0.0035101489472
997	0.000520617034983
996	0.00102532271303
991	0.000522508342474
990	0.00107532624419
120	0.0124944482481
122	0.000520707451629
126	0.00414075288725
127	0.00209880519818
414	0.000538716062303
415	0.00160320714012
416	0.0155129280481
410	0.00151581415696
413	0.00209080202628
920	0.00161731373075
921	0.000503987852038
923	0.00572886510169
418	0.000490655278275
925	0.000995111859065
926	0.00199421057474
319	0.00258841106557
313	0.00465376490136
311	0.000499871176099
310	0.00311464284297
316	0.00532122268527
832	0.00355404983618
833	0.00158832788835
830	0.000497117431137
837	0.00151399755102
835	0.000521025002687
838	0.00106367048883
369	0.00104282332615
364	0.000497926298553
365	0.00103633828335
362	0.0010430402512
360	0.000539290367725
361	0.000499871176099
380	0.000512644412549
381	0.0015068943444
383	0.00156647147972
386	0.00051751762846
388	0.000523330523842
784	0.000522463615213
780	0.00101320521619
782	0.00309479082596
783	0.00253786094393
788	0.0
789	0.00149689310807
151	0.00103954033444
573	0.00155349841598
572	0.00211601217776
577	0.00099023242775
576	0.000503987852038
575	0.0015513963732
574	0.000517182894277
60	0.00104854850509
61	0.00523172496157
62	0.00208448151988
66	0.00102621060932
67	0.00216869229458
68	0.000499871176099
69	0.000899345484221
250	0.000521434751714
251	0.000499871176099
256	0.00468429330811
254	0.000524589937882
939	0.00154165883309
731	0.0
730	0.000517622952778
732	0.0010278681276
735	0.000518989670714
737	0.000505696642009
509	0.0
506	0.00302650625024
738	0.0171622535309
505	0.000507765034462
502	0.0110451351813
500	0.00259089259352
630	0.00325598373941
631	0.00107284563495
633	0.00103690199369
634	0.0
638	0.00103652713945
464	0.00103943497819
462	0.000529908832935
168	0.00827844057901
164	0.000383704620765
165	0.0042969009856
166	0.0057151039743
167	0.00216080849207
160	0.000539290367725
966	0.00257163131102
963	0.000543541388399
935	0.00313681818414
909	0.00156223292649
879	0.000831591608085
874	0.00302190067171
872	0.000499871176099
873	0.00150059319345
870	0.00103885951354
890	0.00209108979932
891	0.00322567349946
894	0.000544052718658
899	0.0
646	0.00155913805752
648	0.00208011169628
356	0.00620922888443
809	0.000995111859065
808	0.0
353	0.000539884661645
803	0.000520096735299
802	0.00105407826434
359	0.000522543554435
804	0.00202187485949
216	0.00103792964881
214	0.00831814698297
762	0.00155026034948
763	0.00205331657129
761	0.00202427682658
767	0.00313405942802
764	0.00249495071178
765	0.00569305805113
957	0.000544873877116
956	0.00206426685428
289	0.0
288	0.00489842234324
4	0.000521025002687
281	0.0015688969127
280	0.00806013196508
284	0.0
674	0.000519470559412
670	0.000517892736301
672	0.0
262	0.0
260	0.000517182894277
267	0.00629008576812
266	0.00103372466412
264	0.000506165142882
58	0.00102658678191
56	0.00150654160595
53	0.00157008517339
52	0.00257900965125
537	0.00154132949471
535	0.00155365655852
534	0.00312265928762
532	0.00202192661581
531	0.00152020346963
530	0.00323076337789
538	0.00156821440568
988	0.00108633089675
774	0.000524446913497
980	0.00103763076252
987	0.0145241805234
984	0.00258755784219
114	0.00103860018793
776	0.00104457124175
111	0.00258261899811
112	0.00261137340641
118	0.00101873402561
773	0.00109949187687
429	0.00160363274909
428	0.00318227254761
918	0.00205512634054
421	0.0027038321388
420	0.00193475301199
423	0.00355690355943
422	0.0
425	0.00361634819852
424	0.00217322455115
427	0.000501181253306
912	0.0160399672899
309	0.000511192736854
301	0.00163436033216
305	0.00103144411881
306	0.00210496582321
846	0.00325573419656
844	0.000513300639513
843	0.00103632626562
840	0.00100268901217
849	0.00201966610458
823	0.00208533645994
568	0.0026190759588
752	0.00052871081518
754	0.00155659482545
561	0.00270845781709
759	0.0010363155217
563	0.0
565	0.00356536904887
566	0.00156342425478
739	0.0
229	0.00159505597418
228	0.00104886217636
227	0.00153888816966
225	0.000521367491799
727	0.0
724	0.0010659742917
723	0.00151809724779
720	0.00209021403142
721	0.000516782752215
605	0.00363488290738
153	0.000509729430576
152	0.00103929690306
157	0.00466450409113
602	0.00154830616807
159	0.00471144364002
609	0.00104798645478
469	0.00760731295101
48	0.00257391206354
46	0.000518989670714
950	0.00146109220351
45	0.00102621060932
955	0.00150626411792
954	0.000544873877116
40	0.00943943359202
41	0.00151809724779
5	0.00204371125985
488	0.000524589937882
485	0.00051961425203
484	0.00108510447265
483	0.000539620457814
482	0.00101966615548
480	0.000499871176099
472	0.00672497049107
470	0.000522508342474
474	0.000511192736854
478	0.00104481409062
479	0.0010304368822
