344	0.000946711397754
0	0.000690318916349
347	0.00341324559854
343	0.00205631016144
812	0.00065986650797
817	0.000690100119183
719	0.00134242822029
718	0.00558588462079
716	0.000701347789811
714	0.00136141959714
713	0.00070145093044
712	0.00203056305337
710	0.000690318916349
915	0.00354072571462
294	0.00414407846567
295	0.000690318916349
292	0.000680019965597
293	0.00134733678236
290	0.00206993959446
291	0.00215231668574
591	0.00211639538586
590	0.00203557431277
592	0.00417755307144
199	0.00202867903627
596	0.000675799913845
599	0.00204277691022
197	0.000689483211874
196	0.00342970629219
191	0.00418333599678
190	0.00363265572353
193	0.00411153706369
192	0.000672320274955
272	0.00272945671624
275	0.000648543262835
277	0.00065986650797
278	0.00208591827722
526	0.000743150282664
522	0.000701347789811
449	0.000695143765986
443	0.00265239028809
440	0.000671784265654
444	0.0021003041125
103	0.00240291269449
101	0.00201944437477
106	0.0
107	0.00198758840711
105	0.00125896241524
900	0.000675799913845
38	0.00124547635457
907	0.0
32	0.00212175770102
31	0.00232360000075
30	0.000691169829169
34	0.00265000781238
643	0.000721143000864
644	0.00202327603096
439	0.000687934359536
648	0.00345537193646
435	0.00211672862327
335	0.00187580897257
334	0.0083108435349
337	0.00240740843691
331	0.000633853438536
333	0.000690318916349
332	0.00210419819429
854	0.00139823160376
855	0.00265665210293
857	0.000723203141704
850	0.00339718493917
851	0.00261858217133
853	0.00203561798524
858	0.0
859	0.000690468975765
6	0.0013675577543
98	0.00273402190106
91	0.000688025476818
90	0.00410271018114
92	0.0019317254188
95	0.00065631483067
96	0.00122779513375
740	0.00204231092607
742	0.00132634083106
743	0.00549270262849
558	0.00167380667617
746	0.000689367434443
748	0.0
749	0.00480989268876
551	0.000699784395341
550	0.00139005123559
553	0.00259161674045
239	0.00275170157344
236	0.0
230	0.000691916964609
231	0.00395407302977
232	0.00206674678227
233	0.00206486766717
147	0.00483508432347
142	0.00287344190906
143	0.000834078815555
141	0.00180451738378
612	0.00137250065943
617	0.00203334852641
614	0.0
912	0.00550870035914
948	0.0013959833302
947	0.00126779989005
942	0.000680019965597
940	0.00206828287765
517	0.00279350725289
685	0.00359799070551
684	0.00706181471844
687	0.00350575393565
686	0.000690373551704
680	0.00329351224693
499	0.00577138772173
135	0.00544595320183
134	0.0013976498653
139	0.0
497	0.000659738030034
491	0.00195328401232
493	0.00316540546431
24	0.00221476811283
25	0.000676686885853
29	0.00125737420854
406	0.00130352381853
404	0.00136751750541
402	0.0
401	0.00370774062298
933	0.00203458798136
409	0.00204277691022
453	0.000695197230451
379	0.000642690913348
829	0.0
371	0.000680019965597
372	0.00141225775473
374	0.000691061829554
377	0.00340775143332
704	0.00207384075567
706	0.00136794934173
707	0.00270632845442
700	0.00727650776186
702	0.00270263440309
703	0.00137830842632
393	0.000679367717495
397	0.0
82	0.000651483126767
83	0.00338661558448
398	0.000693292239055
86	0.000661444686506
796	0.00041055435851
795	0.000951215760775
791	0.000699340629996
790	0.00344480014946
798	0.00204262167513
607	0.00688383701315
586	0.0132234987699
587	0.000668883358816
582	0.000935060181945
580	0.000872526088957
581	0.00268397711774
245	0.00194993880454
246	0.00333303884328
249	0.00203456783518
248	0.00345470563901
924	0.00204341627565
510	0.000659421298073
513	0.00139612611566
1004	0.00132087111318
515	0.000699784395341
514	0.000597230570487
1001	0.00207775768682
516	0.00201198069801
624	0.000504935278457
450	0.00406109691087
629	0.0155502963571
628	0.00134890332441
454	0.00911583214692
457	0.000680816815211
595	0.0027807528148
175	0.00131376573225
173	0.000672320274955
171	0.00203557431277
977	0.00463069927002
976	0.000690318916349
975	0.0
971	0.00277412390262
978	0.00351355852736
180	0.0
2	0.0027111103684
652	0.00132197588141
184	0.00272067613469
185	0.00135418466867
188	0.00276142103689
189	0.00265146104825
658	0.00149511530773
659	0.0
650	0.00133505890152
868	0.000691169829169
13	0.000685802267791
15	0.00129847266851
14	0.00406190048167
17	0.00272614604783
16	0.000675787093439
861	0.0
863	0.00268957824524
862	0.00209761916642
866	0.00069835130845
881	0.00201281755589
880	0.00136501244937
885	0.00484000980456
569	0.0172653310219
322	0.00540207075415
323	0.0
321	0.00142896551896
326	0.00140305593677
324	0.000691916964609
688	0.00130770620842
775	0.00213841905215
774	0.00125695334209
202	0.000743150282664
771	0.00333202402542
770	0.000699784395341
773	0.000656821488954
772	0.00762825582267
209	0.000691169829169
208	0.0
779	0.00202342472508
77	0.00275149263582
75	0.00835646981234
72	0.00138567083041
78	0.0013590858023
664	0.000621927905889
663	0.0020430514952
662	0.00269022299279
660	0.00135810073347
692	0.00620714547915
693	0.00139814885566
696	0.0
697	0.00130648973691
694	0.0
698	0.00446612641823
542	0.00557823128626
543	0.000693419698846
540	0.0039501383209
541	0.00406091642024
547	0.000888962629503
548	0.00129976406759
997	0.000661051624159
996	0.000633853438536
991	0.00208686393661
990	0.00146908230152
993	0.000676330512685
120	0.00698199420414
122	0.00142155445015
126	0.00345907649727
127	0.0013958478269
414	0.000751965025064
415	0.00572691348663
416	0.0104227711193
921	0.00134577820405
922	0.000680019965597
923	0.00758857073551
418	0.00254734340838
925	0.00136365258965
926	0.000697086592648
927	0.0167917608296
319	0.000712792593303
318	0.000706374603573
313	0.0034524411483
311	0.00129283650301
310	0.00134546108591
317	0.000689367434443
833	0.00273247197023
830	0.000676280529507
837	0.00133560747589
835	0.000687896691779
838	0.00139912035751
368	0.000659421298073
369	0.00348233252295
364	0.00152904370593
362	0.00204441155058
360	0.000743150282664
380	0.00134617834309
383	0.002807327225
388	0.0035963570681
784	0.00136134870473
787	0.000691916964609
780	0.00112982900563
782	0.001399668099
783	0.00268024882869
788	0.0
789	0.0013721238019
572	0.00137713882822
576	0.000672320274955
575	0.000688284065476
574	0.000691169829169
61	0.00841226459701
62	0.000697282306531
64	0.000674513444849
65	0.00617011642069
66	0.000689219744389
67	0.00373546663818
69	0.000628754477995
250	0.000699784395341
251	0.000692421942051
256	0.00482534424058
731	0.00195415080064
732	0.000621988275068
509	0.000560210598627
506	0.0114489665414
738	0.00267110186685
505	0.000808782676481
502	0.00274905561719
500	0.00348867857872
630	0.00543603597176
631	0.00224746945643
633	0.00346361637006
469	0.00283285676679
638	0.00315675463822
464	0.0
460	0.000619790142423
462	0.00200640079109
901	0.000676330512685
168	0.00895634794394
164	0.00321167153218
165	0.00342072519831
166	0.0013870313066
167	0.00280403437191
160	0.00294842740009
161	0.00136055231007
966	0.00272568394287
963	0.000946711397754
968	0.000697771926301
969	0.00197525722154
935	0.000680250392552
909	0.000695328151653
879	0.00462533107596
873	0.00329651828873
870	0.00172298581293
890	0.00137246208574
891	0.0119807440326
894	0.000743150282664
896	0.0
646	0.00279115231651
356	0.013141891475
808	0.000635385933468
353	0.00148032792476
350	0.000657608959816
802	0.000671312881505
217	0.0
214	0.00624473137596
952	0.00139912035751
762	0.0013870313066
955	0.003949721052
761	0.000656455184537
764	0.00114095029251
765	0.00483704592881
956	0.00271122498528
4	0.00134562443047
280	0.00224746945643
284	0.00130578590836
678	0.0
679	0.00141323815788
670	0.000635385933468
671	0.0
672	0.00141965614761
938	0.000701646981904
260	0.00206335024125
267	0.00560270471055
264	0.000695861477434
268	0.00278655883735
58	0.00139099812257
56	0.00065631483067
53	0.00276483007044
52	0.00275951128934
537	0.0
535	0.00279364342312
534	0.00206261329434
532	0.00701956019381
531	0.00065631483067
530	0.00301598345799
538	0.000690318916349
988	0.000948292014742
200	0.00349650537758
980	0.0
987	0.00526271289526
984	0.000690915558492
117	0.00069657163343
776	0.000691916964609
113	0.000699784395341
112	0.000700662610311
119	0.00065986650797
118	0.00250131102535
207	0.0075043899045
429	0.00353100281571
428	0.00505263165863
918	0.00140057708058
421	0.000781327527082
420	0.00120518569588
423	0.00201944437477
427	0.000656821488954
426	0.0
308	0.0
303	0.00115744116911
305	0.00207203622766
306	0.00138267972566
307	0.0
847	0.0019317254188
846	0.00224746945643
845	0.0
844	0.00494626166177
843	0.00209773702372
842	0.000674701324679
840	0.000636015014051
849	0.00130135176817
820	0.000635385933468
823	0.000699784395341
568	0.00193571429262
752	0.00139809167034
561	0.00224746945643
758	0.00208371813131
565	0.00212603075118
229	0.000688692866816
228	0.000690318916349
223	0.00200169865953
220	0.00275225182601
727	0.0
724	0.00275095645989
722	0.000699784395341
723	0.000681663884301
720	0.00469107573544
605	0.00274345174753
150	0.00071706052428
153	0.000659738030034
157	0.00697095948139
602	0.00482939505504
159	0.00968988596411
609	0.00207975935676
958	0.0
48	0.00356143882693
49	0.00069061585023
951	0.0061703073699
950	0.00119627122624
953	0.000951215760775
45	0.000689219744389
42	0.0
40	0.00615300823269
41	0.00204797784054
5	0.00194618620679
485	0.000699784395341
483	0.00205582193453
482	0.000690318916349
472	0.00413312161754
470	0.00274926263012
477	0.000671860713011
479	0.000695861477434
