344	0.00352056233763
0	0.0
347	0.00194945563773
343	0.00274010307848
814	0.000662048731434
817	0.00239263149851
719	0.00283277242591
718	0.0043088065825
716	0.00187214298914
715	0.000662224974084
713	0.00129027466123
712	0.00125237139454
711	0.00061070970082
710	0.00148991474704
915	0.00334994007941
294	0.00405730445339
290	0.0039231142088
291	0.0014254898078
591	0.00123832601893
590	0.00198773005949
592	0.00395929252762
595	0.0012874588323
599	0.00128611913674
197	0.000600445817527
196	0.000641062211262
191	0.00192783876199
190	0.00509106254063
193	0.00773692710359
192	0.000555681077881
272	0.00127910764538
274	0.002233075597
275	0.00163144650425
277	0.000662975685217
278	0.00125209311401
524	0.000428854110222
526	0.00321357346185
522	0.00243381600885
528	0.00129854230647
443	0.00502740034006
440	0.000539301702526
444	0.000635755083567
102	0.000921231649602
103	0.00109976087775
101	0.000520980863576
106	0.00267515073278
107	0.00162761920777
105	0.000624336576888
900	0.000633391596704
901	0.00123537951557
904	0.000613945980611
32	0.00131065245514
31	0.00435149501469
30	0.00315302681522
35	0.0017156029282
641	0.00119476007448
643	0.000700697208656
644	0.00122999699802
647	0.00166590201978
439	0.000627131334841
649	0.000428854110222
648	0.0012742978215
435	0.00128512605667
432	0.000600445817527
433	0.000600445817527
431	0.000884312600505
338	0.00185409934878
335	0.00112862372676
334	0.00364092432143
337	0.000631327340689
333	0.000655089452162
332	0.00128535392292
854	0.00191414199713
855	0.00120427193022
857	0.00333718205575
850	0.000562711316891
851	0.00176139959367
858	0.00147030577209
6	0.00059660540132
98	0.00135251482177
91	0.000627767221542
90	0.00824518724418
92	0.00256031221386
95	0.0019341275055
742	0.0037308705803
743	0.00312897156192
558	0.00352757249727
746	0.00185494035563
748	0.000662361438147
557	0.000631841015944
551	0.00126612527091
550	0.00180654622035
553	0.000539301702526
236	0.00336196688758
230	0.00131555017073
231	0.00476617779441
232	0.00125926808355
233	0.00184911164802
1	0.000532169247366
146	0.0
147	0.0125971241181
142	0.000836454634846
143	0.0
141	0.000879148293355
613	0.000606359614258
617	0.0013110523966
614	0.00203332562542
149	0.00128189134583
947	0.00189059479298
944	0.000698379252521
942	0.000659581240583
940	0.000630370187346
517	0.00133103930767
685	0.00349145297193
684	0.00163148382551
687	0.00188467198462
686	0.00132536862134
681	0.00061388218167
680	0.00134610100812
682	0.00222169377985
137	0.000615124928057
136	0.00580541640701
135	0.00461555089758
134	0.00199497162733
139	0.000835659787976
497	0.000567082865816
491	0.00056193352543
493	0.00240827204185
24	0.00246646104279
25	0.000977254052088
27	0.000662975685217
927	0.0146421070993
28	0.000600445817527
29	0.00115789473099
407	0.00061070970082
939	0.000428854110222
404	0.000650271140935
401	0.00364969542886
400	0.000620254587513
933	0.00258758868092
935	0.00251709567647
408	0.0016026305042
378	0.000500838323399
828	0.000532169247366
371	0.00217217490992
373	0.000739252085076
372	0.00260236077885
374	0.000618825770254
377	0.00120259007974
704	0.00320488113794
700	0.00510427298001
702	0.000567082865816
703	0.000633391596704
392	0.000668994258948
82	0.000675911101676
181	0.000730358207184
398	0.000630370187346
86	0.00250000266141
796	0.00116368826714
795	0.0025294252733
790	0.0019758869587
586	0.00518049114769
587	0.000675911101676
585	0.00497708875725
582	0.00119431616913
581	0.00129616568919
588	0.000600445817527
589	0.000645461556152
245	0.00230439214714
246	0.000520980863576
242	0.00121235745535
249	0.00309434409107
248	0.00539000788039
511	0.000600445817527
510	0.00694401401493
513	0.000635755083567
1004	0.00241929882923
515	0.000635755083567
514	0.00252453397665
1001	0.00298160534415
516	0.000552282550652
458	0.0004999463094
622	0.000846999803988
624	0.000615653333887
450	0.00441162650455
629	0.0133221566229
628	0.00133549234226
454	0.00622174356691
457	0.00059882702836
199	0.00059660540132
175	0.00271513943143
174	0.000428854110222
173	0.000596765851366
171	0.00190812366771
170	0.00118858766435
977	0.00455674877287
972	0.000662975685217
971	0.000886339067723
180	0.0
978	0.00956641955277
656	0.00156681284203
654	0.00109561034022
2	0.0046319725641
187	0.000629070524725
650	0.00109561034022
188	0.00344640020557
189	0.000617668024532
658	0.0215512086835
659	0.00185952707845
184	0.000963854795142
868	0.00446403523558
13	0.000563361029315
15	0.00200976358037
14	0.00117922083338
16	0.00179332726404
861	0.000596554144156
863	0.00185112762982
862	0.000655089452162
866	0.000520980863576
883	0.000655447449143
881	0.00059660540132
880	0.000644283914451
886	0.000632511861834
885	0.000631841015944
322	0.000835659787976
323	0.000412370152953
321	0.00100858330458
326	0.0
327	0.000555681077881
329	0.00123432270391
200	0.00701771043353
203	0.000618825770254
758	0.00241727418613
771	0.0018499760378
770	0.000635755083567
207	0.00753124083352
206	0.000428854110222
209	0.000641924029832
208	0.00127656475403
779	0.000476932509166
77	0.00314174786906
75	0.00189935892853
669	0.000477307742688
663	0.000544950046843
662	0.00251909054208
660	0.000618825770254
769	0.0186461499574
692	0.00306897811759
693	0.00124986693325
690	0.00145123655427
697	0.0035817701698
695	0.00262290493318
698	0.00356484681067
542	0.00569094121192
543	0.000886339067723
540	0.006109336118
541	0.00059660540132
546	0.00705404709579
547	0.00260208159127
8	0.0
548	0.000334799658809
549	0.000637274598775
994	0.00181425642075
996	0.00059660540132
990	0.00171570259217
993	0.000620254587513
120	0.00124469842477
122	0.00088005772931
125	0.000846999803988
126	0.00390268498164
127	0.00553847191339
414	0.000734333798624
415	0.00267930226428
416	0.0109330755006
410	0.00234058298286
920	0.0021462667238
921	0.00119337125269
923	0.00127942520938
418	0.000567082865816
925	0.000594902313415
926	0.0019873206673
499	0.00365046830639
319	0.0004999463094
318	0.000530859237801
313	0.000642456805556
311	0.00176831500587
316	0.00342346957956
832	0.000992895335182
833	0.00191484809261
837	0.00167835489686
835	0.000620254587513
838	0.000889366280117
369	0.00126829596708
364	0.00241407165773
365	0.0
360	0.00321357346185
361	0.00123383741423
952	0.000886339067723
381	0.00279226785869
383	0.0012929106611
388	0.00101687715195
780	0.000500838323399
782	0.00322537772608
783	0.00287120649433
788	0.000532169247366
789	0.00123472502211
151	0.00128043393202
573	0.000668994258948
572	0.00127934166566
577	0.000662975685217
153	0.000567082865816
575	0.00125964420801
61	0.00309287563437
62	0.00253381251532
65	0.00386822793886
66	0.0
67	0.00347849509112
68	0.000600445817527
253	0.00193769659122
250	0.00126713978146
251	0.000600445817527
256	0.0012719364243
731	0.00333555792837
732	0.0
737	0.00163144650425
506	0.0131692101425
738	0.00339557940478
502	0.00379145467928
500	0.00705677333298
630	0.00388595004517
631	0.00243683475803
633	0.00143358440154
469	0.00419219165848
468	0.0
638	0.000720526009425
466	0.000624784551418
461	0.00059660540132
462	0.000637274598775
168	0.00949353907161
164	0.000682412209519
165	0.00424411255817
166	0.00452044329999
167	0.00349059561198
160	0.00550090221479
966	0.00192348206804
963	0.000878514685649
879	0.000514458188286
872	0.000600445817527
873	0.00240765826408
870	0.00203362211659
890	0.00208594424029
891	0.0058486799299
896	0.00119755656303
646	0.00252964460957
356	0.0131377344069
809	0.000600445817527
808	0.0
353	0.0022074987633
803	0.000683925239173
216	0.0004999463094
214	0.00456938723502
215	0.0
762	0.000677028570313
761	0.000637187691368
764	0.00178768371699
765	0.00253941627802
957	0.000879148293355
956	0.00296876063294
4	0.00138933820213
281	0.00121050012477
280	0.00240368243294
283	0.00129241891878
285	0.00150788568936
679	0.000497197000876
674	0.00204899362853
670	0.00119337125269
672	0.000974259657022
260	0.00377184166144
267	0.00278724512523
264	0.000692610347885
56	0.00298179116662
53	0.00172649646685
52	0.000636915453087
537	0.000673309243268
535	0.00254041095436
534	0.0025124808497
532	0.0022220322712
531	0.000600445817527
530	0.00695455144856
538	0.00062382040056
988	0.00437304615567
774	0.0012516902904
987	0.0186687125919
984	0.00193322961884
114	0.000613945980611
110	0.000668994258948
113	0.000635755083567
112	0.00334343086909
118	0.0
772	0.00466010742473
429	0.0014254898078
428	0.00435569693995
918	0.000478970246055
421	0.000851272926792
420	0.000412370152953
423	0.00314939478831
422	0.00133747694596
424	0.002453903431
427	0.00260869586884
912	0.00569896017627
308	0.00132509569322
301	0.0017156029282
305	0.00189909523114
306	0.00558168613979
847	0.00380742975124
846	0.00241366587999
844	0.00240919980781
843	0.00306245413995
841	0.000633391596704
840	0.00119250136315
849	0.00222028527284
823	0.00253430307671
568	0.000628035202721
569	0.00851438423935
561	0.00399487148018
562	0.000782952413905
563	0.000667287039514
565	0.00300748627363
566	0.0006452926371
739	0.00261373450279
229	0.00178403040461
228	0.00125824633779
227	0.0
226	0.000633391596704
223	0.00155432595168
220	0.000630370187346
724	0.00250627899075
722	0.000635755083567
723	0.00197868846493
720	0.0074271083144
605	0.00376898488804
607	0.00440095668039
152	0.00250000266141
154	0.000428854110222
157	0.000624443837259
602	0.0031709976628
159	0.0113643799857
609	0.00572393072992
83	0.000620254587513
958	0.0
48	0.00200411353644
951	0.00180223059624
950	0.00148897828236
953	0.00168106425654
45	0.0
955	0.00111865125058
954	0.000876705023861
40	0.00260166713373
41	0.001466639145
5	0.00169484182811
489	0.000428854110222
485	0.00126702792863
482	0.00202171113905
472	0.00377400958155
470	0.00253949592091
471	0.000662975685217
477	0.000927525829119
