344	0.00142469015149
0	0.00206833283667
347	0.00121832162667
341	0.00067755436941
343	0.00317021068441
810	0.00181228482895
812	0.00187153903664
349	0.00133134741033
817	0.00360883151468
719	0.00494694629904
718	0.0078936214524
716	0.00258691069964
713	0.00127828073623
710	0.00128742427413
915	0.0121847725845
299	0.0
294	0.00719945643055
293	0.0019251072634
291	0.00321138332391
591	0.00322562558929
590	0.00062698452282
592	0.00384471120733
595	0.00193509235156
198	0.00185556455377
597	0.000615626429852
599	0.0
598	0.001917767948
197	0.000637489799307
196	0.00510141466821
191	0.0
190	0.00142899414696
193	0.000624012417039
192	0.00120133658759
272	0.0013351452746
273	0.00065951730007
274	0.00144527230531
275	0.000608285712572
277	0.000642136843163
278	0.000647010647274
526	0.00143829723916
522	0.000647216428561
528	0.00187680624984
443	0.00327627926184
441	0.0
440	0.000600313411842
447	0.003257436993
445	0.000744924821909
444	0.00253329997194
103	0.00122766495914
107	0.00182917551067
104	0.0019369101872
105	0.000603420273361
900	0.000636367014265
38	0.00388642492182
32	0.00191479055717
31	0.00138387803134
30	0.00193616458418
35	0.00299303829697
641	0.00062928271346
643	0.000603102783767
644	0.00247374318389
647	0.00277516853616
439	0.000644941165957
649	0.000637655663102
648	0.00324695879869
435	0.00259993562491
432	0.00205200935967
433	0.00124490914331
338	0.00252412496765
335	0.0139115980177
334	0.00704997650816
337	0.00123089240504
333	0.00325645334601
332	0.00196654347973
558	0.00355318644483
854	0.00384991715326
855	0.00185640520113
857	0.00337762330707
850	0.00190487002804
851	0.00850040811734
819	0.0012501355042
6	0.000651292966171
98	0.00193020626362
91	0.000682093388423
90	0.00128633850811
95	0.00125330240231
96	0.0
742	0.00700915083024
743	0.0026366771436
559	0.0
745	0.000617084993368
746	0.00258356537502
551	0.00125412572004
550	0.00211683029856
553	0.00120237872869
552	0.0140656653596
239	0.00133291578952
235	0.00128494181482
236	0.00181151106435
230	0.000573149726396
231	0.00379235300658
232	0.0032177508541
233	0.00193374906356
147	0.00378890807193
142	0.00067755436941
143	0.00130553089878
141	0.00297607494948
617	0.0006595648334
614	0.00299173748364
1004	0.00304916877338
948	0.00584820000005
949	0.0012871990738
946	0.00257368862707
947	0.00119565592723
942	0.000616913555663
940	0.000645741034988
517	0.00652847977635
685	0.000744701544759
684	0.00700251265096
687	0.000648821528767
680	0.00197652030437
683	0.00129012129793
682	0.0030773090103
133	0.0013070673432
137	0.000616913555663
136	0.00209263055384
135	0.00494733188234
134	0.00253281515195
497	0.000612896262105
491	0.00122860779252
493	0.000744924821909
24	0.00285849393078
25	0.00212299482109
28	0.00062928271346
29	0.000603102783767
402	0.0
401	0.00456512565346
936	0.000616913555663
409	0.000643250568102
379	0.000602333073109
378	0.000608880238438
828	0.000617084993368
373	0.000749484684754
372	0.00064468696909
374	0.0025523387857
823	0.000630106174608
707	0.00132035136259
700	0.00371862107469
703	0.00131383682135
391	0.00147810871311
397	0.000615626429852
176	0.000656870964852
181	0.000725635077537
86	0.000654919810768
796	0.000608880238438
795	0.00450310244824
791	0.00128214244002
790	0.00698254749595
586	0.0045989198268
587	0.00063653424208
582	0.00062928271346
581	0.000636367014265
245	0.00254998270627
246	0.000641224842583
241	0.00149928869264
249	0.000651292966171
924	0.00248382116506
510	0.0
513	0.000630106174608
512	0.0043684584185
514	0.000608880238438
1001	0.000642136843163
516	0.00180454273161
458	0.000711416324301
622	0.0
624	0.00188375163372
629	0.00434013218819
628	0.000616913555663
454	0.00511698757319
979	0.000615626429852
178	0.00325643976441
199	0.00123773248652
175	0.00121138849634
173	0.00314104535008
171	0.00125626470213
170	0.00123116833661
977	0.00671542533535
976	0.000665927993221
971	0.00136384120256
253	0.000601568722628
978	0.00145883732983
656	0.00210992234396
654	0.00184330618121
2	0.00125236348232
187	0.000634888849054
650	0.0024598654602
185	0.0006595648334
188	0.0156217812396
189	0.00193520558335
658	0.00218847264928
184	0.000608245854538
868	0.00259790388174
13	0.00305121232622
14	0.00311061521609
17	0.000676110750973
16	0.00190970780837
19	0.000651292966171
862	0.00135767822147
867	0.000624012417039
883	0.00131716967301
881	0.00179097041961
880	0.000660495069267
885	0.00194499352001
809	0.00126736705182
322	0.00192507340132
321	0.0020878281186
327	0.00122106598957
324	0.00128738699618
329	0.00125100049541
688	0.000603102783767
201	0.000603102783767
200	0.00202900715254
776	0.000640201309655
205	0.000650021133938
770	0.000630106174608
207	0.00819981991457
772	0.00127985069133
209	0.000651309323904
208	0.00182909382448
77	0.00193924275852
75	0.0051521499767
74	0.00392199382396
70	0.000642136843163
78	0.0
668	0.000645288554387
664	0.000603102783767
663	0.00125189532862
662	0.000654919810768
692	0.00194736913072
693	0.00133251171933
697	0.00187981439767
698	0.00442093391141
542	0.00384184961269
543	0.000686286833152
540	0.00508342622576
541	0.00186950324277
546	0.000706679380778
547	0.00368650848107
544	0.00063653424208
994	0.00188669320807
996	0.000617957149971
990	0.00138248147403
120	0.00319225677982
122	0.00608191351011
124	0.000625577358936
125	0.0
126	0.0045302210557
127	0.000648821528767
415	0.00396033754945
416	0.0155916772641
410	0.0037765140754
920	0.00214172790119
921	0.00184257802388
923	0.00121719515248
418	0.00121043828175
925	0.00314364395402
926	0.000640201309655
499	0.00477053862485
319	0.000711416324301
318	0.0013373468055
313	0.00519405655769
311	0.00188260148835
310	0.00128215191412
316	0.00137649820367
832	0.000647216428561
833	0.00395777824696
837	0.00125119963637
834	0.000706679380778
838	0.00210323026544
369	0.000630106174608
364	0.00062928271346
362	0.000650021133938
360	0.000721353165793
361	0.00062928271346
381	0.0048226786249
383	0.00195179982413
388	0.00195770540814
784	0.000636367014265
787	0.000647010647274
780	0.000608880238438
782	0.00259061467569
783	0.00432859024033
788	0.0
789	0.00062928271346
151	0.00120671022945
577	0.00172814990161
576	0.000617957149971
575	0.00129091180958
61	0.0105345492845
62	0.00255223446351
152	0.000654919810768
67	0.00511207825974
68	0.00125947546541
69	0.00124616861219
250	0.00820795224327
251	0.00062928271346
256	0.00195267143202
257	0.000665005619153
255	0.000573149726396
731	0.00265977631511
737	0.00240858907193
506	0.00866866486724
738	0.0104882083093
502	0.00645063227374
500	0.00259441562189
630	0.00222509424222
633	0.0025552980089
634	0.000652303699211
468	0.00184626280268
464	0.00250717282989
168	0.00903565596663
169	0.00064468696909
165	0.00621295399953
166	0.00591307886223
167	0.00437219654361
160	0.00427595166213
963	0.000733183891196
908	0.00257420306176
909	0.000679894597245
879	0.00188560714093
872	0.00062928271346
873	0.00126003571815
890	0.00706737146539
891	0.003649002335
646	0.00126721685572
356	0.010425552134
355	0.000630475389849
808	0.000603102783767
353	0.00144881698404
803	0.00131888111886
804	0.00179191332495
216	0.00210966171708
214	0.00841689498095
762	0.000646276017867
763	0.000647010647274
761	0.00239216890161
767	0.000651292966171
764	0.00252496102674
765	0.00644863344611
957	0.00224355361222
288	0.00445100218258
280	0.000676677900157
679	0.000701346953866
674	0.00197574353735
676	0.0
670	0.00180344360817
260	0.00257128028263
267	0.00280319723782
268	0.00638947788514
56	0.00062928271346
52	0.0019447561526
537	0.00180605436274
535	0.00126222412277
534	0.00510760276218
532	0.00421924313898
531	0.00062928271346
530	0.000732379749455
538	0.000644652640713
988	0.00295258693416
774	0.000595614752477
980	0.000603102783767
987	0.0189038816172
984	0.00258684571939
985	0.000603102783767
117	0.000638195770549
110	0.00065686241849
113	0.00190810754233
112	0.00267694112832
771	0.00323789103048
119	0.00124103392874
118	0.000603102783767
773	0.000626558174858
429	0.00322961462098
428	0.00531928479685
918	0.00070894379981
421	0.00375342134548
420	0.0
423	0.000608880238438
422	0.00197608808215
425	0.00256858356606
424	0.00450310244824
427	0.000634696623322
912	0.000644941165957
301	0.00224355361222
302	0.00134272031939
304	0.0
305	0.000642822879976
306	0.00192082062292
846	0.000733183891196
844	0.00212227747697
843	0.000658643470325
840	0.00126003571815
955	0.00125705818945
849	0.00304924072391
568	0.00181294487194
752	0.0031869499983
756	0.000644941165957
561	0.00147810871311
565	0.00268436911301
739	0.00067755436941
229	0.00128612949308
228	0.000655833819172
223	0.000627383891492
220	0.00320936671924
724	0.00194611253209
722	0.000630106174608
720	0.00261352474892
721	0.00193237775264
605	0.00196731887137
607	0.00649207408979
606	0.000626378454169
157	0.00118053293198
602	0.00457724303985
159	0.00452365557714
609	0.00128709561296
83	0.00064714564434
469	0.0119521781191
48	0.00425997173325
951	0.00527403614654
950	0.0031007915503
953	0.00206498926412
952	0.00342695365909
42	0.0
954	0.00299303829697
40	0.0019073696299
956	0.00212160837165
5	0.000603102783767
488	0.000617050462783
485	0.000630106174608
482	0.0012546680895
481	0.000671283808218
480	0.00062928271346
472	0.00258856666111
471	0.0
477	0.000640170567617
