344	0.00511321817707
0	0.00102309340645
343	0.00231337148538
810	0.00074212932157
812	0.00100930047486
817	0.00372939141336
719	0.00156668036696
718	0.00376765059066
716	0.0
712	0.0013104888914
710	0.00102309340645
421	0.00748439435679
299	0.00109011259897
294	0.000634433273539
292	0.0
293	0.000749030203674
290	0.000520100371366
291	0.0027930177225
591	0.00226833224083
590	0.0
592	0.00134419185166
595	0.0
594	0.000767684017014
599	0.00102309340645
197	0.000802644223928
196	0.00050336725769
191	0.00124481544994
193	0.00501467381922
272	0.00132310410286
275	0.000404823614964
278	0.00185360909356
526	0.0056627366326
523	0.000655244445702
528	0.000611379475707
443	0.00360598621284
440	0.000747943686737
447	0.0
445	0.00126045679904
107	0.00470361306291
104	0.00062212162166
105	0.00230795724518
900	0.000674287718796
32	0.00423477802644
31	0.00480345417356
35	0.00563326124942
641	0.000493831836686
640	0.000897091313899
643	0.00119560170673
644	0.00143493118265
647	0.00172854694559
648	0.00135716407128
435	0.000764144924816
432	0.000493831836686
433	0.000974067550854
338	0.0019346673596
335	0.00746707153332
334	0.00312941696357
337	0.00132297141156
333	0.00102309340645
332	0.00183691467655
854	0.0
855	0.00169980989695
857	0.00172854694559
850	0.0
851	0.0420456999435
852	0.00082104099022
819	0.0
858	0.000704034271685
6	0.00179661357517
98	0.0027930177225
91	0.000699602838495
90	0.00404709335805
92	0.00172854694559
95	0.000974067550854
97	0.0
742	0.00422902779093
743	0.00141203132612
745	0.000777684775921
746	0.0033772594271
551	0.00100930047486
550	0.00175309120108
553	0.000756644548825
552	0.00563326124942
239	0.000730074196521
236	0.00074212932157
230	0.00208024856375
231	0.00338387331956
233	0.00381832135232
1	0.0
147	0.0
142	0.00360923156073
141	0.00559636256067
612	0.00254475432686
614	0.0049885989869
1004	0.00164866976611
947	0.00144417667639
940	0.00232401595616
685	0.00357972357174
684	0.00156184255411
687	0.00217920681904
680	0.000790466738472
682	0.000764943281407
133	0.00147911862044
137	0.00067163864915
136	0.00681996005923
135	0.0100370173626
134	0.00134419185166
139	0.000914210442072
491	0.000756606948613
493	0.00313582689803
24	0.00422215405078
25	0.000724770058843
927	0.0
28	0.000493831836686
29	0.00151564949029
401	0.00866212743109
936	0.00271440537445
409	0.00201004543062
934	0.0
371	0.00158872500723
824	0.00372939141336
374	0.00188703162955
377	0.000723864389298
709	0.00372939141336
704	0.00223726248542
700	0.00149854478246
703	0.000767684017014
392	0.00161361100484
82	0.000767684017014
83	0.0
399	0.000924187712945
398	0.00132310410286
86	0.00142163443807
796	0.000480235714168
795	0.0112241004521
791	0.00084408008136
790	0.00303297703141
586	0.0102545695022
587	0.00141882903757
582	0.00156118359162
580	0.000672606756288
581	0.00338649273837
245	0.00633404114099
246	0.00102808559914
241	0.00372939141336
249	0.00102309340645
248	0.00466410295284
511	0.000493831836686
510	0.000914210442072
513	0.0
512	0.00372939141336
1001	0.00309234811031
516	0.000756369112457
624	0.0
450	0.0102035672672
629	0.0201929400922
628	0.00148797189732
454	0.0093874225472
199	0.00217085943512
175	0.00123679338044
171	0.0
170	0.00187563162829
977	0.00348593848377
976	0.00102309340645
971	0.00518942848442
978	0.0188608041102
656	0.00118472387077
180	0.0
2	0.00407632864086
187	0.00197009179025
184	0.000720994233446
185	0.00211673841608
188	0.0148019343224
189	0.0
658	0.00296170284731
868	0.00306153807088
15	0.0015886605501
17	0.00172854694559
862	0.00493367467362
865	0.00082104099022
866	0.000749030203674
883	0.000672649526901
881	0.00456382588029
887	0.000788995591039
886	0.0
885	0.000634433273539
321	0.0
327	0.000719376792385
324	0.00082104099022
329	0.0
774	0.000716912728274
776	0.00082104099022
771	0.000622989307261
207	0.0126485981669
772	0.00312989628581
209	0.000601320474615
208	0.00074212932157
77	0.0
74	0.00122542360944
78	0.00102309340645
663	0.0029410484413
662	0.00221224143729
692	0.00376605764136
693	0.00102309340645
696	0.00218592480096
697	0.00106336931272
542	0.0
543	0.00518942848442
540	0.000493831836686
541	0.0029860177064
546	0.00180545142925
547	0.0392145525765
544	0.00082104099022
994	0.000974067550854
997	0.000788995591039
996	0.00132335526942
990	0.00172854694559
126	0.00181388948927
127	0.0
415	0.00579660409809
416	0.00366714651959
920	0.00354518860961
921	0.00157616439265
923	0.00564196224814
418	0.00122677523782
926	0.0
499	0.00146014839304
318	0.000605345928738
313	0.0
311	0.00255178344313
310	0.0
316	0.00174322458202
832	0.00217888211364
837	0.000777684775921
835	0.00082104099022
838	0.00320312513609
364	0.0010074142704
362	0.00135725694573
360	0.00403392983941
361	0.000493831836686
952	0.00856135684926
381	0.00144881352496
383	0.00139289463659
388	0.00327624613999
784	0.0
782	0.000764144924816
783	0.00153832352495
789	0.000974067550854
151	0.000520100371366
573	0.000597595368904
572	0.00131489305644
61	0.00278264108491
62	0.0
65	0.0
67	0.00981786303477
68	0.000493831836686
253	0.00158326625853
250	0.0
251	0.000974067550854
256	0.0
731	0.00161150772869
732	0.0
737	0.000404823614964
506	0.00360352635619
738	0.00547154439441
502	0.00499685810737
500	0.00461315049632
630	0.00801945964814
631	0.00135146329133
633	0.00206185179746
469	0.00931894497865
466	0.000644426592507
462	0.000557707720233
168	0.00311589431353
164	0.0
165	0.00825657662185
166	0.00298812490883
167	0.00940628307668
160	0.00209940697807
963	0.00164672225583
935	0.000838880759012
879	0.0
872	0.000493831836686
873	0.000493831836686
870	0.000767684017014
891	0.00754242928177
898	0.000806195220307
356	0.00547491117032
809	0.000974067550854
803	0.000554500756602
802	0.00195271825959
216	0.0
214	0.0255516156799
769	0.0
762	0.00195809353139
955	0.00145195060566
761	0.000756369112457
767	0.00102309340645
764	0.000493831836686
765	0.00314367978433
957	0.00563326124942
4	0.000767684017014
280	0.00610936998613
674	0.00111315791185
670	0.00380455550912
260	0.0
267	0.00114964749115
264	0.00125920757353
58	0.000476635556099
56	0.000974067550854
52	0.00306043761214
534	0.00551525321439
532	0.00221787522641
531	0.00248979917986
530	0.00343296108059
538	0.00227772671908
988	0.00377084098336
200	0.0103631568866
980	0.000749030203674
987	0.0145202501566
984	0.00440976926258
985	0.00152213828323
110	0.00224638357729
112	0.00226280540299
429	0.0027930177225
428	0.00519772845125
915	0.0309188676031
420	0.0
423	0.00158965503789
424	0.00933862204779
427	0.00045475151128
912	0.00394557325169
309	0.0
301	0.00530770115958
302	0.00172854694559
305	0.000601320474615
306	0.00132310410286
847	0.00182224758919
846	0.0044201952962
844	0.00082104099022
841	0.000740801563893
840	0.00111327070381
849	0.00089865545165
823	0.0
569	0.0183972481981
561	0.0044201952962
563	0.000723864389298
566	0.00113147984707
228	0.00102309340645
220	0.00082104099022
724	0.00205760317989
722	0.0
720	0.00362667286301
605	0.00102309340645
150	0.00145464172789
607	0.00526571580335
152	0.00142163443807
157	0.00139857819835
602	0.00193205050818
159	0.00555106837509
958	0.0
951	0.000730074196521
950	0.00076673826477
953	0.00172854694559
45	0.000605148725692
42	0.000730074196521
954	0.00563326124942
40	0.00323566092433
5	0.00228246967696
485	0.0
482	0.00146512861801
472	0.000651447816692
470	0.00102309340645
471	0.000570554824592
477	0.0
