344	0.00126232665952
0	0.00114000642261
341	0.00129309462636
343	0.0
810	0.00102291332631
812	0.000749221985611
817	0.00446957820742
719	0.000881565245399
718	0.0097072707779
716	0.00125873384343
715	0.00133752750141
713	0.00152418496169
712	0.00172817347888
711	0.000459113429672
710	0.000400774292435
915	0.0153829955246
910	0.000400463603262
294	0.00153096352074
295	0.000400774292435
293	0.000459113429672
290	0.00245999497332
291	0.00321053941911
591	0.000765033391228
590	0.0007108793358
592	0.00449476447175
595	0.00336431477845
599	0.00141198574157
194	0.000341643891349
197	0.00103359720388
191	0.00223302186461
190	0.00978240951026
193	0.00414540336828
192	0.000434336961396
270	0.000429921886981
272	0.00105560615439
273	0.000341643891349
274	0.00252595105901
275	0.00154972362823
278	0.00455773184577
526	0.00613311803615
522	0.000427001115546
523	0.000694194856341
443	0.00192215461004
445	0.00208796532594
444	0.000700846093653
102	0.000254164030004
103	0.000916448472886
101	0.00111034367079
106	0.000254164030004
107	0.00177558416563
104	0.00348401560119
900	0.000609447428917
38	0.000947695544302
907	0.000673845146732
905	0.0
32	0.0015783786323
31	0.00390365353712
30	0.00273272801413
35	0.00219919839428
641	0.000788745365554
640	0.00142891817502
644	0.000874395578829
647	0.00287147325867
646	0.00139687502122
437	0.000429921886981
435	0.00166686450142
432	0.000393124585208
433	0.000393124585208
338	0.00198070715773
335	0.00245325385519
334	0.00606508233396
333	0.000783226523192
745	0.000429921886981
854	0.00242646645851
855	0.00168815468066
857	0.00400071106285
850	0.000429921886981
851	0.00572859004099
6	0.000400774292435
98	0.00933186094697
91	0.000664091837294
90	0.00736774456677
95	0.000393124585208
740	0.0
742	0.00367821140122
743	0.00484862732431
558	0.00148783563099
746	0.000926918285175
747	0.000429921886981
749	0.000342891179846
557	0.000711761207275
551	0.00139444641753
550	0.00204030368821
553	0.000403541586005
235	0.000657386979786
231	0.00156566281105
232	0.00140549128692
233	0.000435704582722
1	0.000535702966963
147	0.00406028591634
142	0.00406945312731
143	0.000718688555995
141	0.00205640974073
612	0.00129929955675
613	0.000611113840938
617	0.000591324773831
614	0.00123227138006
149	0.00169868053941
947	0.0
942	0.000413946514138
943	0.000236688508563
517	0.00748984296186
684	0.00244733905168
687	0.00386345439601
680	0.0004968786546
682	0.00216200819638
133	0.00142332063144
131	0.000429921886981
136	0.00143313331672
135	0.00167394705693
134	0.00311655445537
495	0.00142125460071
139	0.000694629245128
497	0.000397670450884
491	0.000386730395675
493	0.00311666496848
24	0.00419356024842
25	0.00161611248379
28	0.000393124585208
29	0.00038705572167
406	0.000236688508563
405	0.000614651754678
404	0.000476672690728
401	0.00510026048551
933	0.0
409	0.000400774292435
758	0.0024281496379
379	0.00142125460071
373	0.00123227138006
372	0.000897680000518
374	0.0
377	0.00344224916546
822	0.000213389495333
708	0.000459113429672
704	0.00122323340157
707	0.000776796787374
700	0.00297192475321
702	0.000429921886981
703	0.00116260429717
393	0.00135086925235
176	0.00600574826584
181	0.00123227138006
398	0.000572100811939
84	0.000189746871628
795	0.00671625226377
790	0.00149526728413
586	0.00991376315708
582	0.0020623573198
580	0.000452534245599
581	0.0026906599776
588	0.000395620780346
589	0.00205197471837
245	0.00318125093317
246	0.00114168727313
241	0.00219919839428
242	0.000688185715814
249	0.000775466183646
248	0.00129367967896
924	0.000429921886981
511	0.000393124585208
510	0.00155244574571
513	0.000700846093653
1004	0.000778150112373
514	0.00115369135388
1001	0.000827592337864
516	0.0156715517614
458	0.00148440510953
622	0.000489764049706
626	0.00108618240284
624	0.000358916899358
450	0.00156738561814
629	0.0113511028649
628	0.000858221751958
454	0.00553647477441
457	0.000378613103965
178	0.00648310417348
199	0.000874395578829
175	0.00114532412458
173	0.000429921886981
170	0.000856829317594
977	0.00281499745736
972	0.000672886348648
979	0.000429921886981
978	0.00619133289146
656	0.00123227138006
657	0.000429921886981
654	0.00173713858721
2	0.00155022460122
186	0.00502858745409
653	0.000429921886981
650	0.00128549522879
185	0.000591324773831
188	0.0121637185335
189	0.000869307532557
658	0.0015783786323
187	0.00109037631012
184	0.00136019064449
13	0.000429921886981
15	0.001205461162
14	0.000429921886981
17	0.00269395533811
16	0.000879595273082
863	0.000967730963209
862	0.000400774292435
866	0.000837726533637
659	0.00108124316987
883	0.0
881	0.000874395578829
880	0.000717456894819
887	0.00081970333831
886	0.000690405266449
323	0.000254164030004
321	0.000524921450017
326	0.00213169409768
327	0.0012463104151
325	0.000459113429672
329	0.00162013898014
200	0.00263390938421
777	0.000459113429672
563	0.000236671884039
771	0.00444268274558
770	0.000700846093653
207	0.017888321216
772	0.00342625237173
209	0.00142741931686
208	0.000828644680041
779	0.0
77	0.00141395473121
75	0.00152208583673
74	0.00288522323566
73	0.000524921450017
78	0.000400774292435
669	0.000221826525919
663	0.0
662	0.00279313834685
692	0.00109221709537
693	0.000783226523192
697	0.00250165782823
695	0.000578933463664
698	0.00238683310072
542	0.00139687502122
540	0.00615608155137
541	0.000429921886981
546	0.00373920593618
547	0.00377757702659
995	0.000395620780346
994	0.00126276767151
997	0.000604192616366
996	0.00127886847896
991	0.000827775407981
990	0.00126232665952
993	0.000551490456236
120	0.00144324164064
122	0.00175220805604
125	0.000240249919505
126	0.00217826621419
415	0.00399640138735
416	0.00864667173844
413	0.00123214359848
920	0.00641386638156
921	0.000848693209245
923	0.00546423287935
418	0.000818757956953
925	0.000848258662496
926	0.00133752750141
499	0.00423823911229
319	0.000490635009464
318	0.00123354114106
313	0.00569361968885
311	0.0012413832477
310	0.000564077538986
316	0.00255542128588
832	0.00136344928506
833	0.00356757913061
830	0.000688185715814
836	0.000395620780346
837	0.000848693209245
835	0.000609447428917
838	0.00143313331672
368	0.0
369	0.000700846093653
364	0.000783244999902
360	0.00431065153292
361	0.000393124585208
381	0.00175815022666
383	0.00327514188287
388	0.000515785714993
780	0.000724207671016
782	0.00288144871194
783	0.00260471389453
789	0.00205371105624
151	0.00257424674914
573	0.00148433292287
572	0.00038705572167
577	0.000672886348648
576	0.000429921886981
575	0.00352758618456
574	0.000714502959277
61	0.00129213670995
62	0.00489517305476
64	0.000388787095968
65	0.000765033391228
67	0.00583727200549
68	0.000788745365554
253	0.00251960210567
250	0.00138767215242
251	0.000393124585208
256	0.00730738680286
731	0.000964293824831
732	0.000374691891211
737	0.00192893073825
736	0.000435704582722
506	0.00404580763319
738	0.00319785328355
502	0.0020775950462
630	0.00706920823561
631	0.0015783786323
633	0.00143163722001
469	0.0303319547408
638	0.000213389495333
927	0.0126691472981
462	0.000591324773831
901	0.00131225700467
168	0.00706450577279
169	0.000476672690728
165	0.00876496049696
166	0.00440285803331
167	0.00551566403638
160	0.00455672948323
966	0.0
963	0.00147430768915
969	0.000459113429672
935	0.00107116588074
879	0.0
876	0.000459113429672
872	0.000799386148862
873	0.00119882164203
890	0.000790146770638
891	0.00821258105079
893	0.0
648	0.00659849152939
356	0.0114766320576
809	0.000393124585208
353	0.00241431967945
803	0.000831926901183
802	0.000619137343105
807	0.000538942943146
214	0.006093358072
769	0.000395620780346
762	0.000760947474877
761	0.00104103572792
767	0.000400774292435
764	0.00276433530887
765	0.00644097779373
957	0.00446957820742
956	0.00144913612787
4	0.000551490456236
281	0.0
280	0.0280936096431
284	0.000260190146037
679	0.000483759842071
674	0.00156331157286
670	0.000403541586005
671	0.000619137343105
260	0.00141395473121
267	0.0117555492466
264	0.000790146770638
268	0.00149029377811
56	0.00118558291754
53	0.00201005482951
52	0.00427996561165
537	0.000992117950922
535	0.00139514794065
532	0.00125213455224
531	0.000779321353886
530	0.00391742897557
538	0.000742418183784
774	0.0
980	0.000403541586005
987	0.0111399419964
984	0.00290622807229
114	0.00111461566655
117	0.000776796787374
776	0.0022990523458
113	0.000700846093653
112	0.00421151813783
118	0.000786639451933
773	0.000491509820442
429	0.0032201367812
428	0.00668010572175
918	0.000963900797204
421	0.00623409586204
423	0.00215644443386
422	0.00158704715241
424	0.00885141905419
912	0.00571725518042
309	0.00026310247352
301	0.00219919839428
302	0.00186315559176
305	0.000694194856341
306	0.00221535229878
307	0.000536138915443
847	0.00227037981314
846	0.00459097265762
844	0.00145316793917
843	0.000459113429672
840	0.00195600923617
849	0.00193980087577
823	0.00139514794065
568	0.00703220897911
508	0.000429921886981
754	0.000476672690728
561	0.00760866662223
562	0.0
509	0.000654190796857
565	0.00193330716904
566	0.000840238474952
229	0.00352992031692
228	0.000400774292435
223	0.0
220	0.000696428937985
724	0.00127209117461
722	0.000700846093653
723	0.00142774058227
720	0.00246764364623
729	0.000378613103965
605	0.00121175801544
150	0.00131919066735
607	0.00206253954002
152	0.000637505741206
157	0.00214159917191
602	0.00203998172451
159	0.00435694356255
609	0.00182331883465
83	0.000551490456236
48	0.000973026984033
951	0.00103978038697
950	0.000283903770664
953	0.0
952	0.00132877667229
955	0.00082882916793
954	0.00446957820742
40	0.00232962258407
41	0.000948949746828
5	0.00078461425265
488	0.00142125460071
485	0.00209079615745
482	0.00156404741908
472	0.00565592800909
470	0.000400774292435
471	0.000459113429672
477	0.000416661276648
478	0.00337353283461
479	0.00101333674088
