344	0.00146786513582
0	0.0115014211874
347	0.00184720788208
343	0.00228317348277
810	0.000447679883711
812	0.00180391025286
813	0.000935761299773
349	0.000954921653675
817	0.00098126912077
719	0.000452020103333
718	0.00515902507905
716	0.00140704290794
715	0.000922926083707
713	0.000481767950506
711	0.00046925078039
710	0.00229203073833
915	0.00433280646745
299	0.00090611796923
294	0.000940677441538
295	0.000921840647044
292	0.000481558237005
293	0.00143620821315
290	0.000945387545573
291	0.00144552546739
591	0.00279375055929
590	0.00138583781171
592	0.000481767950506
595	0.00233937698954
198	0.00047448008493
599	0.00230181672288
196	0.000481767950506
191	0.000942252711282
190	0.0029059084738
193	0.0014107872825
192	0.0004678121355
270	0.000919603873893
272	0.000468606848302
274	0.00146041771885
275	0.000881676636577
277	0.00138555652797
278	0.000939222837113
526	0.00144455166995
527	0.000940134802611
522	0.00139785605073
523	0.000465816691413
528	0.000913859975249
443	0.0014132668895
441	0.0
447	0.000940923329128
445	0.0014603112944
444	0.00183879466779
109	0.000466715312451
102	0.000909971539765
103	0.00135574392342
101	0.00135049233443
106	0.00135656898416
107	0.0
104	0.000937724385687
105	0.00132354970805
900	0.000468606848302
38	0.00276588824961
32	0.000948670887058
31	0.000977270483187
30	0.000472138683838
35	0.00147134215665
641	0.000845756054062
644	0.00135229761904
647	0.000977270483187
439	0.00140475628214
649	0.000452691328068
437	0.000452020103333
435	0.00188445670125
432	0.00088526178844
433	0.0017575625322
339	0.000921840647044
338	0.00127228569684
335	0.0
334	0.00327358917563
337	0.00231451064662
333	0.00138172954397
332	0.00282079356614
745	0.000452020103333
854	0.00233860657627
818	0.00137326113577
857	0.00244013846395
850	0.00137135788262
851	0.0019244324976
853	0.000455478148145
6	0.00138172954397
99	0.00184578699028
98	0.000964823120085
91	0.00187704784081
90	0.00560707259723
93	0.0
92	0.00146415681912
95	0.000425372891512
815	0.000447099589618
740	0.000451616356388
741	0.000466929789316
742	0.00796309988775
743	0.00137268504033
559	0.000894989819809
558	0.000870424082499
746	0.00325717013053
748	0.00138555652797
550	0.00235182598906
553	0.0004678121355
552	0.00192840013311
239	0.000953520911017
235	0.000487656513495
236	0.0
231	0.00256780142163
232	0.0032668037547
233	0.000939992028781
147	0.00694233766179
618	0.000860912329741
142	0.00291068378197
143	0.00282879870644
141	0.00144212494304
617	0.00235987395434
614	0.00195624354806
149	0.000936847099457
948	0.00799149131213
949	0.00140891193847
946	0.00234548149419
947	0.0
945	0.000452020103333
943	0.00410299403187
940	0.00047018799269
517	0.00423964069009
685	0.00188913678864
684	0.00133085748171
687	0.00234531108619
516	0.00270301639766
680	0.000941523478885
683	0.000481767950506
682	0.000452020103333
136	0.00244681074736
135	0.00891733614669
134	0.00143867405758
139	0.000452691328068
138	0.000459358214863
491	0.00421893048636
493	0.00244156620751
24	0.00289716578066
28	0.000425372891512
407	0.000450420759488
405	0.000470562331488
404	0.00139438971502
401	0.00289367708753
933	0.0013856834483
931	0.000924131295777
936	0.000931073322633
409	0.00138172954397
934	0.000935624621754
378	0.000451093527948
828	0.000452020103333
371	0.00234149652217
373	0.000485265434424
372	0.00233827032717
377	0.00138357343875
704	0.00219935003835
706	0.000931421234686
707	0.0
700	0.00311193861221
144	0.000466929789316
702	0.00090399700797
392	0.00284283734755
391	0.00243423502234
89	0.000937234581219
396	0.000449491572596
82	0.00140818746653
83	0.000938693328898
399	0.0013665995679
86	0.000471415494769
795	0.00244998094111
792	0.000417446620479
791	0.000466929789316
790	0.00320591369194
799	0.000460542244437
798	0.000448284189389
607	0.00601706969695
586	0.00894943724069
587	0.00188915046038
584	0.000942426395972
582	0.0021339758516
580	0.000938570461966
581	0.000938179319424
589	0.000457768346605
245	0.00168528428383
246	0.00227486257024
241	0.000491787763908
249	0.00138172954397
924	0.00135023800246
519	0.000459888896928
510	0.000901871760558
513	0.000461043969202
512	0.000966895363215
515	0.00047018799269
514	0.00316156307691
1001	0.00228538253145
1000	0.000901409783286
458	0.00350303896728
622	0.00134964972075
951	0.00750135822711
624	0.000831043037344
450	0.00285215229549
629	0.0106199503267
628	0.000469572471123
454	0.00240031443895
457	0.000461071814892
178	0.0115261575898
199	0.00135557831467
175	0.00267741387484
173	0.000452020103333
171	0.00138583781171
170	0.000469572471123
977	0.00314666827295
976	0.00232394434785
972	0.000924131295777
971	0.00195804973015
180	0.0
979	0.000452020103333
978	0.00976438583112
656	0.000485265434424
657	0.000905465777624
654	0.000452020103333
181	0.0014362618348
186	0.000473205450238
187	0.000469868834367
650	0.00179883590432
185	0.000948902818401
188	0.00147164351982
189	0.0032720107281
658	0.00194316497355
659	0.000934423539714
184	0.00315695181484
868	0.00375607970113
13	0.00137089478044
15	0.00141231627484
14	0.00180686845943
17	0.00146646208687
16	0.000447099589618
860	0.000468476486036
863	0.00377306325793
862	0.0023048295395
865	0.00047018799269
867	0.000456522322178
866	0.000469210418392
883	0.000450420759488
881	0.00134543423036
880	0.0
886	0.000462377482666
885	0.000943711096586
752	0.0
889	0.000468318681924
929	0.00182882913359
809	0.000425372891512
322	0.00136158789615
321	0.00172544347979
327	0.000902767545605
324	0.00047018799269
329	0.000831043037344
759	0.00047033428372
688	0.000918157735914
201	0.0
200	0.0029318136799
777	0.000447099589618
758	0.00129503519041
771	0.00281261917388
770	0.000471469082405
207	0.00488811713343
206	0.000452691328068
779	0.000920235031785
77	0.000469362840961
76	0.000447099589618
75	0.0018792386844
74	0.00375880473072
73	0.000427227125186
70	0.000932716538948
78	0.0018507908253
2	0.00139281223921
686	0.00139733674601
669	0.000910455295083
668	0.00140760703216
663	0.00136311383154
662	0.00141751129699
660	0.000469492786348
692	0.0028208256195
693	0.00230181672288
696	0.00235433580299
697	0.00140845049354
695	0.000939208123678
698	0.000425372891512
542	0.00372991991033
543	0.00146821962251
540	0.00337644878261
541	0.00135256536724
546	0.00140650990034
547	0.00243645221654
544	0.00420269600747
8	0.000466929789316
994	0.00255582058461
996	0.00452526173074
991	0.00138172954397
990	0.0019589412831
120	0.000938465610597
122	0.000447099589618
125	0.000452691328068
126	0.00515030579517
127	0.00378015421566
129	0.000461555463431
69	0.000456269137285
414	0.00140660088733
415	0.00379663022574
416	0.00797717790628
410	0.00985154671685
920	0.000952584118416
921	0.000902767545605
922	0.000457768346605
923	0.00421234371844
418	0.00134108964023
925	0.000844672702763
926	0.00277009480143
499	0.00348722543827
319	0.0013217303754
313	0.00140352258077
311	0.000842819511991
310	0.00184989417892
316	0.0107043732403
314	0.00276030581439
832	0.00361494149737
833	0.0014203780337
830	0.000470419557658
837	0.000899119692951
835	0.000475907809531
368	0.000462359953359
369	0.00137984452156
364	0.000425289901939
362	0.00232517992989
360	0.000966065125374
361	0.000425372891512
381	0.00140316320467
383	0.00320676542166
388	0.00183338573963
784	0.0014082654485
780	0.000451093527948
782	0.00469239929462
783	0.0013508582655
788	0.000906234788852
789	0.000425372891512
151	0.000475199552884
573	0.000471280842769
572	0.00140757897478
577	0.00923471127484
576	0.000452020103333
575	0.000469569688286
61	0.00795386512317
62	0.00322646310757
66	0.0
67	0.00292193699302
68	0.000425372891512
253	0.00142432455582
250	0.00138751965264
251	0.000872472481131
256	0.00141186534327
255	0.000461500851511
157	0.00139418621613
939	0.00090527005468
731	0.00235309314567
732	0.000932457809502
509	0.000452519715717
506	0.00363159201099
738	0.0153881230187
505	0.000462840914981
502	0.0069608019596
503	0.00130034295752
500	0.001411096336
630	0.0043664157852
631	0.000483668999648
633	0.00235983359115
469	0.00735607963021
465	0.000450239637115
466	0.000469304226379
168	0.00609829144847
164	0.000455478148145
165	0.0107453243984
166	0.00374857237167
167	0.00341746269076
160	0.00146002619566
163	0.000919984581927
966	0.00140823373892
963	0.000958332843994
935	0.00235760409078
909	0.000918593444385
874	0.00294708999191
872	0.000425372891512
873	0.000844672702763
870	0.00141079969048
890	0.000941997258238
891	0.00336299653356
894	0.00048625176702
438	0.00045713202549
896	0.000443525505767
899	0.0
646	0.00230692733891
648	0.00141220061957
356	0.00844925462017
355	0.00138541710331
353	0.00145449735324
803	0.00329383620966
800	0.000460542244437
804	0.00178974338333
216	0.00173357182796
214	0.0173874705257
769	0.000898846777311
762	0.00188172564717
955	0.000425372891512
761	0.00135058410589
767	0.00182882913359
764	0.00253146858608
765	0.00140537429143
957	0.00193658216912
956	0.00306794652998
288	0.00438695930126
4	0.000469572471123
281	0.000468998800718
280	0.00337086855256
285	0.000924131295777
284	0.000471410758387
678	0.000471160107682
674	0.00141771844121
670	0.00140316320467
671	0.000468998800718
672	0.00172771026086
260	0.000938611079646
267	0.0080385077579
266	0.00186456787246
268	0.00481108374862
58	0.000905416214879
56	0.00178348629205
50	0.000446672722804
53	0.00282082088259
535	0.00138796627549
534	0.00725164245044
532	0.00134840862373
531	0.00133508182684
530	0.00143508742322
538	0.00277327497398
988	0.000489481356862
774	0.0
987	0.0123789284507
984	0.00281685200394
114	0.000469167123054
117	0.000481767950506
776	0.00047018799269
111	0.00094193280546
112	0.00233433850452
119	0.000907838586149
118	0.00139359188568
773	0.000488640806811
772	0.00423101669263
429	0.000963757516889
428	0.00144626928391
918	0.00216374921836
421	0.00194615916507
423	0.00406162910726
422	0.00188188761408
425	0.0037539400964
424	0.00294143199502
913	0.00137964132345
912	0.00797637456534
855	0.000939297559287
301	0.00147084250519
302	0.000977270483187
304	0.0
306	0.00232881930981
846	0.00340482085684
844	0.0017351030535
843	0.000472882156844
841	0.00048788833336
840	0.00126211932324
849	0.00174911999945
823	0.000459931333765
568	0.000938152598175
569	0.0115261575898
751	0.000943506309062
750	0.000967463922989
754	0.000472882156844
561	0.00291421423835
562	0.000452691328068
563	0.000938570461966
565	0.00216599682437
566	0.000475199552883
739	0.000471640672649
229	0.00141853513007
228	0.00138172954397
227	0.0
225	0.000901163004925
220	0.000947589388296
727	0.0
724	0.00140329463295
723	0.000857287108732
720	0.00329128807043
605	0.00323742845821
150	0.0023839739253
153	0.000899076494255
603	0.000469061281327
602	0.00186142000461
159	0.00374769477854
609	0.0014076472959
634	0.00227313592017
48	0.00348245870042
46	0.000910584945656
950	0.00135818803248
953	0.00146734351906
952	0.00244849631538
42	0.00137553035087
954	0.00147073998085
40	0.00189609314448
41	0.00171586819537
638	0.0036607770114
5	0.00233672000643
489	0.000452691328068
487	0.000452691328068
485	0.00138106243795
484	0.000972309806459
482	0.00176189308601
481	0.000431663513908
480	0.000425372891512
472	0.0032809378282
470	0.00138172954397
477	0.000452691328068
474	0.000460822848465
478	0.000930337475728
479	0.000443525505767
