344	0.00191791546326
0	0.00238669535957
347	0.00191046345981
340	0.000475243726001
343	0.00476551560554
810	0.000476174384291
812	0.000477854449884
814	0.000477576682304
349	0.000956685164302
817	0.000957870543692
719	0.000949867210134
718	0.00572346295101
716	0.000476938941912
715	0.000477846427283
713	0.000956450128816
712	0.000478498004233
711	0.0
710	0.00286412823876
915	0.00383301612505
299	0.000951771578219
294	0.00717071207088
295	0.000954755288874
292	0.000477982387439
293	0.00191418238612
290	0.00143494347098
291	0.000956560234334
591	0.00143410001679
592	0.00191213108663
595	0.00334754971623
198	0.000478498004233
596	0.000957071325143
599	0.0023864994084
194	0.000477977693391
197	0.00143415533447
196	0.00143417002572
191	0.00191143128312
190	0.00335673824036
193	0.00286886733564
192	0.00142030633221
272	0.00286965366888
274	0.00335710200581
275	0.000472352607577
277	0.000484290142899
278	0.00143379053868
524	0.000474028090219
526	0.0023962361346
528	0.00332777245894
443	0.00143675519492
447	0.00095587475467
444	0.000477801368687
102	0.000474028090219
103	0.00142266169202
101	0.000945383762417
106	0.000474028090219
107	0.00380991181769
104	0.0014324118806
105	0.000468457462692
900	0.00286998662865
32	0.00287073197851
31	0.00191743744089
30	0.00381988172044
35	0.00144061113852
641	0.00574622902417
643	0.000471598896718
644	0.00140319760106
647	0.00479726626161
439	0.000477558561713
437	0.000469054332108
435	0.00143315248713
432	0.000956865635859
433	0.00191417295047
431	0.000478981845585
338	0.00287219878946
335	0.00896629900007
334	0.0066853668781
337	0.00285894212779
333	0.00906961672632
332	0.00191050295773
745	0.000475526083163
854	0.00143335574283
855	0.000957617321159
857	0.00287261998869
850	0.00239006737728
851	0.0014357965084
853	0.000476487260508
858	0.000477007312769
6	0.00143206209344
98	0.00573628733391
91	0.00143375354942
90	0.0128964659291
92	0.00191809795489
95	0.000956865635859
742	0.00526044220698
743	0.00429514581189
559	0.0004759584084
558	0.000964937335484
746	0.00334690948177
748	0.000477846427283
557	0.000477520927646
551	0.000477801368687
550	0.00143456185669
553	0.000940653228826
552	0.000957853921164
239	0.000956786400433
236	0.00282928513288
231	0.00382711492178
232	0.00143328552676
233	0.00191285794232
1	0.000476385028634
147	0.00238951875268
142	0.00335727156075
143	0.00143819401318
141	0.00048013902451
612	0.00143133402884
617	0.00191194461706
614	0.000958599942853
1004	0.00188263250197
947	0.00143590796171
944	0.000477650984998
942	0.000477982387439
940	0.000478526780161
517	0.000955116590439
685	0.000479606770776
684	0.00331305327053
687	0.00191250063555
686	0.000477801368687
680	0.000958905585917
683	0.000478259620272
682	0.000473229576839
133	0.00143280909337
132	0.00143398052477
131	0.000478259620272
137	0.000955716209386
136	0.00239586791298
135	0.00860337641477
134	0.00191249051303
139	0.00711433228104
138	0.00142942448515
493	0.00335605741604
24	0.00383448721764
25	0.000474846856325
26	0.000478498004233
28	0.00239402756851
29	0.00141544590595
939	0.000474028090219
404	0.000957310707269
401	0.00287060949588
933	0.00143258431347
936	0.00286491134243
409	0.00143206209344
408	0.000479824921425
379	0.000478498004233
829	0.0
828	0.00142354039061
371	0.000477982387439
373	0.000479690642876
372	0.00143669147046
374	0.000957693229747
377	0.00190158933254
822	0.000478109036761
704	0.00237517016687
707	0.00239091289535
700	0.0014340510108
702	0.000927759685225
703	0.000956607852921
397	0.000955956660683
176	0.00717700132957
82	0.000956137401427
181	0.00191962266
86	0.000479003286299
87	0.000479845682589
796	0.000469932905823
795	0.00144140338879
794	0.000477778518471
791	0.000956178472216
790	0.00191146452616
798	0.00095591060527
586	0.00430242879225
587	0.00047851845547
582	0.000957241552369
580	0.000479535524813
581	0.00286919097678
588	0.000478520894513
245	0.0019138827762
246	0.00142000154032
241	0.000479824921425
249	0.00190957106349
248	0.000955812958103
510	0.000474028090219
513	0.00142913457303
512	0.00048013902451
514	0.000476385028634
1001	0.00234752108882
458	0.000967636267349
459	0.000477560588618
951	0.00334566284625
624	0.000478433391037
450	0.0062159280001
629	0.00863036040605
628	0.00191216254295
454	0.0100394996241
178	0.0105043067556
199	0.00093627505327
175	0.00236313610879
174	0.000474028090219
173	0.000465855911619
171	0.000954927928144
170	0.000477982387439
977	0.00329228487028
976	0.00143314209307
975	0.000477996637236
971	0.00191679498938
180	0.0
979	0.000465855911619
978	0.00143872764087
656	0.000959515564301
654	0.00142576297277
2	0.00191197653667
186	0.000477650984998
187	0.00143552096077
650	0.00331422158403
185	0.00143449590687
188	0.000959963945935
189	0.0018965305918
658	0.00143915577824
659	0.00287116248908
868	0.000954632010036
12	0.000478077184146
15	0.00143871036089
14	0.000922808079723
17	0.000958384668108
862	0.00286627131028
865	0.000477650984998
867	0.000476420472243
866	0.00143315398763
883	0.000476938941912
881	0.000460550593082
886	0.000477689360246
752	0.00143410698118
322	0.00190501968196
323	0.000474028090219
320	0.000474104081483
321	0.00141740546225
327	0.000472533051201
324	0.000951544560257
329	0.0019139657931
759	0.000956080885946
688	0.000471598896718
201	0.000477875345412
200	0.0086270117804
776	0.000477516470038
771	0.0028701840808
770	0.000477801368687
207	0.00528475338533
206	0.000474028090219
209	0.000477459060509
208	0.000947773281009
77	0.0019107091534
75	0.000956060988959
74	0.00238956622208
72	0.000955633372436
71	0.000956261532092
78	0.00143206209344
664	0.000471598896718
663	0.000953572074845
662	0.00143510585715
660	0.000957191003553
692	0.00716849355597
693	0.0019105735842
696	0.000959623002971
697	0.00143701630644
695	0.000956916253377
698	0.00287163835783
542	0.00286529058578
543	0.003353468252
540	0.00574620058164
541	0.00139944324665
546	0.00143455941841
547	0.00191898175976
544	0.000957508625746
549	0.00095572265376
995	0.000478520894513
994	0.00526714550734
997	0.000478981845585
996	0.00140849972872
991	0.00238525258871
990	0.00191701926842
120	0.00334571643423
125	0.000474028090219
126	0.00334385595255
127	0.00143483114867
414	0.000478188756029
415	0.00286856947896
416	0.00477713505464
410	0.00047028003626
413	0.00143379984379
920	0.00239175718513
923	0.00430095293151
418	0.00187570301273
925	0.000479096426646
926	0.00143357258957
499	0.000950640434148
318	0.000472694649692
313	0.000478045622266
312	0.000477306804563
311	0.00287312399516
310	0.000950516527698
317	0.000478937530447
316	0.0186765939429
832	0.00190319966828
833	0.000956722537741
830	0.000478418249144
836	0.000478520894513
838	0.000958471857369
369	0.000477801368687
364	0.000478259620272
362	0.00095499312918
360	0.00143880474417
361	0.000478259620272
381	0.00189117265527
383	0.000956575940553
388	0.00142719075271
784	0.000956683559505
782	0.0033438826791
783	0.00332545200955
789	0.00143468290137
151	0.00047837568936
573	0.000478057485083
572	0.00191261597316
577	0.000955035392152
576	0.00142559194304
575	0.00143283276112
60	0.000478498004233
61	0.0162643880558
62	0.000955104703592
64	0.000476204079464
65	0.000478259620272
66	0.000954841685813
67	0.00287936947029
68	0.000956780514785
253	0.00191329485172
250	0.00143313359801
251	0.000478259620272
256	0.000955735571993
257	0.000478259620272
254	0.000478498004233
731	0.00191633662703
733	0.000478553630244
735	0.000478109036761
737	0.000943951504295
509	0.000475680896733
506	0.00330870055702
738	0.00428071380668
502	0.00572597634956
500	0.00191046867183
630	0.00287404274317
631	0.000959431692202
633	0.00143433586599
469	0.00527955249924
468	0.000471598896718
638	0.00142880010141
464	0.000471598896718
927	0.0138562648464
462	0.0100285934348
168	0.00668668587939
169	0.000479026868568
165	0.00335684789192
166	0.00478023989736
167	0.00144005142409
160	0.00239842847509
161	0.00239254912275
966	0.00191049030761
963	0.000958327313864
969	0.000938390368515
935	0.00191134513269
934	0.000957310707269
908	0.00334281396711
909	0.0
875	0.000478109036761
872	0.000478259620272
873	0.00143586272405
870	0.00191222920317
890	0.00143302282775
891	0.00431344086057
898	0.000471220027312
646	0.00238796511617
648	0.00143299454402
356	0.00286566759096
809	0.000478259620272
808	0.000471598896718
353	0.000959089854716
803	0.00334698445481
802	0.00191275684215
807	0.0014359098691
216	0.000472107435519
214	0.00621582695511
769	0.00239237108509
762	0.00191131995181
761	0.000953567347475
767	0.00190937511232
764	0.00239249420897
765	0.00668488814366
956	0.00047298944915
4	0.0
280	0.0191867096877
679	0.000945767779172
674	0.00191279851762
670	0.00237331633092
671	0.00143377272755
260	0.00382079987225
267	0.00382828158116
264	0.000478109036761
268	0.00095616881078
58	0.0
56	0.00239365233478
53	0.00191478278096
537	0.000942818924031
535	0.00143275746781
534	0.00285779283785
532	0.000477124296075
531	0.00143498836154
530	0.00287742175339
538	0.00238683737451
775	0.000477918419893
988	0.000480647192585
774	0.000478713444146
983	0.000478259620272
980	0.00284567175903
987	0.033475298184
984	0.00143355202055
117	0.000478059774019
116	0.000478013989222
113	0.000955579887158
112	0.00191279851762
118	0.000472626981918
772	0.00334596554223
429	0.00143466927109
428	0.00287300825466
918	0.00378414050405
421	0.00240008288295
420	0.000476168843579
423	0.00236273329724
422	0.000959539415071
424	0.00192136493082
912	0.00429801420948
301	0.000959713286781
302	0.000958384668108
304	0.0
952	0.00143800343522
306	0.00382869985962
846	0.00191956387234
844	0.000945684098842
843	0.0
841	0.000478438716752
840	0.00143536188168
849	0.000950612227849
823	0.00238670146913
568	0.00143562969752
569	0.00906976820566
754	0.00191137153512
561	0.0023994526427
562	0.000478109036761
565	0.001893480265
566	0.00143501256247
739	0.000957145998824
229	0.000957249550763
228	0.00238669535957
227	0.000477356127061
226	0.000477650984998
223	0.00143020944192
220	0.000477650984998
727	0.0
724	0.000955465722073
722	0.000477801368687
723	0.0
720	0.00191386018282
605	0.00573039393391
150	0.000478410663461
607	0.00478102817359
152	0.000479003286299
154	0.000474028090219
157	0.000477553337831
602	0.00143317873894
159	0.00765542008898
609	0.000478259620272
83	0.00143577064084
634	0.000952193522285
48	0.000947938375693
46	0.00047801880432
950	0.00142619742443
953	0.000958806767011
45	0.000477558561713
955	0.00478893751667
954	0.000958954884634
40	0.0100471660587
41	0.0
5	0.0028373324857
488	0.000478498004233
487	0.000474028090219
485	0.0014326368695
482	0.00191396821414
472	0.00334280848553
470	0.00190957106349
471	0.000478259620272
477	0.000950413118854
