344	0.00205314562919
0	0.000662341607603
347	0.0
341	0.000658584190685
343	0.00336548816816
812	0.000650869042481
817	0.000670598656257
719	0.00328773743026
718	0.00523478928208
716	0.0013102314334
715	0.0
714	0.00132245469436
713	0.00265357356819
712	0.00263203290439
710	0.000662341607603
915	0.00602598705263
910	0.00391523044824
299	0.000638822687526
294	0.00258758467114
295	0.000662341607603
293	0.00132082976142
290	0.00132945867482
291	0.00399528013292
591	0.00195351081725
590	0.0
592	0.00464996745111
595	0.00327751113932
599	0.000662341607603
197	0.00130705053665
196	0.000665447037297
191	0.00066968349938
190	0.00600830088345
193	0.00397366624389
272	0.00328549035028
274	0.00133964973728
275	0.000654970416667
277	0.000653676694613
278	0.000664182323865
526	0.00133680760773
522	0.00326121809058
443	0.00198997407283
440	0.000658167067663
446	0.00196431004602
103	0.00275260648096
101	0.00196316844859
106	0.00140643243816
107	0.00460714111206
104	0.00194920860704
105	0.000658584966227
900	0.000657464635252
901	0.00246924879382
904	0.00131073701778
32	0.0039676037543
31	0.00137147266566
30	0.00129437614932
35	0.000678213201757
34	0.00197498926592
641	0.00131498494489
643	0.00132200243049
644	0.00132139421272
647	0.000684158244508
646	0.000652493946492
436	0.000651766212848
437	0.000656601203891
435	0.0026217318949
433	0.00263778142857
338	0.00197835683064
335	0.00263051551735
334	0.00786784439104
337	0.00140882260719
333	0.000662341607603
332	0.0013098654859
558	0.00126192487614
854	0.000651867388411
855	0.00197221981282
850	0.000663328114311
851	0.00468180495537
852	0.000657464635252
853	0.0011982081595
859	0.00130084469395
6	0.00329231269428
98	0.007302431714
91	0.0011299844769
90	0.00861889873205
92	0.00138352672095
95	0.000662627505352
96	0.000419128073789
742	0.00131576471593
743	0.00782009458775
745	0.000656822908647
748	0.0
749	0.00199338128541
550	0.0019652984431
553	0.00131648199355
552	0.000658584190685
239	0.000656589911567
236	0.00197009300237
231	0.00194368780918
232	0.001296441218
233	0.000657191583077
1	0.0
147	0.00326873723665
144	0.000654970416667
145	0.000651766212848
142	0.00134274243519
143	0.0
612	0.00129458344058
563	0.000753062257599
617	0.00131930602346
948	0.00134880543139
515	0.00194584009117
944	0.000657758233405
942	0.000659371474953
940	0.00198136132832
517	0.00130556610554
685	0.00331699188681
684	0.00320877703164
687	0.0026324473432
686	0.0
680	0.00328448614621
682	0.00131458725235
132	0.0
137	0.000650904166178
136	0.0033729837907
135	0.00725197525637
134	0.00266124014532
497	0.000659276941222
491	0.0
493	0.00132792704573
24	0.00200440596093
25	0.00369156314539
29	0.00263178002402
404	0.000655263163929
401	0.00335057243929
930	0.000664289231723
409	0.0013204653205
758	0.00123273311122
828	0.000465110873618
371	0.0013168361102
373	0.00135412407511
374	0.000650904166178
377	0.00392487818545
704	0.00187650763687
706	0.0
707	0.0033002665121
700	0.00263984974817
702	0.00198096698606
703	0.000659371474953
392	0.00197979692382
395	0.000442664037995
176	0.00985608919682
82	0.00131930712949
398	0.000660568578756
86	0.0013284561966
796	0.0
795	0.00348309400938
791	0.0013206866683
790	0.00325589366256
586	0.0103681003238
587	0.00131363504158
582	0.0013169605125
580	0.00198149966121
581	0.00263065287964
588	0.000657002963831
245	0.00262309161089
246	0.00393203672013
249	0.00131884759614
924	0.00263678763779
513	0.0
1004	0.00262756196925
1003	0.000660182169461
514	0.000893459888606
1001	0.00460186899117
516	0.00130870432334
458	0.00184011991551
951	0.00921718648377
450	0.00330904876339
629	0.0140090478854
628	0.000659371474953
454	0.00531671915294
457	0.00130549165771
199	0.00264364641732
175	0.00589784614358
173	0.00134044929978
171	0.0
977	0.00527452907793
976	0.000662341607603
971	0.000684158244508
180	0.0
978	0.00270839921964
656	0.000668231567004
654	0.00197185216788
2	0.00649424430867
652	0.000656505988535
187	0.0013141296099
650	0.00197105712059
185	0.000667711563497
189	0.0105065226052
658	0.0013254697969
659	0.000650904166178
868	0.000645534217671
15	0.00131711734058
14	0.001315601439
17	0.000678381601488
16	0.00131991790061
861	0.0
863	0.00123265269977
862	0.00198435019347
865	0.00131604882594
866	0.00196434762568
947	0.00132633304257
880	0.00132042860515
886	0.00065091494916
885	0.00517599387713
322	0.00170514633642
323	0.000479579937086
321	0.000611653446583
326	0.00132763213547
324	0.00260714819951
325	0.000616006369805
329	0.00196510587281
201	0.0013146730562
200	0.00271342773551
777	0.00065785020232
202	0.000667711563497
771	0.0032651743029
770	0.000651867388411
207	0.00484142481459
772	0.0033026726435
209	0.000647525535845
779	0.00149690835323
77	0.00388691987643
75	0.00329204560896
72	0.000660568578756
71	0.000655263163929
78	0.000658584190685
663	0.000559385471971
660	0.00261827191923
769	0.000657002963831
692	0.00591422343606
693	0.00132479030196
696	0.0013212325049
697	0.00262810822519
698	0.00458473320933
542	0.00195855502981
543	0.000684158244508
540	0.0013116954491
541	0.00397146199924
546	0.0019506076551
544	0.000657464635252
8	0.000660215482234
995	0.000657002963831
994	0.00131435724988
997	0.000658318191757
996	0.000658584966227
991	0.000662341607603
990	0.00137147266566
993	0.000616952091702
120	0.00330081342886
122	0.00262570902741
125	0.0
126	0.00258601407679
127	0.000656505988535
415	0.00468302596798
416	0.00650013588908
410	0.0111852815571
920	0.00399821998673
921	0.00132015501721
923	0.00525705916366
418	0.00197614709284
925	0.00329195732358
926	0.0
499	0.00710274433295
319	0.00123025660429
318	0.00131171091626
313	0.00388534946201
311	0.000656898657237
310	0.000559385471971
316	0.00134443546298
833	0.00133835385345
830	0.00196948501172
836	0.000657002963831
837	0.00263068093314
835	0.00130992581237
838	0.00136173338588
369	0.000647124060737
365	0.000656505988535
360	0.00133680760773
952	0.00204590374818
380	0.000658165805526
381	0.0046068337686
383	0.000655760753051
385	0.000657521658756
386	0.000613620615221
388	0.00319473365328
389	0.000649062765713
787	0.000649062765713
780	0.000920835470757
782	0.00195268920178
783	0.00788728407814
788	0.00197369870968
789	0.00132268287095
151	0.000666831169464
573	0.00129353775133
572	0.000662191151086
577	0.000611653446583
153	0.00131712714354
575	0.000647371914314
61	0.00130599724209
62	0.00130516950377
64	0.00056705259334
65	0.00861181438272
66	0.0019497744481
67	0.00275617367381
68	0.000657002963831
253	0.00133258745865
250	0.00130244416852
251	0.0013165097331
256	0.0038817752955
257	0.00147010469425
255	0.000657464635252
731	0.00528006449857
737	0.00131039036284
736	0.000657191583077
506	0.00592298951345
738	0.00394400192675
505	0.00046589214601
502	0.00656317963992
500	0.00261641777599
630	0.00670696429611
631	0.00200758637209
633	0.00460850138632
469	0.00205201045492
638	0.0
464	0.000657521658756
927	0.0045646066876
462	0.00400797288787
168	0.00453316686248
164	0.000874071398536
165	0.0129720677427
166	0.00323514376167
167	0.00135313825109
160	0.00133413649721
966	0.0
963	0.000690789536141
969	0.00263114938149
873	0.00196419165217
870	0.00197936558102
890	0.000660182169461
891	0.00531787608049
894	0.000667711563497
896	0.0
898	0.000657521658756
648	0.00194057349668
356	0.0103668128301
353	0.00133344463078
803	0.000657758233405
216	0.00184011991551
214	0.0170908355643
215	0.0
762	0.00194205931436
763	0.000665700552094
761	0.00131457892154
764	0.00328240839131
765	0.0038884336821
956	0.00123140162078
4	0.000659371474953
281	0.0
280	0.00332170422328
284	0.000656901858341
674	0.000653901044873
676	0.0
670	0.00460828484884
672	0.00125471729857
260	0.00129489745016
267	0.00394565598922
264	0.000685479625772
269	0.000658357181993
268	0.004646850814
58	0.000658584190685
56	0.0013160759965
53	0.00462353576951
52	0.00129221000394
537	0.00131139231397
535	0.00130606108332
534	0.000651887164303
532	0.00328402868281
530	0.00466107177326
538	0.00131893151917
775	0.00064894049738
988	0.00137632385319
774	0.000663638327215
987	0.00197056533001
984	0.00129405846367
114	0.00130827220138
117	0.00132835780255
776	0.00198087582627
111	0.00129442103087
112	0.00326910171176
773	0.00131988833427
429	0.00399045208637
428	0.00677263505027
918	0.000641211250482
421	0.00214226492639
420	0.000847297804857
423	0.00523858860966
422	0.000660215482234
911	0.000656713818174
424	0.00280861709915
427	0.0
912	0.00454771021747
308	0.0
309	0.0
302	0.001362539846
303	0.00101432879672
305	0.00195798653269
306	0.00390661592018
847	0.00209166752592
846	0.00200758637209
845	0.00582595337827
844	0.00192490213234
843	0.000654293735667
842	0.0
840	0.00262655689336
849	0.0026210213688
823	0.000651867388411
569	0.0152272544769
754	0.00196354430278
561	0.00200758637209
759	0.00129250439632
509	0.000657660505183
565	0.00188320123075
566	0.000664857568915
739	0.000660215482234
229	0.00258961642927
228	0.000662341607603
223	0.00174339015701
220	0.0026346171477
724	0.00329699144399
723	0.00186032365128
720	0.00328870243834
605	0.00198655466315
150	0.00066968349938
607	0.00576200430075
152	0.0013284561966
157	0.00194762529952
602	0.00323969274623
159	0.00924410970475
158	0.000657002963831
609	0.00461986133207
634	0.000966158569192
958	0.0
48	0.00494530271655
46	0.0
950	0.000454943324747
953	0.000684158244508
45	0.00130042105192
955	0.0
40	0.00395299655455
41	0.00124525093451
5	0.00131160525258
485	0.0
483	0.00193882854809
482	0.00329335930236
472	0.00518197002199
470	0.00198037922764
476	0.000660182169461
479	0.000656183225789
