344	0.00102587080848
0	0.000786483082666
346	0.000369123253038
347	0.0015867061145
343	0.00137797423288
810	0.00120631316421
812	0.00129586256523
813	0.00163137396369
349	0.00385833000658
817	0.00112315444488
719	0.00119916396399
718	0.00726432616271
716	0.00255163945362
715	0.000792849974651
710	0.00146343122088
915	0.0059323648922
299	0.00104515140382
294	0.00153618350125
295	0.000786483082666
293	0.00223687086508
290	0.00155686709703
591	0.0014090497137
199	0.00184584080006
599	0.000786483082666
197	0.000597633180347
196	0.000786523023203
190	0.00107415084534
193	0.00394703604835
192	0.00120631316421
270	0.00119916396399
274	0.0
275	0.00180407877436
277	0.000792849974651
278	0.00235449418598
526	0.00103273219538
527	0.00169471990568
443	0.000554692444934
441	0.0
440	0.0
445	0.0010935623307
102	0.000711182382101
106	0.000418587743672
107	0.0163144585348
104	0.00149512248217
105	0.000588118582959
902	0.00211065700203
900	0.00114346326467
901	0.00101132722178
32	0.00207600913696
31	0.00102587080848
909	0.00156143181186
35	0.0021174188454
641	0.000763252133958
643	0.0017949595316
644	0.00363128398484
647	0.00102587080848
439	0.00141857006233
649	0.000676948138217
648	0.000662531482048
435	0.000691765634516
432	0.000763252133958
433	0.000763252133958
339	0.000786483082666
338	0.000763252133958
335	0.00120631316421
334	0.00852201795359
337	0.000844874197488
333	0.00235719603457
332	0.000691765634516
854	0.00142293956866
855	0.00166080040958
857	0.00302208831658
850	0.018053410016
851	0.00312391841214
853	0.000864205160755
858	0.000703357635216
6	0.000786483082666
99	0.000786483082666
90	0.00948250429757
92	0.002020135209
95	0.000763252133958
740	0.000813508975164
742	0.00296195591257
743	0.00279510097893
559	0.00075068255463
745	0.00119916396399
746	0.00405385996652
748	0.00158748445508
551	0.000662795633479
550	0.00163949398491
553	0.00120631316421
552	0.00112315444488
239	0.00189764130953
236	0.00120631316421
231	0.0015485030212
232	0.00213582392886
233	0.00161963651051
147	0.0103032504071
142	0.00585910783038
143	0.0
141	0.00112315444488
613	0.000864205160755
611	0.00119882203543
617	0.00235027928099
614	0.00112315444488
1004	0.00181820706053
948	0.00150040819314
949	0.00142301858252
946	0.000736391070762
945	0.000601530783645
942	0.000882153444493
943	0.0
940	0.000779920843375
517	0.00068512663973
685	0.000593548994308
687	0.00209782510003
516	0.0199844664334
680	0.00177512772014
683	0.000792849974651
682	0.00119916396399
136	0.00417765091528
135	0.00966257412479
134	0.00076774797425
139	0.000711182382101
24	0.0010935623307
28	0.000763252133958
29	0.0183329472586
407	0.0
939	0.00141578642781
404	0.000722431060457
402	0.000418587743672
401	0.000776140127966
400	0.0
933	0.000793856139845
936	0.000676948138217
409	0.000786483082666
379	0.000746382843035
828	0.00119916396399
371	0.000882153444493
373	0.00226070513895
374	0.00114717041388
377	0.0042222608092
376	0.00590396567224
706	0.000706273504115
707	0.000832583126248
700	0.00126879604205
702	0.00180035281907
703	0.00164806982785
393	0.00120631316421
392	0.000977819209567
391	0.003416315271
390	0.000542460206117
82	0.000882153444493
796	0.000763252133958
795	0.00446396217825
790	0.00279203970657
799	0.000662795633479
586	0.00544188775723
584	0.000949455243236
582	0.00153682467151
581	0.00171493225778
245	0.0031862807195
243	0.000853090922863
249	0.00139317002713
248	0.00330357132053
924	0.0023939266549
518	0.00137190181507
510	0.000711182382101
513	0.000813612519493
512	0.00224176496765
514	0.000599062547716
1001	0.00119916396399
1000	0.00168913107873
458	0.0
622	0.000711182382101
624	0.00258578688699
450	0.00249584129129
629	0.00534390461374
628	0.000882153444493
454	0.00388137998464
178	0.0212416508065
595	0.00217052218367
175	0.00239873784895
173	0.00119916396399
170	0.0016822768442
977	0.00307912156815
976	0.00246173005523
974	0.00154126712294
971	0.0020769066867
979	0.000601530783645
978	0.0244801891445
657	0.00183188809445
654	0.00252798084276
2	0.00343783897778
650	0.00119916396399
185	0.00296620490644
188	0.00336933635386
189	0.0029600829924
658	0.0
659	0.00110328192001
868	0.0013582684992
13	0.00119916396399
15	0.003782653706
14	0.001793432281
17	0.00102587080848
16	0.000723817733508
863	0.00104280965331
862	0.00156632899495
866	0.00289395792548
883	0.000725383262067
881	0.00119916396399
887	0.000779920843375
886	0.0
885	0.00070662986527
569	0.000786483082666
888	0.00102587080848
929	0.00159627919473
322	0.00347798788868
323	0.000776722759548
320	0.00120631316421
327	0.00310630695108
324	0.00143658935162
329	0.00166282705072
688	0.00120631316421
200	0.0224358237584
776	0.00155737293322
205	0.000828132329977
207	0.00770782655633
206	0.000711182382101
208	0.00120631316421
779	0.0
77	0.00213703821463
75	0.00151525664468
74	0.00227804431287
70	0.00232913605218
78	0.000786483082666
669	0.0
668	0.00163137396369
664	0.00120631316421
663	0.000686732132542
662	0.00111799069999
692	0.00637541978485
693	0.00235607733761
696	0.00942229744144
697	0.00479293936039
698	0.000763252133958
542	0.00245391381458
543	0.00306321812913
540	0.00314650601102
541	0.00184584080006
547	0.00328983942712
544	0.0
8	0.0
994	0.000763252133958
996	0.00304585327933
991	0.00211618313326
990	0.00291477186703
120	0.00535220455602
122	0.000784920744968
125	0.00138813052032
126	0.000763815033093
127	0.00097056536121
415	0.00296141625754
416	0.0051391327448
410	0.00133571162982
920	0.0
921	0.00317989253994
923	0.0061723072578
418	0.00177740941005
925	0.00156337553366
499	0.0
319	0.000676948138217
318	0.0
311	0.000763252133958
316	0.00972751987974
315	0.0
314	0.00242890432993
832	0.00611368836199
833	0.00156484742978
837	0.00181528887148
838	0.0010102709786
369	0.00182406315147
367	0.000683642744178
365	0.00216674014565
361	0.000763252133958
381	0.00120631316421
383	0.00198485297482
388	0.000721787225458
784	0.00218790257103
780	0.000611893896314
782	0.00201920478175
783	0.00244374195952
788	0.00254546219579
789	0.00146500577141
577	0.000792849974651
576	0.00119916396399
61	0.00144594075144
62	0.0041630400363
65	0.00230447214978
66	0.00200347629104
67	0.00197123551242
68	0.000763252133958
250	0.0
251	0.000763252133958
257	0.000792849974651
157	0.00179755888672
731	0.0008710329405
732	0.00109280817413
737	0.0
736	0.0015706928099
506	0.00519606092834
738	0.0037192441088
502	0.00497658674216
500	0.002779981743
630	0.00430517415038
633	0.00332397115375
469	0.00554158637048
465	0.000629794303318
464	0.00180241599468
168	0.00710823380931
169	0.000844369009933
164	0.0
165	0.00311438419919
166	0.00229262040002
167	0.00446314381857
160	0.00107792480665
161	0.000500349447192
163	0.000933817096594
966	0.00203575965149
962	0.000800123399704
963	0.00182475937094
935	0.00409193146365
908	0.0
878	0.000830877962634
879	0.000400875056437
872	0.000763252133958
873	0.00156117007052
870	0.00173180328582
891	0.00433519585946
895	0.00200016291836
898	0.00120631316421
899	0.00120631316421
646	0.00164484130876
437	0.000601530783645
356	0.00282419128197
809	0.000763252133958
353	0.00115001095781
351	0.00207772710504
806	0.00104529777716
804	0.00118575176331
214	0.00780178453178
952	0.00102587080848
762	0.00145574237676
955	0.000763252133958
761	0.00119916396399
767	0.00157182247101
764	0.00309583913172
765	0.00133351535229
957	0.00112315444488
289	0.00120631316421
288	0.00551661698429
4	0.000882153444493
281	0.000725383262067
280	0.00717457904659
284	0.000949455243236
676	0.000844369009933
670	0.00120631316421
671	0.000797917936565
260	0.00071469807826
267	0.000981546214168
266	0.00286540178805
58	0.000779845912281
56	0.000763252133958
53	0.000789624605585
537	0.00120631316421
535	0.00267438598284
534	0.0114024989176
532	0.000601530783645
531	0.000763252133958
530	0.00498795807731
538	0.000786483082666
988	0.00224954546788
980	0.00180241599468
987	0.022915304822
984	0.00143548678413
985	0.00120631316421
114	0.00059670936577
113	0.0024607238351
112	0.000844471574082
119	0.00133914941243
118	0.00120631316421
773	0.00111358682278
772	0.00307208978538
429	0.00156135266876
428	0.00803737702611
919	0.00253387175055
421	0.00335186635502
420	0.0
423	0.00106423540927
422	0.00173753689143
425	0.00664173601098
424	0.00546465990359
913	0.00373255889588
912	0.00932168436454
309	0.0018886958415
301	0.00225710723174
302	0.00306321812913
304	0.0
306	0.00225045233389
846	0.00313849526285
843	0.0
841	0.000864205160755
840	0.00153682467151
849	0.0021115413345
568	0.00149231718476
752	0.0015115515694
754	0.000725383262067
562	0.000711182382101
509	0.000418587743672
229	0.000723817733508
228	0.000786483082666
227	0.00132743914723
224	0.00102587080848
220	0.00449084457849
724	0.000725383262067
720	0.0049464586781
721	0.0
605	0.00235674321598
150	0.00426198008585
607	0.000723817733508
601	0.00153794667369
603	0.000676948138217
602	0.0021137207039
159	0.00147168647789
609	0.00157218376512
634	0.00078771099671
48	0.0
951	0.00196238877199
950	0.0012066090298
953	0.00102587080848
45	0.00200347629104
42	0.000676948138217
954	0.00112315444488
40	0.000834038168124
638	0.00290596997188
5	0.00180127443704
489	0.000711182382101
487	0.00138813052032
486	0.00068512663973
485	0.000828865511257
484	0.00219932092313
483	0.000819579428271
482	0.000763252133958
480	0.000763252133958
472	0.00357215466117
470	0.000786483082666
477	0.000711182382101
474	0.000776722759548
