344	0.00264941138473
0	0.00127003995549
347	0.00253313789536
810	0.00201569957322
812	0.0015191959376
817	0.00144210856834
719	0.000636154970513
718	0.00289404854881
716	0.0013283361731
713	0.00148767713699
712	0.00186483609864
710	0.00183093221018
915	0.00550059820364
294	0.000827102109412
295	0.00120942168042
292	0.000689000678215
293	0.00292039723142
290	0.000737537738417
291	0.00222863259895
591	0.00502737096271
592	0.00219707958078
199	0.000848700116517
594	0.000689000678215
599	0.00120942168042
194	0.0
191	0.0
193	0.00211462464663
272	0.000641406013839
275	0.000747540042207
278	0.00232895629642
526	0.00210519567987
522	0.00169383313579
523	0.00144672341821
528	0.00132733013105
443	0.00181027524346
447	0.00225803908466
103	0.00368854554803
101	0.00134615357278
106	0.000400758057183
107	0.00142265519403
104	0.00217787963709
105	0.000754420181205
900	0.00125692875281
38	0.0
32	0.000578748583542
31	0.00236153005342
30	0.00160807136369
35	0.00144210856834
641	0.000668945835673
643	0.00238962209834
647	0.00238845908295
439	0.000756844772697
437	0.00058802691144
435	0.00149627647475
432	0.000668945835673
433	0.00130510080619
339	0.000608916937968
338	0.00134397302399
335	0.0146753522999
337	0.0
333	0.00120942168042
332	0.0022526244136
855	0.00202063707009
857	0.00482640422528
850	0.000848700116517
851	0.00433140792866
6	0.00190239965026
98	0.00905816407177
90	0.0115945617285
92	0.0034029983836
95	0.000668945835673
96	0.00122381694404
740	0.000942859512791
742	0.00697955858219
743	0.0015057397586
558	0.00127126631426
746	0.00902689117743
557	0.000763724633201
556	0.000756844772697
551	0.000663175751407
550	0.000737782589173
553	0.00060715910378
552	0.0023098710724
239	0.000995120809402
236	0.00060715910378
230	0.0
231	0.00682373602082
232	0.00390946002548
233	0.00135309173569
147	0.0
142	0.000699337955879
143	0.000722919425693
617	0.00143591447886
149	0.000721559917201
947	0.0
942	0.000689000678215
940	0.00070223489256
517	0.00424618487064
685	0.00109594823059
684	0.00151540680508
687	0.00293400956628
680	0.000873363754143
682	0.000595757200844
133	0.0015304716129
132	0.00062151052976
136	0.00603634035686
135	0.00968711531898
134	0.00296981794183
139	0.00062151052976
497	0.00130423774834
491	0.000649177965461
493	0.0046377221549
24	0.0104135738965
25	0.00270136897351
28	0.000668945835673
29	0.00182796001146
407	0.000632891451199
939	0.0
404	0.00102109851464
401	0.00273422689448
933	0.00190616648603
936	0.00264996244867
409	0.00120942168042
934	0.00102109851464
828	0.0
371	0.000689000678215
372	0.00050424610676
377	0.00235625153552
704	0.000672007790117
707	0.000753889226253
700	0.00120895959297
392	0.00276304882644
82	0.000689000678215
181	0.000692816031831
399	0.00140999388227
398	0.000616903186107
86	0.00121377692739
795	0.0055219330901
790	0.00382277665324
798	0.000689000678215
586	0.0120982395496
587	0.000697286622198
582	0.00200479779646
580	0.000569197682241
581	0.00482456677845
245	0.00677299919044
246	0.00279761313988
241	0.00144210856834
249	0.00120942168042
248	0.00556407276594
511	0.000668945835673
510	0.0
513	0.00131591500561
1004	0.00185792022853
514	0.00123167699166
1001	0.00127957567995
516	0.0
458	0.00260576925062
622	0.0
624	0.00135309173569
450	0.00334261729137
629	0.0173624041865
628	0.00137528638441
454	0.0037271067392
178	0.0134966327453
595	0.00158767165731
175	0.00330064510378
171	0.00063141924493
170	0.00271930871403
977	0.00330407479467
976	0.000608916937968
978	0.00259019613456
656	0.00133758318841
654	0.00181585424627
2	0.00696000558892
186	0.00506781999996
187	0.000665173077754
650	0.0030045318536
185	0.00148281075186
188	0.00144210856834
189	0.00187150115254
658	0.00357172637688
659	0.00069521764299
184	0.00120761035598
13	0.0
15	0.00175627807364
14	0.000571867098989
17	0.00122251213004
16	0.000571867098989
861	0.00050424610676
862	0.00295630177397
883	0.00259400293348
886	0.0
885	0.000750621835824
569	0.00968459427257
323	0.00062151052976
321	0.0
326	0.000731610343187
327	0.00058802691144
329	0.00202442458242
688	0.00060715910378
775	0.000751374551074
774	0.0
776	0.000751374551074
207	0.013176193932
772	0.0
209	0.002173857767
208	0.00060715910378
779	0.00062151052976
77	0.0037917729085
75	0.0
74	0.00451528464252
78	0.00120942168042
669	0.00114956770727
665	0.000751374551074
664	0.00060715910378
663	0.0011740400936
662	0.00434151218385
660	0.000781992988223
692	0.0021672719466
693	0.00256290876095
697	0.00134510947723
695	0.00134074396972
542	0.0020912606494
540	0.00610454968111
541	0.0023092206782
546	0.00148018783475
547	0.00515895612602
8	0.000578748583542
995	0.000714018591902
994	0.00133729311312
997	0.00137524676871
996	0.00422574526643
991	0.00190664505855
990	0.000711275451925
120	0.00069521764299
125	0.0
126	0.00614397714709
414	0.00063056765483
415	0.00390925812599
416	0.00617116209729
410	0.00179668107874
921	0.00134859960505
923	0.007860357688
418	0.00226174499713
926	0.0
499	0.00380436442882
319	0.00256256659666
318	0.000748895059133
313	0.00489904089221
311	0.00133670245781
310	0.000610166461903
316	0.00262594226824
832	0.0100132486552
833	0.00442923608072
830	0.000679151694978
837	0.000622239942728
835	0.00069521764299
838	0.00103422582767
369	0.00131591500561
364	0.00202677414928
362	0.00122641222018
360	0.00109594823059
361	0.000668945835673
381	0.00177834612033
383	0.00109594823059
784	0.0
787	0.000699337955879
780	0.00123167699166
782	0.00448073647675
783	0.00176787673864
788	0.00163120627133
789	0.000668945835673
573	0.00150484134832
572	0.00190440165647
575	0.00213793543488
61	0.00349624166199
62	0.00136251370729
152	0.00059825418842
64	0.0
66	0.000767697990469
67	0.0075990133996
68	0.000668945835673
250	0.0
251	0.000668945835673
256	0.00909066232739
731	0.00264015120921
735	0.00037875362734
737	0.00201204432219
509	0.000772119406661
506	0.00154167808635
738	0.00448228971566
505	0.0
502	0.00239687946302
500	0.00301265103588
630	0.00601077701808
631	0.00109594823059
633	0.00207455640902
469	0.0198564163297
468	0.00060715910378
465	0.000763182514707
464	0.00060715910378
466	0.00123242592508
460	0.000716057906971
462	0.000736576522984
168	0.0168309214396
165	0.00473378471307
166	0.00150484134832
167	0.00433140792866
160	0.00109594823059
966	0.00195894967361
963	0.00128426363775
969	0.0
935	0.00140085729047
872	0.000668945835673
873	0.000668945835673
870	0.000689000678215
890	0.0014668449317
891	0.00395616988259
646	0.00400792003047
648	0.0090080382925
356	0.00915029973029
809	0.000668945835673
808	0.00121192603906
802	0.00130657909159
216	0.0014223519129
214	0.00812775802955
952	0.00134456836984
762	0.00224450558975
763	0.000737537738417
761	0.00125366180769
767	0.00120942168042
764	0.00268720222828
765	0.00381364439783
957	0.00144210856834
956	0.00127856092066
4	0.00218661637747
280	0.00109594823059
283	0.000772730999636
670	0.00183270844585
671	0.00214861583177
672	0.000755550038425
260	0.00300967211683
267	0.00957209858008
266	0.000763724633201
264	0.00202442458242
268	0.00441277464865
56	0.00133379617945
53	0.00268473345197
52	0.00461426311073
537	0.00060715910378
951	0.00493298429318
532	0.00177834612033
531	0.00209266592214
530	0.00476740534777
538	0.00120942168042
201	0.00119985507834
988	0.00558968958938
200	0.00355773323173
980	0.00317977833198
987	0.0188223596407
984	0.00301946842261
985	0.00060715910378
117	0.00148767713699
116	0.0014368756943
111	0.000754403866503
112	0.00615020554116
119	0.000757867537743
118	0.00060715910378
429	0.000753889226253
428	0.00689591890814
421	0.00417332268758
420	0.000607177600464
423	0.00391437366687
422	0.00522343474862
424	0.0091614762194
427	0.00157629212039
912	0.00746763442998
301	0.0026150885877
306	0.00069521764299
847	0.00176215134646
846	0.00358583298676
844	0.00227050939788
843	0.00127369885654
840	0.00134397302399
849	0.003737353394
848	0.000726924457736
752	0.0
754	0.00116815291023
561	0.00476342011499
563	0.000882914319497
565	0.0
229	0.0
228	0.0018165807842
724	0.00208649100981
720	0.00349938992748
729	0.000785607948413
605	0.00239360117706
607	0.00338077495736
606	0.000711275451925
157	0.00109457641111
602	0.0015057397586
159	0.00982808690379
609	0.0027050242324
83	0.0
634	0.000400758057183
48	0.00266454267454
46	0.00062151052976
950	0.00119048421439
953	0.00512649501324
45	0.000767697990469
955	0.00134397302399
954	0.00144210856834
40	0.00516351850203
41	0.0
638	0.00117160101875
5	0.00126450427999
485	0.0013564042361
482	0.00427739116122
472	0.00680931813501
470	0.00120942168042
477	0.0
474	0.0
478	0.0025190327984
