344	0.000687945192225
0	0.00195667240257
347	0.00173355723539
343	0.00157392864357
812	0.00136435705066
817	0.00417808776917
719	0.0
718	0.0092570134133
716	0.00196955097122
715	0.000591278029571
714	0.00196801866588
713	0.0012951980701
712	0.00326010693418
710	0.00195670100677
915	0.0154428418562
916	0.000661513810601
299	0.000578716003732
294	0.000698747864638
295	0.000652673373926
293	0.00130785235133
290	0.00197697780609
291	0.00515033048789
591	0.00130998170445
592	0.00321496639626
595	0.000661046733652
599	0.00195670100677
197	0.00129926843593
196	0.000661916608547
191	0.00196529254737
190	0.00482386441053
193	0.00397958525567
272	0.00129214127633
274	0.00206297973717
278	0.000642494312927
526	0.00137555060354
443	0.00460567175528
440	0.00190404978214
444	0.00131071651463
102	0.000515531078329
103	0.00208342608493
101	0.00133744634614
106	0.00409374087589
107	0.00582445685765
105	0.00120591875193
38	0.000652703757169
32	0.00131032102649
31	0.00275647413997
30	0.00331187986267
35	0.000697858852243
34	0.000529001271006
643	0.00146015951082
644	0.00314204200854
438	0.000660275529399
439	0.000672547198384
648	0.00399628951548
435	0.00129244210476
433	0.000653737199918
431	0.00069949664698
338	0.000649414929151
335	0.00205479044898
334	0.00779716641989
331	0.000608270629406
333	0.00195965653223
332	0.000646816799951
558	0.0073268367449
854	0.0118229646608
818	0.00132095006806
857	0.00204340969202
850	0.00327474707591
851	0.00207017514585
859	0.00199954321105
6	0.00195434992533
98	0.00707363477299
91	0.00129834026435
90	0.00590752302403
92	0.000693513580948
740	0.000583414876842
742	0.00390171919516
743	0.00464596703631
745	0.000615210891671
748	0.000582736064247
749	0.00326745367659
556	0.00132819703651
551	0.00131071651463
550	0.00329152123081
553	0.000646760605833
552	0.000697858852243
239	0.000650399476015
235	0.000650399476015
236	0.00313970644155
231	0.00121024767211
232	0.00134729575334
1	0.0011639371527
147	0.0018834193059
142	0.00203143578002
143	0.00175342635379
141	0.00139735549922
612	0.0005604552428
617	0.00196258321599
614	0.000697858852243
149	0.000669361725142
1004	0.000640071896392
948	0.000680433864686
515	0.000645223131992
945	0.000649872370504
517	0.00599851748247
685	0.00141889565715
684	0.00862073368953
687	0.00326719139597
686	0.000576915552485
680	0.00329463216043
133	0.000669321265327
132	0.00125152518482
137	0.000658082406259
136	0.0034099973499
135	0.00592044584014
134	0.00322846725895
495	0.000652703757169
139	0.00109894595517
497	0.0
491	0.0
492	0.000661046733652
493	0.0020646432507
24	0.00345514501324
25	0.000661017356044
26	0.000645385008248
927	0.0111236809197
407	0.0
406	0.0013226466515
404	0.000661513810601
401	0.00325553493361
933	0.00234693993452
936	0.00264190789983
409	0.00193091868888
379	0.0
829	0.0
373	0.000690945360435
372	0.000663550648363
377	0.00399653730117
708	0.000661513810601
704	0.00327451837934
706	0.000548612097034
707	0.00260088150416
700	0.00204869393906
702	0.00318104064057
703	0.000649414929151
393	0.000647703390255
392	0.000684606547455
82	0.000657845384371
398	0.000651831815272
796	0.00058238056393
795	0.00210083147199
791	0.00126019722249
790	0.00475590227036
586	0.0138971403649
587	0.0010268653766
584	0.000658936751541
585	0.00065770183932
582	0.000600366976908
580	0.00184455883453
581	0.00263403667874
588	0.000542220041291
245	0.00115604722506
246	0.00199233492025
249	0.00130447755482
248	0.00726960335816
924	0.00125448103661
510	0.000515531078329
513	0.00131071651463
512	0.000697858852243
1003	0.000643300608784
514	0.000517383299423
1001	0.00124572014608
516	0.000680385099701
458	0.00198252728533
624	0.00178860823219
450	0.00326581360257
629	0.0150342186487
628	0.00131548536537
454	0.00579998877512
199	0.00252177762472
175	0.00192850939222
174	0.00415094575077
173	0.000642604146646
171	0.00115664168291
977	0.00373270201029
976	0.00126642158994
972	0.0
971	0.000687945192225
180	0.0
978	0.0146060342904
656	0.00207642836622
654	0.000652673589204
2	0.0019946909616
186	0.00200690872122
184	0.00129590421486
185	0.0020022519703
188	0.00348550195567
189	0.00256245701583
658	0.00204079234813
659	0.00129590032239
650	0.000627116089868
869	0.000671347377151
868	0.00333062169297
13	0.0
12	0.000661352783308
15	0.00264479488032
14	0.00375985287604
17	0.000687945192225
16	0.000656552674248
862	0.00452521377009
865	0.000656583826575
866	0.000661513810601
947	0.0
880	0.00129878016465
885	0.00263898198577
752	0.00195862626172
322	0.00179187037844
320	0.0
321	0.0026467681906
326	0.000509626108013
327	0.000747848380285
324	0.000683971950956
329	0.00124384316562
775	0.000664158725402
200	0.0116681608231
202	0.000684838423524
770	0.000654064378435
207	0.00551326691914
772	0.00259279009904
209	0.000666595797293
208	0.000626633516259
77	0.00200931363119
75	0.0149511405741
72	0.000652703757169
669	0.000652703757169
664	0.00062981540562
663	0.00220562604271
662	0.00265033320837
660	0.00196196934766
692	0.00327274952123
693	0.00392211544325
696	0.000690712180014
697	0.00217712024294
695	0.000652703757169
698	0.00338802581779
542	0.00396811103074
543	0.000687945192225
540	0.00218614243379
541	0.00257312923133
546	0.00329248755373
547	0.00282940317384
8	0.000652703757169
548	0.000496282400665
995	0.000649575718817
996	0.00246839994007
991	0.00130534453135
990	0.00207935224734
993	0.00074261594814
120	0.00324452781822
125	0.000515531078329
127	0.000649872370504
415	0.00461169631551
416	0.00735790406408
410	0.0
920	0.00411322106215
922	0.00074261594814
923	0.00714102938206
418	0.00244197649545
925	0.00171090988853
926	0.00237503305613
499	0.00594623170129
319	0.000666523917031
318	0.000666523917031
313	0.00331843710073
311	0.00108214261424
316	0.00204275790674
832	0.00158191021158
833	0.00263490104169
830	0.00066365822232
838	0.0020495384655
369	0.0026327351312
366	0.0
364	0.000594267446802
365	0.00062525806039
362	0.00295264801686
360	0.00206686823084
380	0.00126213200993
381	0.00222946357698
383	0.000661916608547
784	0.0013055022513
780	0.000583414876842
782	0.00129244210476
783	0.0
788	0.0011028600427
789	0.000651804180896
573	0.00199767128299
572	0.00132662052991
577	0.00173980806228
153	0.000620462085685
575	0.00134828318657
574	0.000666595797293
61	0.00132349111758
62	0.00263154962565
64	0.00168865879912
65	0.00195490100426
253	0.0013189506365
250	0.00131071651463
256	0.0060146448211
731	0.00530397473322
732	0.000652211499596
737	0.000627473770688
506	0.00376660997328
738	0.0
505	0.000515531078329
502	0.00392649908679
500	0.00323662112667
630	0.00612532373546
631	0.00269568357105
633	0.000650399476015
469	0.0034065790353
638	0.00122516501021
464	0.000686051334453
466	0.00131466517737
462	0.00267879355517
168	0.00403187697476
164	0.00150028088357
165	0.00407491270285
167	0.00273254162289
160	0.002028701007
966	0.00230333882336
935	0.000572659165428
909	0.000660915273318
879	0.00187028977596
872	0.00112460060522
873	0.00110316710534
870	0.00131548536537
871	0.00065770183932
890	0.00260209426106
891	0.00274898599585
894	0.000684838423524
647	0.000687945192225
646	0.00131071651463
356	0.0093276498337
808	0.000652673373926
353	0.00135891500018
802	0.00130962619956
800	0.000657730650261
216	0.00132843558516
217	0.0
214	0.00711772376431
769	0.00194783161134
762	0.00599620913373
764	0.000561779778257
765	0.00463894689877
957	0.000697858852243
281	0.000663245341343
280	0.00273448456683
284	0.000663245341343
674	0.000671362026356
670	0.00257421319418
672	0.00066268267636
263	0.000658016967196
260	0.00336718218768
267	0.00804883345066
264	0.000661916608547
268	0.00128579492171
58	0.00198299410063
56	0.00262923181904
53	0.00326865791182
537	0.00188636112738
535	0.00262395081493
534	0.00107598632113
532	0.000686051334453
531	0.000657430341483
530	0.00475338279396
538	0.00195897325557
988	0.000697858852243
774	0.0
980	0.00198041762708
987	0.0021826153572
984	0.00199244130042
117	0.000642494312927
111	0.000661916608547
113	0.00131071651463
112	0.00335377185917
118	0.00130331328008
773	0.000541387327079
429	0.00314836522802
428	0.00272557688845
918	0.00132463820252
421	0.00349947823291
420	0.000496282400665
423	0.00200056344301
422	0.0019834666524
424	0.00418822990602
427	0.000541387327079
912	0.00201164454529
308	0.00117109177269
309	0.0011639371527
855	0.00106575865831
301	0.00139202756769
302	0.000687945192225
303	0.00103853670657
306	0.00129097541625
846	0.00208183166869
844	0.00331349593073
843	0.0
842	0.0012601036121
840	0.000561779778257
849	0.000642216070291
823	0.00131071651463
568	0.0
569	0.0169692049757
561	0.00205571899597
758	0.00132697890691
565	0.00127698945377
566	0.000659634354042
229	0.00385725598732
228	0.00261339373214
223	0.00244091867653
220	0.00326350526192
724	0.00132605202061
722	0.00131071651463
723	0.00187657475718
720	0.00197007635022
605	0.00458549808842
150	0.000659071589162
607	0.00713530503276
157	0.00464726655072
602	0.0013332629941
159	0.0124037086732
609	0.0110609046468
634	0.00232126429036
958	0.0
48	0.00331225057261
951	0.00324817982046
950	0.00106599539646
953	0.00207463151661
952	0.000687945192225
955	0.00381418914542
954	0.00207191780746
40	0.00387487016942
956	0.00265643744802
5	0.00128897667612
485	0.0019684471649
483	0.001291420888
482	0.000652673373926
472	0.00401139857873
470	0.00977739585358
471	0.000690945360435
478	0.00200690872122
479	0.000661916608547
