344	0.00407111731036
0	0.000556660008977
346	0.000302675755915
347	0.00133238102239
343	0.00211146241233
810	0.000552608498531
812	0.00293088381521
813	0.00094736208265
814	0.0
349	0.00328649834322
817	0.00629550535761
719	0.00147469732873
718	0.00240600671796
716	0.000516368741646
715	0.00141150263511
714	0.000486335629313
713	0.00131269482185
710	0.00283028928204
915	0.0302362029972
910	0.000914621059625
294	0.00158877744887
295	0.000556660008977
293	0.00265532180824
290	0.000961115256683
291	0.000659676068698
591	0.0011850654615
590	0.00141150263511
595	0.00321641858603
599	0.002804752058
197	0.00129551369068
196	0.00102210953855
193	0.00195935164825
192	0.00105686189562
270	0.000990578099546
272	0.000700827926588
275	0.000987224762667
277	0.00137134368982
278	0.000473548527671
526	0.00299599153294
527	0.000562845423046
528	0.000486304934893
443	0.000486335629313
441	0.0
445	0.00155129573076
103	0.0
101	0.000469183221036
106	0.0
107	0.018360678109
105	0.000467037460183
900	0.00129709121046
38	0.000382308560202
32	0.00160705180524
31	0.00531198617434
30	0.00168493936043
35	0.004697152482
641	0.000459082992198
643	0.00187222674447
644	0.00247264340348
647	0.00253225269148
439	0.000409359076734
437	0.000499477075819
435	0.0
432	0.000459082992198
433	0.000459082992198
339	0.000556660008977
338	0.00139690610938
335	0.00159223607046
334	0.00235049442274
336	0.000518397037082
333	0.000556660008977
332	0.0
558	0.00254992131581
854	0.00224328659178
855	0.00126545562255
857	0.00653719154569
850	0.0138758793177
851	0.00445372055278
853	0.000297128624483
858	0.000577956308291
6	0.000556660008977
99	0.000556660008977
98	0.00314064267405
91	0.000308591514857
90	0.00199404690345
92	0.00253225269148
95	0.000459082992198
742	0.00126874882418
745	0.00247059076464
746	0.00240892629211
748	0.00177329161303
556	0.000409359076734
551	0.000695018213063
550	0.000585476032207
553	0.00107910022295
552	0.00159619427973
236	0.00108826385585
231	0.00242646816797
232	0.00208422366564
147	0.00676942573629
142	0.00387039492762
141	0.00159619427973
611	0.000482035324359
617	0.000923201416958
614	0.00319374797367
149	0.00104014940681
1004	0.00154672174142
948	0.00593863040809
949	0.00167311119856
946	0.000863481351793
947	0.0
945	0.000990578099546
942	0.000881257762536
943	0.000297128624483
940	0.000961115256683
688	0.00105686189562
685	0.00393428575232
684	0.0
687	0.00118579657909
686	0.000893105598028
680	0.00134013161461
682	0.00197079732557
133	0.000882425224542
130	0.000557616820109
136	0.00521009061527
135	0.00703028413988
134	0.00040877573122
491	0.00054030627951
493	0.00151462466466
24	0.00299599153294
28	0.000459082992198
29	0.00108874793917
404	0.000504253397089
402	0.0
401	0.00610613370172
400	0.000347493029491
933	0.00133238102239
931	0.000893105598028
936	0.0
409	0.000556660008977
934	0.0012811581781
828	0.00198444795074
371	0.000881257762536
373	0.00305470023909
374	0.00163775905068
700	0.00189156530172
702	0.0014726134239
703	0.000347493029491
393	0.000552608498531
392	0.00119658061102
391	0.007692602245
390	0.000347493029491
397	0.00081809875471
83	0.000347493029491
399	0.000393966286226
796	0.000459082992198
795	0.004697152482
790	0.00189156530172
586	0.000988915011216
585	0.000527551888352
582	0.000945332389366
581	0.00143156823748
589	0.000486304934893
245	0.00137512636981
246	0.00142178613205
241	0.00159755369394
243	0.00115624943827
249	0.00110905665763
924	0.000989512714286
510	0.0
513	0.000695018213063
512	0.00159619427973
514	0.000466241117171
1001	0.000990578099546
516	0.00147469732873
458	0.00156491384456
622	0.000765452178848
951	0.0018916793642
624	0.000487382039041
450	0.00261197890801
629	0.0240527699481
628	0.00239841355969
454	0.00180765570184
456	0.0
178	0.0145578959102
199	0.00246030060173
175	0.00355889927778
173	0.00196293981435
171	0.000893105598028
170	0.000881257762536
977	0.00282486467263
517	0.00219482255124
975	0.000405118580953
972	0.000893105598028
971	0.00381204821224
979	0.000990578099546
978	0.0300429756927
656	0.00159141584091
657	0.00146958050602
654	0.00351632081001
2	0.00438250297608
652	0.000552608498531
187	0.00128191910345
650	0.00246217047689
185	0.000967334070204
188	0.00633890308312
189	0.00105339423921
658	0.00299599153294
868	0.0020955911357
13	0.00194286749726
14	0.0024332507291
17	0.00253225269148
863	0.000834875068532
862	0.00109906035104
865	0.00032222887485
883	0.000468170168531
881	0.000990578099546
885	0.000444765839511
888	0.00267780607338
929	0.0027789435263
809	0.000459082992198
322	0.000302675755915
323	0.000149143221366
320	0.00106394320818
327	0.00204715881269
329	0.000487382039041
775	0.00032222887485
774	0.0
771	0.00246756650784
773	0.00046118565823
772	0.000549037760882
208	0.000552608498531
77	0.000818134807954
75	0.00187200791719
74	0.00269935817347
73	0.000874713757306
71	0.000642402157245
70	0.00101970959605
78	0.00106091340607
668	0.00142201951169
664	0.000552608498531
663	0.000691094910709
662	0.00257539676029
660	0.00062625178571
692	0.00366249497119
693	0.0021894645446
696	0.000451826169419
697	0.00165923815767
698	0.000459082992198
699	0.000409359076734
542	0.00137320331914
543	0.0012635038673
540	0.00491245602078
541	0.000990578099546
546	0.00232822656672
547	0.00630740478448
549	0.000881257762536
994	0.000946465031239
997	0.000394804965281
996	0.00194515652422
991	0.0023231082147
990	0.00701354515459
120	0.00163329886291
122	0.000543877774057
125	0.000149143221366
126	0.00366386892481
129	0.000445724610337
415	0.00102210953855
416	0.00583257663524
920	0.00126874882418
921	0.000990578099546
923	0.00455905714017
418	0.000943778828677
925	0.00100907850859
926	0.0076443231657
499	0.0
318	0.000639671913886
313	0.000854976390602
311	0.000922481909428
310	0.000481713662857
317	0.000347493029491
316	0.0313664131769
314	0.00242614773242
832	0.000754245651743
833	0.000483386925851
837	0.00439823733303
838	0.00131718342517
369	0.00204837262172
367	0.000914621059625
362	0.000977365850061
360	0.00299599153294
361	0.000459082992198
381	0.000552608498531
382	0.000484119229185
383	0.00342832475967
388	0.00122886748827
780	0.000466241117171
782	0.00152071660775
783	0.0019597225135
789	0.00154298752398
151	0.000911808815781
573	0.000928850744601
577	0.00312671878784
576	0.000990578099546
575	0.00121903002364
61	0.00346991971121
62	0.0013787479541
67	0.00876671027126
68	0.000459082992198
253	0.000451826169419
251	0.000459082992198
256	0.000882425224542
731	0.00532003677057
730	0.00179349046276
737	0.00103586104659
506	0.00762809559192
738	0.0166255390237
502	0.00295064934681
500	0.0
630	0.00299599153294
631	0.00151462466466
633	0.0033107880009
469	0.0237383561232
468	0.000552608498531
465	0.000472081235504
464	0.000552608498531
168	0.00371871531196
165	0.0105970018708
166	0.00189703375421
167	0.00446249679785
160	0.00299599153294
966	0.000401815172265
962	0.000700827926588
963	0.0014730299227
935	0.00141852305598
909	0.000486304934893
874	0.00279867933323
872	0.000459082992198
873	0.00138356997704
870	0.00080057588301
890	0.000447380987692
891	0.00299599153294
898	0.000552608498531
899	0.00105686189562
646	0.00418498652707
648	0.000444765839511
356	0.0016800811538
355	0.000893105598028
808	0.000552608498531
803	0.000659247732292
804	0.000491101023727
214	0.00766039424663
955	0.00140322421006
761	0.000499477075819
767	0.00106091340607
764	0.00137512636981
765	0.00210158535402
957	0.00319374797367
289	0.00105686189562
288	0.00615460332909
4	0.0
281	0.00150739605878
280	0.00897033546916
285	0.000893105598028
674	0.00237468074776
676	0.000149143221366
670	0.000552608498531
671	0.00126225306155
260	0.000409359076734
267	0.00125125875592
266	0.000409359076734
268	0.00330564202323
56	0.000459082992198
53	0.00128156639387
537	0.00161925611842
535	0.000679787396105
534	0.00143115106222
532	0.00105208557435
531	0.000459082992198
530	0.0161748237616
538	0.00163762500594
201	0.000552608498531
988	0.00470736627828
200	0.00381204821224
980	0.000552608498531
987	0.0139069037165
984	0.00040877573122
985	0.000552608498531
117	0.000659676068698
112	0.00277935758739
119	0.000951656941662
118	0.00113976162057
207	0.0208631422073
206	0.000149143221366
429	0.00102210953855
428	0.00666502134984
919	0.000693348814416
421	0.00639068874638
423	0.00239137719435
422	0.00134013161461
425	0.00169193595664
424	0.00772442687858
913	0.000679787396105
912	0.00744770758163
301	0.0047776302186
302	0.00276690837563
304	0.0
306	0.000347493029491
846	0.00453862672869
844	0.0
840	0.00140862250076
849	0.0024392545322
568	0.00116714567326
569	0.000556660008977
751	0.000659247732292
750	0.00151462466466
754	0.000599589429294
561	0.00151462466466
565	0.000433208043389
566	0.000654714361526
739	0.00134013161461
229	0.00486624323778
228	0.000556660008977
225	0.000468170168531
224	0.00253225269148
223	0.000297128624483
220	0.000486304934893
88	0.000184585038374
724	0.00146490527792
723	0.00104651680748
720	0.000956607493422
721	0.000865383109678
605	0.00215361053719
607	0.000911808815781
157	0.000445724610337
602	0.000865383109678
609	0.000943842726163
976	0.00301659757956
48	0.00312154602027
46	0.000566135051176
950	0.00119621762234
953	0.00253225269148
952	0.00253225269148
42	0.000353643551271
954	0.004697152482
40	0.00350516141187
5	0.00159205296049
487	0.000772915585227
485	0.0013787479541
484	0.00310226787208
482	0.000459082992198
480	0.000963336389287
472	0.0029022385925
470	0.000556660008977
