344	0.00184962740477
0	0.00108386338024
340	0.000592828844573
341	0.00185088009293
343	0.00059536060122
812	0.000591977163569
813	0.0017764018109
814	0.000597106139195
349	0.000539112857985
817	0.000616495910861
718	0.00581431524673
716	0.00175408629732
713	0.000581091887431
710	0.0016547049882
915	0.00740153611822
736	0.000527511716263
294	0.00118257243973
295	0.000544268572717
293	0.00147607378047
290	0.000590386705612
591	0.00173746953903
595	0.00234907934986
198	0.00060026950747
597	0.000545263727012
599	0.00217753201025
197	0.000590386705612
196	0.00060026950747
191	0.00239603297094
190	0.00546859223835
193	0.00178804349987
192	0.00106375547294
272	0.0
274	0.000608480177272
275	0.000987704140164
278	0.00117147859304
738	0.00382672613895
526	0.00186178940101
527	0.000593982748407
522	0.00057816883769
528	0.0029307226048
443	0.0
441	0.000584251386961
440	0.0
445	0.00186424999514
444	0.000589210864098
109	0.00118038384978
101	0.000583654189711
106	0.0
107	0.00228722297369
104	0.000590001987901
105	0.00171261653198
902	0.000621894164175
39	0.000590386705612
905	0.000593404140449
32	0.000534061922641
31	0.00243834542549
30	0.00175827161164
35	0.00185842198579
641	0.0010657936822
643	0.0
644	0.00213722230659
647	0.00123232562585
439	0.0017748065991
649	0.00116703092891
648	0.0011815394655
435	0.00773389217459
433	0.00105830465492
339	0.000544268572717
338	0.000531436710332
335	0.0
334	0.00592495683457
337	0.00146012653574
336	0.0
333	0.00108534557404
332	0.00298689030961
745	0.000527820071601
854	0.000603474776183
855	0.000955710741867
857	0.00369603291189
850	0.00172546245224
851	0.00487890838503
6	0.000544268572717
99	0.00165833156003
98	0.00523167822889
90	0.00704061358182
92	0.00123232562585
95	0.000531436710332
740	0.0
742	0.00351192401358
743	0.00237005218688
744	0.00295895613735
558	0.00339053256032
746	0.0047389456324
749	0.0011109464138
557	0.000589795014129
551	0.000607752030321
550	0.00183259266275
553	0.00052191479743
552	0.00123652782161
239	0.00177815397389
235	0.00118442256258
231	0.00318492133057
232	0.00354892115345
233	0.00118655886051
147	0.00237377832204
618	0.00171530102521
142	0.00430513605223
143	0.00123003156195
141	0.00121561721496
611	0.000520767429471
617	0.000590386705612
614	0.00123652782161
1004	0.00116596890703
948	0.00654548251079
949	0.0011831268034
946	0.00591636479432
940	0.000589795014129
517	0.00413037466559
685	0.00186178940101
684	0.00989563584659
687	0.00412422272608
516	0.000548054866151
680	0.0
133	0.00177106706746
136	0.00185093360013
134	0.00112635561444
493	0.00186178940101
24	0.00371489547621
25	0.000564066505952
21	0.000616539285613
28	0.000531436710332
29	0.000545682135931
939	0.000585591717834
404	0.00117386459277
402	0.000589268024245
401	0.00296614972369
400	0.000577472034167
409	0.00108707855396
379	0.00048049906155
828	0.000527820071601
373	0.00247115469613
374	0.00173304076976
377	0.00061919501933
376	0.000508310822609
704	0.00288798574567
706	0.000602236715158
707	0.001760095997
700	0.000590219978502
144	0.000608803699421
702	0.000548054866151
703	0.00119663728115
392	0.00234269525475
391	0.00372942262698
390	0.000597515977054
181	0.00122122410676
86	0.0
796	0.000531436710332
795	0.0024787837506
791	0.000608803699421
790	0.00473560007317
799	0.00182073663531
586	0.0135917556966
584	0.0
585	0.0009773468249
582	0.000531436710332
580	0.00121945933011
581	0.00117096051039
245	0.00211510919643
246	0.00116769695219
242	0.000590234242739
249	0.00108386338024
924	0.00274707126663
518	0.00241129672712
510	0.0
513	0.000585704775039
512	0.000616495910861
1001	0.000527820071601
1000	0.0022035583666
458	0.00337995300689
622	0.0
624	0.00113943930455
450	0.0018820753771
629	0.0123762805764
628	0.00058553950231
454	0.00356260679919
178	0.0136444650188
199	0.00106021943545
175	0.000987704140164
173	0.000527820071601
170	0.000955710741867
977	0.000624442168209
976	0.00108162022896
974	0.00118397353309
971	0.00185093360013
978	0.0135360676585
656	0.00183230037155
657	0.000534061922641
2	0.000591977163569
650	0.0
188	0.00244762787112
189	0.00230783035509
658	0.00309914482421
659	0.000585351588775
184	0.00115577473745
868	0.00236378078068
13	0.000527820071601
15	0.000586313440053
14	0.0010461790068
17	0.00184947631691
16	0.000594079398425
862	0.00109576785231
865	0.00118017926203
866	0.00117021452895
883	0.00115857471082
880	0.00117708748209
886	0.0
885	0.000591034962133
752	0.00420954945286
929	0.00216509849363
322	0.00119010905415
323	0.0
326	0.00119051511412
327	0.00107553511911
324	0.000589795014129
329	0.0011077008335
775	0.000619722998676
200	0.00555665537926
758	0.00279504294749
207	0.00372133604001
206	0.0
779	0.000577401047355
77	0.00059164478673
75	0.00235034834679
74	0.00471489134475
73	0.00167652073681
71	0.00058719248128
70	0.00297078405227
78	0.00108162022896
686	0.0
669	0.00121945933011
668	0.00180238767593
667	0.00062003191075
663	0.00116912861696
662	0.0
692	0.000592417074595
693	0.00103319665178
696	0.000589795014129
697	0.0019386066376
695	0.00126091037655
698	0.00370382896246
542	0.00644948593892
543	0.00185093360013
540	0.0021441682349
541	0.00160714572125
547	0.00248006759694
544	0.00607948606851
8	0.000608803699421
995	0.00121241992905
994	0.00211515215863
997	0.000589795014129
996	0.0010461790068
991	0.000544268572717
990	0.00185397123701
120	0.00899611944727
122	0.000548054866151
125	0.0
126	0.00354892021256
127	0.00234312615145
414	0.000619722998676
415	0.00294720008818
416	0.00237542122897
410	0.00178142213405
920	0.00244690171134
921	0.00214350909432
923	0.0153463847149
418	0.000520767429471
925	0.00151098645124
499	0.00174872570001
319	0.00170814985461
318	0.00115285462719
313	0.00355370863245
311	0.000531436710332
310	0.000951480585187
316	0.0134972260159
314	0.00108386338024
835	0.000593285976887
838	0.00123051496532
3	0.00123277840785
369	0.00176195124514
367	0.0176899857308
362	0.00288397066673
360	0.0024846798401
361	0.000531436710332
381	0.0027359228293
383	0.00173329828134
387	0.00062003191075
388	0.000599121304095
784	0.0047769997784
782	0.00734086553713
783	0.00160548316246
788	0.000593753674527
789	0.00106794595616
151	0.00118141780794
573	0.0011777345475
572	0.00117873051465
575	0.00118282417475
61	0.0077044370535
62	0.00234233672736
65	0.0035884632952
67	0.00121018014225
68	0.000531436710332
253	0.000590867083686
250	0.0
251	0.000531436710332
256	0.000590001987901
731	0.00176054173349
730	0.00295649707347
732	0.00173556048071
509	0.000589391015306
506	0.00794833575927
507	0.00185168428031
505	0.000483308312331
502	0.00738866521526
503	0.00222010119129
500	0.00179034610271
630	0.00556095901617
631	0.00186178940101
633	0.00177723688673
469	0.00185572284094
638	0.0017712417629
464	0.000540506629929
927	0.000589795014129
900	0.0
168	0.00887680002702
169	0.000586810127166
164	0.00117914478922
165	0.00427695582239
166	0.00352671272078
167	0.00123652782161
160	0.00370488152299
161	0.0
962	0.00118299788352
963	0.00119560263984
969	0.00176818817696
935	0.00177968579989
909	0.00115013643344
878	0.000539112857985
874	0.000500969641916
875	0.000590386705612
872	0.000531436710332
873	0.00158759748017
890	0.00236450817914
891	0.0166961643308
895	0.000607752030321
899	0.000571241566439
646	0.00292953481133
356	0.0182894907812
809	0.00115115970901
353	0.00184600124066
351	0.00184343984651
803	0.000595301248328
802	0.00126091037655
800	0.000585368329114
806	0.0123319565401
804	0.0
216	0.000564066505952
214	0.015565535861
762	0.00118529644223
955	0.000531436710332
761	0.0
767	0.00162812186552
764	0.00317648036564
765	0.00707717286049
957	0.000616495910861
956	0.00167627839572
289	0.000527820071601
288	0.00248483620584
281	0.00118642713183
280	0.0167527175309
285	0.0
679	0.000571025644833
674	0.0023454366005
676	0.0
670	0.00104845161124
267	0.00419763077657
266	0.00118382959665
264	0.00108025143545
268	0.000581091887431
58	0.000574472357493
56	0.00110186156051
53	0.00354583750177
52	0.00118224950628
537	0.0
535	0.00412453247145
534	0.00118712868942
532	0.000545682135931
531	0.000531436710332
530	0.00433838447755
538	0.00111189500696
988	0.0117546470293
980	0.00108441794758
981	0.000597515977054
987	0.0165291533594
984	0.00533523698731
114	0.000592828844573
117	0.000581091887431
111	0.00118450261059
113	0.00117107310415
112	0.00289838774509
772	0.00474089750365
429	0.00235807024514
428	0.00308440870428
919	0.00204390114716
918	0.00228707233864
421	0.00123652782161
423	0.00292202310976
422	0.000586313440053
425	0.00651661172675
424	0.00185763919576
913	0.000587183790936
912	0.00886840533754
300	0.000597515977054
301	0.00184735836365
302	0.00185038797468
306	0.000597515977054
846	0.00186178940101
844	0.00116111438743
840	0.00105864407051
849	0.00199865373561
823	0.00059126193609
568	0.00145149630245
569	0.00113406358685
750	0.00310784199652
754	0.000581173663465
561	0.00186178940101
563	0.000608803699421
565	0.00173912260854
739	0.00183970001591
228	0.00168818746712
226	0.0
220	0.00176995116818
724	0.00116394103424
89	0.00117065372859
723	0.00223171125666
720	0.00356304676535
721	0.00118508383464
605	0.00159298022414
150	0.00239141543721
153	0.0012457848085
152	0.0
601	0.000508310822609
157	0.0041256359869
602	0.00177304640871
159	0.00118950800971
609	0.00415618673803
83	0.000597515977054
634	0.0011869798382
48	0.00055755456352
951	0.00240647633591
953	0.00185030180223
952	0.00368933906259
42	0.000583148440626
954	0.00185572284094
40	0.000589795014129
41	0.00334535734057
5	0.000528933486698
486	0.00122022868476
484	0.00435069447574
482	0.000531436710332
480	0.00105925678193
472	0.00530522657233
470	0.00107644442147
471	0.00119195284188
476	0.000590386705612
477	0.000472011743485
474	0.00175701870386
