344	0.00131411154968
0	0.000586509879141
343	0.00155850485623
810	0.00108082669494
817	0.00222948364504
719	0.00379174320482
718	0.00513176628764
716	0.00180772317174
714	0.000564867191836
713	0.00164328734238
712	0.00113505688455
711	0.000570245383452
710	0.0011382903178
915	0.016477866003
910	0.000552485383609
299	0.00118041967459
294	0.0016172470644
295	0.000586509879141
293	0.00170592129451
290	0.00224657313912
291	0.00220415604336
591	0.00289113488912
592	0.00381144459479
199	0.00162761748493
198	0.0005791258482
596	0.00175930366113
599	0.00116868170215
194	0.00111946797025
197	0.000558247497503
196	0.000550976322666
191	0.00169543036086
190	0.000568437047528
193	0.00339008153197
270	0.00107772178192
272	0.000570185259934
274	0.0
275	0.00108769893722
276	0.000558835788765
277	0.000552485383609
278	0.00166484476639
526	0.00368325994942
528	0.00167896735283
449	0.00110571876739
443	0.00169083112989
447	0.0010944145701
444	0.00104729706233
103	0.00127746583242
101	0.000551780438663
106	0.00272385576622
107	0.00435385575511
104	0.000543164905081
105	0.000543184781229
39	0.000549895703013
38	0.0011475452653
904	0.000564591585194
32	0.00228637729303
31	0.00253518921126
30	0.00272071100176
35	0.00224925426835
641	0.000558247497503
643	0.00115490693186
644	0.00324284937302
647	0.00258355955388
646	0.00423155154157
437	0.00107526174635
435	0.00158783969121
432	0.000558247497503
433	0.00112297039766
338	0.00112442222785
335	0.00161523048263
334	0.00454446932017
337	0.000337069066113
333	0.000586509879141
332	0.00106111099744
745	0.00053949025927
854	0.00264437198665
818	0.0
857	0.00296178102502
850	0.01564992415
851	0.00503211238612
858	0.000545481027819
859	0.00105663567358
6	0.00172740002177
98	0.0054974706057
91	0.000514088586029
90	0.00110087202568
92	0.0026325526204
95	0.000558247497503
97	0.00107886667727
740	0.000451173111154
742	0.00336871314869
743	0.0037103656034
559	0.0
558	0.00102163573782
746	0.000575332938492
747	0.00053949025927
749	0.00463960917424
557	0.000541623670648
556	0.000523457992666
551	0.00263876079517
553	0.000543125417986
552	0.00074487314363
239	0.00243210446665
235	0.00111506825077
236	0.00165832613847
230	0.00052786726252
231	0.00223220983209
232	0.000541623670648
1	0.0
146	0.000558880144293
147	0.00105900626046
142	0.00127986744171
143	0.00113942730458
141	0.00074487314363
617	0.00111631349056
614	0.0013524339453
948	0.00109157562077
1003	0.000550976322666
944	0.000576786061277
945	0.00107772178192
942	0.0011130416084
940	0.00113654358802
688	0.00232658524059
685	0.00357755226921
684	0.00689121749059
687	0.00302801136853
686	0.000541429412758
680	0.00111816541999
683	0.000550976322666
682	0.00269604296173
133	0.00107447007508
131	0.00107772178192
137	0.000558835723317
136	0.00126076740287
135	0.00780624538009
134	0.00219331684904
491	0.00112774097931
493	0.00192023793345
24	0.00248401472464
23	0.000548917937385
927	0.00841123258168
28	0.000558247497503
29	0.00111531194376
939	0.000509911328909
402	0.0
401	0.00232354852194
933	0.000500216576063
936	0.00110967601616
409	0.00116868170215
758	0.000524265465272
828	0.000451173111154
371	0.00165442170458
821	0.000523457992666
374	0.000651673857991
377	0.0011448269807
822	0.000350210804006
704	0.00157870898919
706	0.000609992552997
707	0.00220685371206
700	0.00268930776519
701	0.0
702	0.00269961147224
703	0.00282133886915
392	0.00110698700826
391	0.0
397	0.0
394	0.00161053580346
82	0.000557114988989
86	0.00112969742695
84	0.000517363582029
796	0.00109315060009
795	0.00222579595743
791	0.000571770497707
790	0.00428108145331
607	0.00512112089831
586	0.00604613011022
587	0.00392543323932
584	0.000576293167542
585	0.00109712422073
582	0.00111564310044
580	0.00114164060794
581	0.00166722545193
588	0.000558247497503
245	0.00277037068782
246	0.00112128161938
241	0.000750045963782
240	0.00053469533
249	0.00115110146434
248	0.00282559822262
924	0.0027071864638
519	0.000533575292013
511	0.000558247497503
510	0.0
513	0.00263414333768
1004	0.00278905181107
515	0.000566435288171
514	0.00188075354232
1001	0.00430121808932
516	0.00322392033812
458	0.00157739602849
459	0.000548487989784
450	0.00339162619346
629	0.009934173269
628	0.00222845428943
454	0.00274758044463
456	0.000550638060071
595	0.000564591585194
175	0.00271784727575
173	0.00107772178192
170	0.00062520881438
977	0.00493179194539
517	0.0032953869054
975	0.0
971	0.00129044216012
180	0.000548101708795
979	0.00162761748493
978	0.0132514434105
656	0.0014012813756
657	0.00107772178192
654	0.00215712895568
2	0.00274331573821
186	0.00051949835378
653	0.00053949025927
650	0.0043420226164
185	0.00114344301236
652	0.000564591585194
188	0.00292909172806
189	0.00903778477875
658	0.00383497142416
187	0.00170522699819
184	0.000551780438663
868	0.00483462933357
13	0.00431783617621
15	0.001134853458
14	0.00383078805946
17	0.00123076167328
16	0.00163448898372
861	0.0
863	0.000558835723317
862	0.00172997533462
865	0.000568437047528
866	0.000604250905334
947	0.0
659	0.000547553963531
881	0.00215077878194
880	0.00110078591597
886	0.00051949835378
885	0.000552485383609
752	0.000564867191836
322	0.001024719998
321	0.00207825919729
326	0.0011187412591
327	0.00162353254496
324	0.0
329	0.001101165944
201	0.000564591585194
200	0.00188154659796
202	0.000623497415878
771	0.00335593146802
770	0.000523839069662
207	0.00485928946363
772	0.00287104901385
208	0.0021957742771
77	0.00216183210556
75	0.00172417204099
78	0.00114734437076
664	0.000536957512775
663	0.00106984896564
662	0.00169800783926
660	0.000580555510028
769	0.00170491562228
692	0.00517379896052
693	0.000586509879141
696	0.00121081956047
697	0.0
695	0.00170312167909
698	0.00333493423793
542	0.00318752055432
543	0.00063714020717
540	0.00333929773758
541	0.00327896299309
546	0.00127298244269
547	0.00149491910741
8	0.000576293167542
548	0.000795133743499
549	0.0
994	0.00111564310044
997	0.000549369383663
996	0.00162761748493
991	0.00115268460949
990	0.00195556492366
120	0.00270891677525
122	0.00108839002223
124	0.000523457992666
125	0.0
126	0.00214440969761
127	0.00172030207419
414	0.00053949025927
415	0.00286816939244
416	0.00747982840063
410	0.00385368404257
920	0.00327977832782
921	0.00271882917814
922	0.000587547866474
923	0.0209281173846
418	0.00108883375099
499	0.00157061969845
319	0.000551780438663
318	0.00161319310726
313	0.0005311803706
311	0.000558247497503
316	0.00127892005175
833	0.00112593115602
830	0.000571742670897
837	0.00325037045884
838	0.000649164023813
368	0.000817072845325
369	0.00210912470246
364	0.00169097603893
365	0.000564591585194
362	0.0029323321201
360	0.00186762859768
361	0.000558247497503
952	0.00126736252571
381	0.00273448013308
383	0.000587547866474
388	0.000389813985525
784	0.000560163042613
780	0.00112287473601
782	0.000527381634472
783	0.00486952606222
788	0.000896412397139
789	0.00339044119061
573	0.000548917937385
572	0.00113505688455
571	0.00940345222903
577	0.0
576	0.00164941673968
575	0.0005311803706
61	0.00339804665851
62	0.00643183293987
64	0.0
65	0.00224159562203
66	0.0
67	0.00268662369318
68	0.00112297039766
250	0.00156465175817
251	0.00167962325723
256	0.0005311803706
257	0.000550976322666
157	0.00108938870449
731	0.00460827424556
732	0.000576050296383
735	0.000350210804006
508	0.00053949025927
509	0.00121139606005
506	0.0227161653003
738	0.00324655459199
505	0.000682854554131
502	0.00342977900633
500	0.00160599638509
630	0.00259945195837
631	0.00124031621886
633	0.00110087202568
469	0.00963441870916
638	0.0
639	0.00110530444712
466	0.000568064794548
900	0.00111361908655
462	0.00167199789043
168	0.00705456037053
164	0.0
165	0.00510542143954
166	0.00375223017338
167	0.00298072671348
160	0.00240297335961
161	0.00166550495045
963	0.000676971342512
969	0.000564591585194
935	0.00115984376193
875	0.000549895703013
872	0.000558247497503
873	0.00111321512201
870	0.00166618367198
890	0.00111899471009
891	0.00426182613948
894	0.000623497415878
896	0.0
648	0.00107739197972
356	0.0037701750229
809	0.000558247497503
808	0.000582171823008
353	0.000610851924245
803	0.0022048620743
802	0.00113505688455
216	0.00051757219701
214	0.00566431973415
215	0.00109855156422
762	0.00106754173443
955	0.0011139954436
761	0.00322012556104
764	0.00279064346294
765	0.00327291685663
957	0.00147154031898
956	0.00257351889793
4	0.000557114988989
281	0.00118115908033
280	0.00365779363035
285	0.000552485383609
284	0.000576293167542
679	0.00103766182236
674	0.00223644202828
676	0.0
670	0.000569501180713
671	0.0
672	0.00154865161622
260	0.00161594587377
267	0.00403381807948
268	0.00937905601825
58	0.0
56	0.00337484585418
53	0.00278265800498
52	0.00214345380834
535	0.00104729706233
534	0.0
532	0.0053817423328
531	0.00114013299796
530	0.00245799942643
538	0.00172770601762
775	0.000575332938492
988	0.00135486569663
774	0.0
980	0.000543125417986
987	0.0167681726831
984	0.00054637025345
114	0.00164703503548
117	0.000550976322666
776	0.0011205919241
113	0.00104729706233
112	0.00494021427651
119	0.000533575292013
429	0.0022293893095
428	0.00063714020717
918	0.000528540770844
421	0.0036320108204
420	0.0
423	0.00386914636288
422	0.00114881120111
424	0.00433728466357
912	0.00321823976056
855	0.0
301	0.00074487314363
302	0.00063714020717
303	0.000372387614951
305	0.00211913588818
306	0.00392401294142
307	0.000568377615769
847	0.00518376847345
846	0.00178806607094
844	0.00368192704276
840	0.00166896306811
849	0.0032803197556
823	0.00998154924117
568	0.00173666646575
569	0.0140576100498
754	0.000570245383452
561	0.00184361581703
759	0.00106874233652
736	0.000553089214957
565	0.00306863518776
229	0.00280488558562
228	0.000586509879141
227	0.0
223	0.00150319495526
220	0.0012205839625
724	0.00683413352064
722	0.00156465175817
723	0.00150864254154
720	0.00278245935279
605	0.000586509879141
150	0.00114843956652
153	0.000546952947828
603	0.00177183927972
602	0.00159248767784
159	0.00738796095978
158	0.00107982785163
976	0.000586509879141
634	0.000896412397139
48	0.00105260560862
951	0.00452256945519
950	0.000372387614951
953	0.00194288981621
45	0.0
42	0.0
954	0.00214693736159
40	0.00570380080632
41	0.00100933762758
5	0.0016762175284
485	0.00263414333768
483	0.000560604110331
482	0.00348814267137
472	0.00585927104132
473	0.000539094048312
470	0.0017158243645
476	0.000549895703013
478	0.0
