344	0.00209638620689
0	0.00147892024617
347	0.00190753912896
341	0.0
343	0.0
810	0.00163875215522
812	0.00196002008628
817	0.00400409001408
719	0.000786328870646
718	0.00353084868954
716	0.00156077165287
713	0.00218631119019
712	0.0
710	0.0011848761388
295	0.000601117292155
293	0.000991344872521
291	0.00222094356729
591	0.00072658340376
593	0.00088014503272
592	0.00425484952803
199	0.00156663235344
594	0.000624448177813
599	0.00235784440114
197	0.00166647390337
196	0.000346938749815
191	0.00142324125321
190	0.0120623316605
192	0.000780303482798
270	0.000786328870646
274	0.00202632226657
275	0.00223285601587
277	0.0
278	0.00258972399975
526	0.00205559153224
523	0.000463407728759
528	0.0
443	0.0
447	0.000807142230015
444	0.000544426125078
103	0.00369603948335
101	0.00146703960202
107	0.00664223289316
104	0.00141171599199
105	0.000840729582998
900	0.0
901	0.0
905	0.00180136135539
32	0.00253567812451
31	0.00616309345249
30	0.000747161438666
35	0.0114419248391
643	0.00163299769506
644	0.00156663235344
647	0.00606597360167
439	0.000747161438666
437	0.000786328870646
435	0.00163685885524
433	0.000936953982538
431	0.00400273946546
339	0.000601117292155
338	0.00145834755681
335	0.00369592043664
337	0.000524575307823
333	0.00235080191085
332	0.00230066726547
558	0.000997208200593
854	0.000544426125078
855	0.00215249512546
857	0.00193685587744
850	0.000786328870646
851	0.0139448787116
819	0.0
858	0.00209118504624
6	0.00125576447934
98	0.0090066539492
91	0.00183372613327
90	0.00166341367424
95	0.000514856585854
742	0.00054500334205
743	0.00207506439764
745	0.000786328870646
746	0.00365564252417
747	0.000786328870646
556	0.00150831508554
551	0.00106107536924
550	0.000567069436151
553	0.000690652306095
552	0.00400409001408
239	0.00107635204399
236	0.00239063199676
231	0.00242186042658
232	0.0013993932271
233	0.00206223870343
1	0.0
147	0.00260389228058
143	0.0
612	0.000506684118063
617	0.00203701714961
614	0.00353197853397
149	0.00162823026353
947	0.0
942	0.0
514	0.00073342864046
517	0.0
685	0.00303665948143
684	0.00220857722277
687	0.0036333129345
686	0.0
680	0.0038369278275
682	0.000786328870646
133	0.00190302571957
132	0.0
131	0.000786328870646
137	0.00054500334205
136	0.00814645994931
135	0.0044113888216
134	0.00145045368425
139	0.0
493	0.00205559153224
24	0.00596358862164
25	0.000473857449769
26	0.0
29	0.000698854026256
406	0.00127588429511
401	0.00296931772508
933	0.000629463943296
936	0.00106270901041
409	0.000601117292155
758	0.00128205515497
379	0.0
371	0.00061696868361
373	0.00202632226657
377	0.00422450287799
704	0.00235032455564
707	0.00137960042241
700	0.00408538401659
702	0.00148294071606
703	0.000624448177813
82	0.00343165475992
181	0.00301766713909
399	0.000771853050214
398	0.0
86	0.0
796	0.000514856585854
795	0.0123685839483
791	0.00170245620343
790	0.00567041482686
607	0.00242095964599
586	0.00865316412627
582	0.000346938749815
581	0.00275756606999
245	0.00147817779711
246	0.00167073854049
249	0.0026383206514
924	0.000786328870646
510	0.0
513	0.00106107536924
1004	0.00168685320886
515	0.000709322489798
1002	0.00045056167126
1001	0.0049172452203
516	0.00210699429766
458	0.00101889651802
626	0.000487641524459
629	0.0326833637507
628	0.000624448177813
454	0.00481449025889
456	0.00061696868361
595	0.00136619748716
175	0.00150639841609
173	0.000786328870646
170	0.000462442757023
977	0.00777210498138
976	0.000601117292155
180	0.0
979	0.000786328870646
978	0.0178849054579
656	0.00428430123115
657	0.000786328870646
654	0.000786328870646
2	0.00380403719336
653	0.000786328870646
650	0.000786328870646
188	0.0113477920961
189	0.00501372205904
658	0.00205559153224
659	0.0
184	0.00520626492834
868	0.000652231788431
13	0.000786328870646
15	0.00192091656938
14	0.00254770030264
16	0.00152618170835
862	0.00267690661231
866	0.00146703960202
883	0.00173921116712
881	0.00161439213635
886	0.000521729824022
322	0.0
321	0.000998876491223
326	0.000721165212885
327	0.00159251804461
329	0.0
774	0.0
776	0.00150185152356
771	0.0
770	0.000544426125078
773	0.000392331169694
772	0.00546623642227
209	0.000709322489798
208	0.000760081875689
77	0.00230209689802
75	0.0
78	0.000601117292155
663	0.0
662	0.0
692	0.00501047152057
693	0.0011848761388
696	0.0
697	0.000531730563348
698	0.00294747502674
542	0.000544426125078
540	0.00330069996411
541	0.00154354280613
546	0.00172221644614
547	0.00781716411076
548	0.0
994	0.0014604341221
996	0.00248377323126
991	0.000601117292155
990	0.00206397998232
122	0.00193685587744
126	0.00233141871377
127	0.00716468709006
415	0.00339257019244
416	0.00421464489891
410	0.00185630878709
920	0.0067140471618
921	0.000786328870646
923	0.00415733821321
418	0.00253410601465
925	0.000392331169694
499	0.00371202273305
319	0.00091661024828
318	0.000523350750824
313	0.00140325663563
311	0.00141366434623
310	0.00073342864046
832	0.00150161421623
833	0.00061696868361
837	0.000786328870646
838	0.00204715392602
368	0.0
369	0.00106107536924
362	0.0
360	0.00205559153224
381	0.00243092814891
383	0.00138722794518
782	0.00390795955627
783	0.00229767687559
789	0.00228616091375
151	0.00170991294903
573	0.00086102086941
572	0.0
576	0.000786328870646
575	0.00226177794884
60	0.0
61	0.00495938766545
62	0.000516649244158
67	0.00228690187517
250	0.0010585350793
256	0.00210087335796
257	0.000644627133468
731	0.00195371367008
732	0.0017593197824
737	0.000738212840327
509	0.0
506	0.0047147811343
738	0.0284951465019
502	0.00479461887107
500	0.00086102086941
630	0.00205559153224
631	0.00205559153224
633	0.000462574867565
469	0.0263281059685
927	0.00882741451576
462	0.00195454301737
168	0.00979425952457
165	0.00416411800829
166	0.00310107669245
167	0.0434323420076
160	0.00399244740968
966	0.000747161438666
935	0.00143348625516
908	0.000443669945242
873	0.00142858446063
891	0.00917355814393
898	0.000733965039476
646	0.00314545437539
648	0.000912518263944
356	0.00715521373063
353	0.00202632226657
803	0.0
807	0.000987941419658
216	0.000966015360447
214	0.00116237898486
952	0.00209638620689
763	0.000575096056816
761	0.000786328870646
767	0.00176674527096
764	0.00118164537586
765	0.00225427563942
957	0.00362476072831
956	0.000893543326562
281	0.00536541797353
280	0.0225223373864
284	0.000633373769171
670	0.00208997564287
672	0.000728719697406
260	0.00325104308349
267	0.0101168806333
268	0.00145045368425
56	0.000531194164659
53	0.000346938749815
52	0.00198064611754
537	0.000792586077107
535	0.000544426125078
534	0.0
532	0.00180500819448
531	0.00468320805155
530	0.00642698692436
538	0.00172665768258
988	0.0078942660312
200	0.0062594563291
980	0.000733965039476
987	0.000907187755549
984	0.00149855906361
117	0.000746226653236
113	0.000544426125078
112	0.0016924435928
119	0.0017130624564
207	0.0123685839483
429	0.00301910930706
428	0.00963864302514
918	0.000776124524895
915	0.00669309586706
423	0.00695916042702
422	0.0032430559816
424	0.0123685839483
427	0.000771853050214
912	0.00131423087482
309	0.0
303	0.0
305	0.000443669945242
306	0.0
846	0.00907508014877
842	0.0
840	0.00140634886435
955	0.00279078519968
849	0.00151851632312
823	0.000544426125078
568	0.0
569	0.0139522187492
508	0.000786328870646
754	0.00173921116712
561	0.00434249340741
759	0.000743326086869
563	0.0
565	0.000462718100577
566	0.000852152473992
739	0.00252737828504
228	0.000601117292155
220	0.0
724	0.00181206384897
722	0.000544426125078
723	0.000895261042637
720	0.00498390819786
729	0.000832728210034
605	0.00119456535554
150	0.000673508248203
153	0.00252433899029
600	0.000356438648103
157	0.00258381994593
602	0.000468848318702
609	0.00156925698439
634	0.0
958	0.0
48	0.00336981557016
951	0.00205139305729
950	0.00073342864046
45	0.000652231788431
42	0.0
954	0.00781716411076
40	0.0
41	0.000440114493213
5	0.00135565823586
485	0.00106107536924
483	0.000671475948932
482	0.00214799704028
472	0.00298003918494
473	0.000815695347068
470	0.00136058469982
479	0.00102358057706
