344	0.00104532851043
347	0.0
343	0.00290051590138
810	0.000940257776347
812	0.00144621845467
817	0.00106918040254
719	0.000978343148819
718	0.0118200013546
716	0.000985828257189
715	0.000960720050661
714	0.00177538563783
712	0.000969925048872
915	0.00800262106963
910	0.000931409795157
299	0.000962045668201
293	0.00100915911442
290	0.00390413068991
291	0.000984951050053
591	0.000991100422354
590	0.000652305482753
592	0.00374319804886
595	0.0
198	0.000934813560388
197	0.000894887821438
196	0.000936209975679
191	0.00191275323049
190	0.000936819494053
193	0.00358471514175
192	0.000940257776347
270	0.000658185542428
272	0.00775708011984
277	0.00192090121504
526	0.00206272536143
528	0.00103663291698
449	0.00196290055237
443	0.000979004775132
440	0.00280777492514
444	0.0018439972263
103	0.00192213127661
106	0.00392353768185
107	0.0188345664578
105	0.000970917659896
900	0.00384755819204
38	0.000987773684448
32	0.00403827703628
31	0.0020329887812
35	0.00210581331952
643	0.00194327740184
644	0.00196174618932
647	0.00103663291698
439	0.000908708798181
435	0.00228319373109
433	0.0
338	0.0
335	0.00187305464819
334	0.0087182023774
337	0.00272448513781
333	0.00205270954254
332	0.00228319373109
854	0.00274763068316
855	0.000973304908403
857	0.00101134180776
850	0.00937434861022
851	0.00211416512992
858	0.0
6	0.002024569007
98	0.000934617017505
90	0.00787335677106
740	0.00192594946533
742	0.00673395963511
743	0.00456973268782
558	0.000642682832626
746	0.000986037231476
749	0.0128057373958
556	0.000911751889753
551	0.00190899154998
550	0.0
553	0.000940257776347
239	0.000953586549152
231	0.00329729348804
233	0.000983120877951
147	0.0
142	0.00209001295188
143	0.00298185235321
141	0.00202961097511
612	0.00289703817111
617	0.000884779495716
614	0.0
948	0.00102382966678
818	0.0
517	0.00241736203693
685	0.00500736949382
684	0.00422081609712
687	0.00193876528811
680	0.0010090023177
683	0.000936209975679
682	0.00293314057836
132	0.0
136	0.00504599546549
135	0.00895815585533
134	0.000934617017505
495	0.0010192409579
497	0.00194372673769
491	0.00194166287745
493	0.00412294052156
24	0.00514059731806
29	0.00187305464819
401	0.00491978287358
933	0.0
935	0.000931409795157
379	0.0
828	0.000980582287975
371	0.00199876888173
370	0.0010090023177
374	0.000975079007517
823	0.00183815688612
708	0.00098849235489
704	0.00332083900452
707	0.000953586549152
700	0.00692053927327
702	0.00196817364536
703	0.00295334011823
394	0.000931409795157
796	0.00099519267037
795	0.00213633185513
790	0.00148944479808
586	0.0031169335089
580	0.000652305482753
581	0.00199642608078
245	0.00159523281854
246	0.000994623692254
241	0.00210581331952
249	0.00206829107558
248	0.0079207844817
924	0.0019652449135
513	0.00092410416804
1004	0.000973267298231
1003	0.000953586549152
1001	0.00198360191347
516	0.00394920895039
458	0.00200007225248
624	0.000819075400385
450	0.00874189405209
629	0.018417597226
628	0.000996736802125
454	0.00571709926753
457	0.000980742934437
199	0.00196618665625
173	0.0020036062282
171	0.0
977	0.00778651506841
971	0.000979510676699
180	0.0
978	0.00214364206831
656	0.00103663291698
657	0.000983762604205
654	0.00195525932705
2	0.000936819494053
652	0.000940257776347
187	0.000974422950966
184	0.00101156984802
185	0.00383408999144
188	0.00312351483686
189	0.00412670643903
658	0.00102609244445
650	0.00293588927937
868	0.00183456640241
13	0.000978343148819
12	0.000984384512044
15	0.00402443189474
16	0.0
862	0.0061013906792
865	0.000986037231476
867	0.000934720276952
866	0.00197522051493
881	0.0
880	0.000894887821438
886	0.000950550904367
885	0.00186158090114
569	0.0120869239832
322	0.000959090196675
320	0.000940257776347
321	0.000659062396461
324	0.00197726510433
201	0.00192608603354
200	0.00598156359592
777	0.0
202	0.00102609244445
771	0.00487334800736
770	0.00092410416804
773	0.0
772	0.00658821077918
779	0.0
77	0.00365680113987
75	0.00937997589684
72	0.00199642608078
664	0.000940257776347
663	0.00285483273211
662	0.00489173646102
692	0.0039332028433
693	0.00303768927995
696	0.0
697	0.00389403012597
698	0.00482529303924
542	0.00447307592049
543	0.000998375731674
540	0.00167658760109
541	0.00789203099373
546	0.0
547	0.00318326420594
548	0.000959090196675
997	0.0
996	0.0019546802641
990	0.0020457920314
120	0.00842387822819
124	0.000984887381936
125	0.000906183619052
126	0.00106509095152
127	0.000936819494053
415	0.00592508438227
416	0.00183322194542
410	0.00098949141988
920	0.0020592022638
921	0.000973267298231
923	0.00717748873367
418	0.00388564300716
925	0.000973304908403
926	0.00192409726022
499	0.00598585736651
319	0.00324474323114
318	0.000659062396461
311	0.000973304908403
317	0.000984039369923
832	0.00099197654631
833	0.00192485903813
830	0.00194220176929
837	0.000987591357385
834	0.000986037231476
838	0.0020463990136
368	0.000959090196675
369	0.00092410416804
364	0.000991100422354
360	0.00206272536143
380	0.000934079141916
381	0.000940257776347
382	0.000982424052048
383	0.00104130408474
388	0.000983120877951
782	0.00228319373109
783	0.000986927682719
788	0.00290417148637
789	0.00103346858464
573	0.00212542797021
572	0.000974422950966
571	0.0158385494622
577	0.0
153	0.00278274587035
575	0.000908708798181
61	0.00589442447998
62	0.00273065734733
65	0.00483068083561
67	0.00416576677493
253	0.000978601802295
250	0.00285311991727
256	0.000913925389983
731	0.00295408589728
737	0.00187433691826
506	0.00885136796424
738	0.00587387054712
502	0.00100915911442
500	0.00389715576471
630	0.00713923519085
631	0.00309973521645
633	0.0018304724428
469	0.0117038455402
465	0.000715772023195
464	0.000985828257189
927	0.0157343175976
168	0.00911299166993
164	0.000959090196675
165	0.00714721388802
166	0.00316675235912
167	0.00428758462987
160	0.00291591060711
161	0.000931409795157
966	0.000908708798181
963	0.00104532851043
969	0.000973267298231
879	0.0057632432388
872	0.00099519267037
873	0.000798278583441
870	0.00393174842743
891	0.00615380770494
894	0.00102609244445
438	0.0
646	0.00363212997518
356	0.00274881248578
808	0.00199608679714
353	0.000958162399371
803	0.000802282254327
802	0.00194434799984
216	0.000642682832626
214	0.00383333765412
762	0.00105796486627
761	0.0
764	0.000798278583441
4	0.00197167216256
281	0.000970459439456
280	0.0268627950696
285	0.000931409795157
679	0.000659062396461
674	0.0
670	0.000940257776347
672	0.000639639201188
260	0.00274631829217
267	0.0070924030278
58	0.0
56	0.00101585364206
53	0.00178854077018
52	0.00181950272551
537	0.000940257776347
535	0.00276476376009
534	0.00296106891742
532	0.000987591357385
530	0.00407734580887
538	0.0010192409579
980	0.00192608603354
987	0.00264467243646
984	0.000930486894993
985	0.000940257776347
116	0.000969925048872
113	0.0018439972263
112	0.0
205	0.0
118	0.000934720276952
207	0.00831456278838
429	0.00193733375183
428	0.00405749631505
918	0.000659062396461
421	0.00317296477211
423	0.0
422	0.00303228010569
424	0.00424833205512
912	0.00834877270877
308	0.00193163771056
306	0.00292367320467
307	0.000986927682719
847	0.00104308844477
846	0.00206310229947
844	0.00129213795933
842	0.0
840	0.00240880732586
849	0.000983762604205
377	0.00196066099131
568	0.0
752	0.00184916833611
754	0.000985828257189
561	0.00413427567242
565	0.00146134465079
566	0.00195522487034
229	0.00181430058329
228	0.00101471208988
223	0.00194397757861
727	0.0
724	0.00397363974378
722	0.00092410416804
151	0.00293402447233
150	0.000988649062446
607	0.00356537346655
602	0.0018258466586
159	0.00889061466854
609	0.00858704610247
634	0.00192721632692
958	0.0
48	0.00395042678824
951	0.00783268698308
950	0.00191268314212
953	0.00104908421597
952	0.000998375731674
955	0.000878309017651
954	0.00214671261548
40	0.0077913259461
956	0.00265999169505
638	0.00198229231358
5	0.000940257776347
485	0.00092410416804
483	0.00181430058329
482	0.00202730926036
472	0.00365314306026
470	0.00515231267499
