344	0.00317517368931
0	0.00311748961294
346	0.0
347	0.00189095357921
343	0.00125517497747
810	0.00125171900701
811	0.0
813	0.0
349	0.0025138202844
817	0.000633212755282
719	0.000597572700902
718	0.00687990411933
716	0.00187946391323
715	0.000627152602421
714	0.000622804996527
712	0.00442786530909
710	0.00248868552524
915	0.0265088924343
299	0.00126881914145
294	0.000632662675346
295	0.000621669590786
293	0.00375001931009
290	0.00190027825872
591	0.00503908343025
592	0.000634262231948
595	0.00440001744697
198	0.00316544608083
597	0.000597572700902
599	0.00435710216083
196	0.000632118325683
191	0.00125343973985
190	0.00127252634935
193	0.00244055269156
192	0.00059467690894
272	0.000628815512854
275	0.000591778146328
278	0.000638312842537
526	0.00316958133097
527	0.00062213278971
523	0.000634999511979
528	0.00184889414884
443	0.00315881317344
440	0.00118604582783
445	0.00128474378251
109	0.00126699573993
102	0.000623573071612
103	0.00186073696609
101	0.000628714840541
107	0.00187686259057
104	0.00126622770975
105	0.000588333489246
903	0.00059467690894
901	0.0012668049263
32	0.00188979481202
31	0.00126267425666
30	0.00126622770975
35	0.000633212755282
641	0.000597564834793
643	0.00059467690894
644	0.00357355316727
647	0.0018957961292
439	0.00189801775794
649	0.000631991787926
435	0.00116990284415
432	0.00120384756249
433	0.00242802565111
339	0.00124442197584
338	0.00119764248303
335	0.00172665243483
334	0.00377728219628
337	0.000636480168194
336	0.000627152602421
333	0.00248021240382
332	0.00232945145792
558	0.00188019738222
854	0.00252747125591
855	0.0018271549516
856	0.00059467690894
857	0.00315005970079
850	0.000592195869146
851	0.0044201703208
6	0.00124442197584
99	0.00186659382248
98	0.000632980313468
91	0.00995338472766
90	0.000587960768441
92	0.00126267425666
95	0.000597564834793
740	0.0
742	0.00188913185322
743	0.00126522780376
559	0.0
745	0.00118671876491
746	0.0
748	0.000625801208089
551	0.000631561382864
550	0.000627345365256
553	0.00125155005034
552	0.000633212755282
231	0.00420737439166
232	0.00126398090588
147	0.00250364275167
142	0.00315913182805
143	0.00127297719645
141	0.000633212755282
611	0.000594377084005
617	0.0
614	0.00126178516454
149	0.000625111556615
948	0.00569232630151
949	0.00126560703545
946	0.00126326813897
947	0.0
943	0.000619909827708
940	0.00126198424592
688	0.000622059295348
685	0.00248479197267
684	0.00439702385806
687	0.00315041486479
682	0.000593979245975
133	0.000632858053295
132	0.000622059295348
130	0.00124506055426
136	0.00251809937369
135	0.00754499352898
134	0.000597572700902
139	0.000622059295348
491	0.00125085517569
24	0.00190151403044
28	0.000597564834793
29	0.00125710336414
404	0.000622059295348
401	0.00126805611235
400	0.000633152203378
933	0.00125644315431
409	0.00186648127119
934	0.000628815512854
379	0.00063506864859
378	0.000636480168194
828	0.00118671876491
371	0.000628985513201
373	0.00127584519636
374	0.0012668049263
377	0.00125811496582
822	0.00126801184605
704	0.00250950249167
705	0.00124710892345
706	0.00126200494559
702	0.00181071545026
703	0.00126213771658
393	0.00059467690894
392	0.0012654555731
391	0.00383593090366
390	0.000633152203378
82	0.000629916396091
181	0.00125553874783
86	0.00252100702774
87	0.000634857244316
796	0.000597564834793
795	0.002539016214
792	0.000633248923761
790	0.00569680351902
7	0.000625886245197
586	0.0025274442091
587	0.000633248923761
582	0.000597564834793
581	0.00123741530321
589	0.000621321414166
245	0.00179534932122
246	0.00125722964767
243	0.000628249234159
242	0.00059467690894
249	0.00124442197584
248	0.00251679254412
924	0.005356902629
510	0.000619909827708
513	0.00063067406854
512	0.000633212755282
514	0.000636480168194
1001	0.00363955512985
516	0.00057346435853
458	0.00125650237035
450	0.00252710529162
629	0.00380406390365
628	0.00125890190929
454	0.00189367104841
178	0.0161918061919
199	0.00356076257741
174	0.00062164975829
173	0.000593979245975
171	0.00251381699911
517	0.0100975197273
972	0.0
971	0.00189453446707
978	0.014552525267
656	0.000631542531914
657	0.00059467690894
2	0.00122705239723
187	0.000633527507674
184	0.00180689049848
188	0.00126633462782
189	0.00313488273913
658	0.000634857244316
659	0.000633652722922
868	0.00506024628315
13	0.00119133764606
15	0.0012675450011
14	0.00297505422591
17	0.000631542531914
863	0.0012668049263
862	0.00311107839324
866	0.00059467690894
883	0.00244740126118
885	0.0
752	0.00126069073494
929	0.00435545776082
809	0.000597564834793
323	0.000622059295348
321	0.000627345365256
327	0.000584078927119
324	0.000634847121253
775	0.00189284608894
200	0.00315722320755
777	0.00059467690894
776	0.000628249234159
771	0.0101241572663
207	0.00254163811426
206	0.000621928979499
779	0.00240727122626
75	0.0125611044616
74	0.00252915245682
73	0.00125748898597
71	0.000628815512854
70	0.00190324376616
78	0.00248935121156
669	0.000639855323913
668	0.0
663	0.00124733137727
662	0.00568683903914
660	0.000632118325683
692	0.000628985513201
693	0.00372184455887
696	0.0113108439956
697	0.00243357480555
695	0.00189387526573
698	0.000597564834793
542	0.00882558598584
543	0.00189684332271
540	0.0066202759561
541	0.00178053831296
547	0.00189932341255
544	0.00127797753094
994	0.00119846151946
996	0.00294726288016
991	0.000621669590786
990	0.00126267425666
993	0.00190150795234
120	0.00884446651422
122	0.00435997759979
124	0.000631561382864
125	0.00186586541493
126	0.00189866830334
127	0.000628249234159
928	0.000587960768441
415	0.00252030436006
416	0.00441042476108
410	0.00125369651377
920	0.00253016411842
921	0.00119224960984
923	0.00688912893303
418	0.00176942901862
925	0.00180302282855
926	0.00313629289747
499	0.00251724096079
313	0.000633529848181
311	0.000597564834793
317	0.000633152203378
316	0.00438752486241
314	0.00186659382248
832	0.00186552158665
834	0.00062858495716
835	0.000633152203378
838	0.0018845356116
839	0.00059467690894
369	0.00126650418956
366	0.0
362	0.00122995204926
360	0.00126797911686
361	0.000597564834793
381	0.00234288380711
383	0.00121404999934
387	0.000643428860972
388	0.000631531677856
784	0.000633152203378
780	0.000636480168194
783	0.00121355239906
788	0.0
789	0.000597564834793
151	0.00127549416454
577	0.00439635538554
575	0.0
61	0.00433847135786
62	0.00313633651739
65	0.00060089668467
66	0.0
67	0.00382341476878
68	0.0017931384284
253	0.00127216797069
250	0.000580435533885
251	0.000597564834793
256	0.00253236966659
157	0.00377948843529
731	0.00569502261555
730	0.00189696670626
732	0.000623517882069
735	0.00126801184605
737	0.00177814555344
509	0.00190618948771
506	0.022643526804
738	0.00718396240465
505	0.000636480168194
502	0.00750995431624
500	0.00177302751326
630	0.00190635234895
631	0.00126797911686
633	0.00124086825019
469	0.000633212755282
465	0.000621321414166
168	0.00316432349094
169	0.000628815512854
164	0.0
165	0.00380694662428
166	0.00442071681794
167	0.00316349089782
160	0.0114171014849
161	0.000609452859332
966	0.0
962	0.00745715653541
963	0.000637984120469
969	0.000619623540725
935	0.0
909	0.00184309190226
874	0.00419148433102
872	0.000597564834793
873	0.00240391951322
870	0.00188891401452
890	0.00436031329277
891	0.00253463820422
646	0.00125807783601
356	0.0138904178018
355	0.000628012064548
808	0.00059467690894
353	0.00127715036649
803	0.00189774825557
800	0.000627403767473
804	0.000592377598519
214	0.0151490360623
952	0.00189406616322
762	0.00126453832977
955	0.000597564834793
767	0.00186659382248
764	0.00178994858192
765	0.00316253806758
957	0.00125527205063
956	0.000629856659164
289	0.00059467690894
288	0.00446053304723
281	0.00063312187254
280	0.0164486633504
284	0.000633248923761
674	0.00252903578445
676	0.000621928979499
670	0.000615606012372
671	0.00062858495716
672	0.000624646585021
267	0.00379856760991
56	0.00122581406895
50	0.0
53	0.00247920112681
52	0.0
537	0.00057346435853
535	0.00252813390297
534	0.00441889101037
532	0.00178099237731
531	0.000597564834793
530	0.00759653842817
539	0.000580435533885
538	0.00124442197584
988	0.00253146221183
774	0.0
982	0.00059467690894
987	0.0185581804683
984	0.00252924181436
114	0.00059467690894
112	0.0018993197039
118	0.00124813205617
773	0.000637960191052
772	0.00628349938869
429	0.00253006700187
428	0.0113536252855
421	0.00126857819491
420	0.0
423	0.000629289146072
422	0.0012675450011
425	0.00378762416114
424	0.00126857819491
913	0.000633669547331
912	0.00758458929472
301	0.00125527205063
302	0.00126267425666
305	0.0
306	0.00126911046243
846	0.00191080155584
844	0.00249898232988
840	0.00179616835765
849	0.00177932357257
568	0.00126912534603
569	0.0149214777364
751	0.000632846656606
750	0.000634857244316
754	0.000625536843766
561	0.00126797911686
565	0.00314875776969
566	0.000632118325683
739	0.00063312187254
229	0.0018914625919
228	0.00307890684112
226	0.00119557359361
225	0.000600870219148
224	0.000631542531914
220	0.00125806159432
724	0.00125661347187
723	0.00125933358059
720	0.0
721	0.00443208911676
605	0.00492729931257
607	0.00314498801285
152	0.00125521149873
155	0.000633152203378
603	0.0050888076195
602	0.00126492175474
159	0.000631650801722
158	0.00059467690894
609	0.00187450778707
976	0.00312073685302
83	0.00569925133192
48	0.000628279603486
951	0.00314873230498
953	0.00188473355201
45	0.0
42	0.00189510890664
954	0.000633212755282
40	0.00377991677351
41	0.00188831449061
488	0.000633527507674
485	0.000627403767473
484	0.00191301103302
482	0.000597564834793
480	0.00119224174373
472	0.00442467969625
473	0.00059467690894
470	0.00124442197584
471	0.0
474	0.00125982551783
