344	0.00401780407703
0	0.00238535388355
347	0.0
812	0.00281417109155
814	0.00145474203978
817	0.00289681913256
719	0.00197675913744
718	0.000714147883827
716	0.00294422014325
715	0.0
713	0.00263778219611
710	0.00106894131568
421	0.00284030392937
294	0.00724206263254
295	0.000533324069109
293	0.000917307481735
290	0.00141308288396
291	0.00253765508753
591	0.00145729180494
592	0.00374031922803
199	0.00289302674018
597	0.00101542513384
596	0.00079933728132
195	0.0
197	0.0
191	0.00143316173613
193	0.00327153277027
270	0.000516878812664
273	0.0
274	0.00432427048397
275	0.00290532968044
277	0.00146270422044
526	0.00144924024734
523	0.0
599	0.00106894131568
528	0.00190206448204
443	0.00571657254545
441	0.0
445	0.00144924024734
444	0.00143405098551
101	0.00176314427262
107	0.000714147883827
104	0.00695452727351
900	0.00146270422044
901	0.00142729118361
905	0.0
32	0.0
31	0.00418231558715
30	0.00141904870998
643	0.00294696014715
644	0.00486257514839
646	0.017207034219
648	0.0127883607862
435	0.00725849816247
433	0.00211191140776
339	0.000533324069109
338	0.0010892241701
335	0.00292169461064
334	0.00141308288396
333	0.00158792834073
558	0.0
854	0.00143405098551
855	0.00131102517882
857	0.00126044399661
850	0.000959251659838
851	0.00273129949167
6	0.00171514422926
98	0.00253765508753
90	0.012965483256
742	0.0228217921042
743	0.00143316281188
745	0.0
746	0.00298230238208
748	0.0
556	0.0
551	0.00286682901468
239	0.00283421669938
236	0.00269782119736
231	0.00481846838852
147	0.00141308288396
617	0.00250885679172
149	0.00222456517402
949	0.0
946	0.0
685	0.00289257063337
684	0.00146270422044
680	0.00304172892433
133	0.00142362875795
137	0.0
499	0.0
134	0.00101542513384
493	0.00144924024734
24	0.00427385287291
25	0.0
28	0.0
407	0.00087893318547
405	0.00147027421968
402	0.0
401	0.00773136836864
400	0.00142729118361
933	0.0
932	0.00286419462433
936	0.00284196967427
409	0.00171514422926
378	0.0
828	0.0
372	0.000632766720384
823	0.00143405098551
706	0.00145729180494
700	0.00417870075184
702	0.000962773799801
392	0.00138943219681
394	0.00146270422044
181	0.00290868669889
86	0.00285716936092
795	0.00142113381542
790	0.0113349084942
798	0.00143316173613
586	0.015940235893
587	0.00152478370821
581	0.00285755516135
245	0.00124100812432
246	0.00165477084111
249	0.00910784812234
924	0.00385544402652
519	0.000533324069109
513	0.00143405098551
1004	0.00131641256788
515	0.00141308288396
514	0.0
1001	0.00389878459708
516	0.0011357603196
458	0.0
625	0.00144391975532
450	0.00146270422044
629	0.0245804264649
454	0.00378157424502
178	0.00158582012834
595	0.00127446657888
175	0.00405274917256
173	0.00192202545964
977	0.000646202913585
976	0.00106894131568
975	0.00101542513384
971	0.0
979	0.00101542513384
978	0.00257206795899
656	0.00406130487231
657	0.000976204239143
180	0.0
2	0.00401812422229
650	0.000961334003599
185	0.00139288506123
189	0.00145875925406
658	0.00144924024734
659	0.00142729118361
13	0.00215118545345
15	0.00152478370821
14	0.00964328780277
16	0.00354931986725
19	0.00176206200316
863	0.00281867964887
862	0.00106894131568
867	0.00161907501193
866	0.00678676153189
883	0.00144391975532
886	0.000954397689992
885	0.00437329503613
322	0.00582275010267
323	0.0
321	0.0
326	0.0
201	0.000646202913585
200	0.00377955526739
777	0.000961334003599
776	0.00146270422044
205	0.0010892241701
207	0.00275736008042
772	0.00235621790438
209	0.00124391915749
77	0.00144622900376
76	0.000961334003599
75	0.0
74	0.00144666260199
73	0.0
78	0.00106894131568
668	0.0014693592565
663	0.00146270422044
692	0.00858789734355
693	0.00973750867685
697	0.00656045581863
698	0.00745392594037
542	0.00719467717697
543	0.0
540	0.00255203330314
541	0.00391073452563
546	0.0
544	0.00141308288396
8	0.00151294312558
994	0.000961334003599
996	0.00295757531489
991	0.000533324069109
990	0.00417942932219
993	0.00142729118361
992	0.0014693592565
122	0.000961334003599
126	0.0115509045035
415	0.00128746913116
416	0.00142362875795
410	0.0192567834525
413	0.0014693592565
920	0.00423054283556
921	0.00101542513384
923	0.0065807094026
418	0.000984381967382
925	0.00131102517882
926	0.0
319	0.0
313	0.0029121379974
317	0.0
316	0.0083293785023
837	0.00192367889191
835	0.00142729118361
838	0.0
369	0.00429697280789
360	0.00144924024734
952	0.00145122934964
381	0.00147777485533
784	0.00142729118361
782	0.0101770803679
783	0.00202543698593
789	0.000518987025053
573	0.00289807365825
572	0.00162392665379
571	0.0277456561823
575	0.002896992969
62	0.0114341099864
65	0.00109577390776
66	0.00145676236325
67	0.00833844997814
250	0.00143405098551
251	0.000961334003599
256	0.00139345463155
731	0.0105648769942
506	0.0096086615514
738	0.0172845015125
502	0.00365681714852
500	0.00726095956697
630	0.00712860886703
631	0.00288014690847
633	0.00230451457773
469	0.00120387939392
464	0.00144391975532
168	0.00866662837551
165	0.00818566624081
166	0.00290307400413
167	0.00481087878122
160	0.00291194446778
161	0.00146270422044
963	0.00139188681911
969	0.000961334003599
935	0.010262735869
908	0.00139345463155
879	0.00145729180494
873	0.00255203330314
870	0.00293552577058
891	0.004343799983
896	0.0
356	0.00428713500646
802	0.00160503720563
800	0.00143009704729
216	0.0
214	0.0197641431376
769	0.00142729118361
761	0.00101137145779
767	0.00106894131568
764	0.00124100812432
765	0.00281684867402
41	0.0
288	0.00144924024734
281	0.0
280	0.00144924024734
285	0.00146270422044
284	0.00303355099321
677	0.00142987817731
671	0.00101542513384
263	0.00143262276097
260	0.00721604989826
267	0.0101372529589
268	0.00751063191169
56	0.000954397689992
50	0.0
535	0.00286686774947
534	0.00433307890934
532	0.00454256686333
530	0.0129633123496
538	0.00158582012834
980	0.00215343745124
987	0.0
984	0.00145184465449
114	0.000646202913585
117	0.00125018595636
111	0.00145184465449
113	0.00429767328195
112	0.00428336094357
118	0.000516878812664
429	0.00128746913116
428	0.00138943219681
915	0.00278345691735
423	0.00181295025181
422	0.00303355099321
425	0.0
424	0.00139390061822
912	0.00434026731715
305	0.0
306	0.0056604004726
846	0.00427203372758
840	0.00244496125506
849	0.00197934819481
377	0.00173105927023
569	0.0118514005785
561	0.00571146225512
759	0.00434573960588
229	0.00284344592827
228	0.00158792834073
727	0.0
724	0.00275756851202
723	0.0
720	0.00304172892433
721	0.00395284370911
605	0.00314694975159
153	0.000961334003599
152	0.00285716936092
602	0.00142362875795
159	0.00416141995271
609	0.00124391915749
83	0.00556436350315
48	0.0
953	0.00139539680296
45	0.00145676236325
957	0.00278974121056
956	0.0
485	0.00143405098551
482	0.00286738309808
472	0.00142362875795
470	0.00106894131568
