344	0.00149971156927
0	0.00115698078555
347	0.00179120196209
341	0.000599856915768
343	0.00176236640563
812	0.000657119198122
817	0.00151772808244
719	0.00117888768064
718	0.0029689035538
716	0.000585088716445
713	0.00122358742894
712	0.00184438573178
710	0.0017432567326
915	0.0090479174379
910	0.000606807209196
299	0.000556716770628
294	0.00118502029872
295	0.000580651894217
292	0.000605707952411
293	0.000580651894217
290	0.00176910568709
291	0.00248006576136
591	0.00301168882115
590	0.0
592	0.0036578243442
595	0.0
596	0.00116248938137
599	0.00173699692032
197	0.000594288076131
191	0.00118880919527
190	0.00343100675378
193	0.00287875288611
192	0.00059022121224
270	0.00118834219653
272	0.00181545470702
274	0.000689189726824
275	0.000564977626604
277	0.000606807209196
278	0.00118390356509
526	0.0026614442658
522	0.000592900563338
523	0.000575374927494
528	0.000594288076131
443	0.00239809934626
444	0.00118186206815
102	0.000594150966238
103	0.00174208707661
101	0.00117662756361
106	0.0023878771603
107	0.00710352451931
104	0.00115385422766
900	0.00182064772408
38	0.00121721925674
904	0.000596714609479
32	0.00252402793992
31	0.0015018205687
30	0.000588110531054
35	0.00151772808244
641	0.00115754794016
643	0.000647474301857
644	0.0023785895892
647	0.00198745857952
646	0.00178656129733
648	0.00115385422766
435	0.00239622579136
432	0.00057166464488
433	0.00117189428369
338	0.00057166464488
335	0.000586460565943
334	0.00298686921027
337	0.00117659091767
333	0.00173363317897
332	0.00072099207654
854	0.000592094585788
855	0.00177185391742
857	0.00259451351033
850	0.00238393905014
851	0.00482088855568
853	0.00176620640663
858	0.000610184512909
6	0.00174625116307
98	0.00614773098606
91	0.00121360971931
90	0.0125472777404
92	0.00153521202572
95	0.00232562836157
96	0.0
740	0.00120347765466
741	0.000629985547679
742	0.0120249197501
743	0.00227496477148
558	0.00443101820696
746	0.0023772947158
551	0.0011791586583
553	0.00117731088492
552	0.00302347802259
239	0.000600637874504
236	0.00296466674681
230	0.000574148434585
231	0.00343258947388
232	0.00110871614902
233	0.00178542249152
147	0.000589823099627
618	0.000750428320192
142	0.000773209467728
143	0.000629985547679
141	0.00228301758628
612	0.00118981000521
617	0.00119984771915
614	0.00227892320207
149	0.00117662756361
1004	0.00295568690354
947	0.0
942	0.00180156723193
514	0.00115850243708
688	0.0
685	0.00452346749967
684	0.00253031034521
687	0.00180058054191
686	0.00120580510514
680	0.00496957658103
682	0.00355281950251
133	0.000575374927494
131	0.000591627587052
136	0.00207032996383
135	0.00788018851265
134	0.00184344604354
497	0.000599137786276
493	0.00272805899603
24	0.00399375845824
25	0.00366680013017
927	0.0106767828298
28	0.00057166464488
29	0.000596714609479
405	0.000649704481715
404	0.0
402	0.0
401	0.00381890612847
400	0.000600637874504
933	0.00119067274108
936	0.0011949437892
409	0.000580651894217
934	0.0
453	0.0
828	0.000596223459084
371	0.000605707952411
372	0.0
374	0.00119924860111
377	0.00180409609838
822	0.0
709	0.000759494543987
704	0.00353583354785
707	0.0012356307562
700	0.00131087627139
144	0.000629985547679
702	0.0011833690456
393	0.000590850318972
392	0.000606820151282
394	0.000606807209196
82	0.000605707952411
181	0.000689189726824
398	0.00122958242923
86	0.00180138473678
796	0.00119076537333
795	0.00448070240589
791	0.00189265618421
790	0.00312418122909
607	0.00909659156506
586	0.00537322713756
585	0.00299047323613
582	0.0011418356714
580	0.000629985547679
581	0.00238372248695
588	0.00057166464488
245	0.00286361271255
246	0.00296222063425
249	0.00115698078555
248	0.00491751789341
924	0.00474143095396
511	0.00057166464488
510	0.00112725744282
513	0.000592094585788
512	0.00151772808244
1002	0.000750428320192
1001	0.00422456932836
516	0.00181164856577
458	0.00412037796211
624	0.000563446087097
450	0.00491849679413
629	0.00929923841122
628	0.00121126759543
454	0.0055322411447
456	0.000605559643016
199	0.0011833690456
175	0.00115006634305
173	0.00177359025784
171	0.0
170	0.000570358998037
977	0.00539814169333
976	0.000580651894217
971	0.000666898560356
978	0.014318300056
656	0.00204846671424
657	0.000591627587052
654	0.00238250487608
2	0.00426761755819
652	0.000590850318972
187	0.00479745308842
650	0.00296101078568
185	0.00186244921357
188	0.00219007805303
189	0.00295158035637
658	0.000666244597299
659	0.00178403236287
184	0.000585088716445
13	0.00234567814839
12	0.00259625524171
15	0.00184900934486
14	0.0154070773783
17	0.00129714671185
16	0.000588793215544
863	0.00117099687254
862	0.00173066534339
866	0.00116959231586
881	0.00118677599699
880	0.000590850318972
887	0.000603463542311
885	0.00119663030882
322	0.00654290540934
323	0.000593945535107
320	0.0017597094051
321	0.00218428332584
326	0.000600229638809
327	0.0
325	0.0
329	0.00113087934784
201	0.000590850318972
200	0.00332520702514
758	0.0021428632703
771	0.00119735248398
770	0.000592094585788
207	0.00826329895635
772	0.00600931088628
209	0.00116970478681
208	0.00118203728485
779	0.00117332384779
77	0.000584708741054
75	0.00240356857658
74	0.0011229985648
655	0.000596253427677
78	0.000580651894217
669	0.00126135443967
663	0.00236109600589
662	0.00421506856027
660	0.000584503599414
692	0.00592721348616
693	0.00174540439189
690	0.000564977626604
697	0.00229169438793
695	0.0018515919154
698	0.00341656410001
699	0.000551917490496
542	0.00359387139083
540	0.00571274962686
541	0.00176954655522
546	0.000601614192139
547	0.00219007805303
544	0.00566615805023
8	0.00125417467166
548	0.00233568204933
994	0.0017336041124
996	0.0011854047691
991	0.00305196509
990	0.00289979472599
993	0.000600637874504
122	0.00185028643686
124	0.000588350789767
127	0.00176853467271
414	0.000653206129375
415	0.00182405599174
416	0.00649949887022
410	0.000608252935706
920	0.00205312616562
921	0.00177175213846
923	0.0071419091746
418	0.000599137786276
925	0.00113503305863
499	0.00286071425677
319	0.00298707006215
318	0.00215673504415
313	0.00176949287473
311	0.00170669770351
310	0.000574379331135
316	0.00129466497616
832	0.000579201959479
833	0.0012167421896
837	0.000591627587052
835	0.000600637874504
838	0.00129737412727
368	0.00115193288851
369	0.000592094585788
364	0.00345882419491
362	0.00318487290116
360	0.0020060101468
361	0.00057166464488
380	0.000614799510561
381	0.0
383	0.00362390664403
388	0.00111785520844
784	0.000596714609479
787	0.000589615488963
780	0.00116184734204
782	0.00234367804976
783	0.00653819873208
788	0.000596223459084
789	0.00172288541501
151	0.00176714667792
573	0.000571081074301
572	0.00119059644337
571	0.0109305297919
576	0.00117888768064
575	0.000532892858896
61	0.00416511692274
62	0.00298568411937
64	0.0
67	0.00301600497454
68	0.00117189428369
253	0.00117091108516
250	0.000592094585788
251	0.00057166464488
256	0.00235679190087
939	0.00118293297045
731	0.00492018435037
735	0.0
509	0.0
506	0.00650348171514
738	0.00413641051501
502	0.00353716490316
500	0.00120770331681
630	0.003303572963
631	0.00133859456789
633	0.00180280889723
469	0.00455926431655
638	0.000575316947763
464	0.000581364472761
466	0.000596996939271
462	0.0012231142039
901	0.000600637874504
168	0.000532892858896
164	0.000582645382559
165	0.00515318632174
166	0.00173518383404
167	0.014318300056
160	0.0012730518065
161	0.0011983438783
966	0.00238104463915
963	0.000759105759374
969	0.000599137786276
935	0.00239056132401
909	0.00127915420291
879	0.00118798408231
872	0.00057166464488
873	0.00113924773676
870	0.00246244928213
891	0.00586534150866
898	0.00118742429911
356	0.00118436395873
809	0.00234830188263
808	0.00118359269295
353	0.0013423958562
802	0.00119535492452
216	0.00291921766991
214	0.00474012343646
769	0.000600637874504
762	0.00184636405602
955	0.00396059598239
761	0.00178834490715
767	0.0017345136753
764	0.00285961160916
765	0.00232588887386
957	0.00215547948296
4	0.000605707952411
281	0.000588473399284
280	0.010722395367
285	0.000606807209196
284	0.00062117129107
679	0.000704614825247
674	0.00116429513261
670	0.00120469026714
267	0.00364285981422
264	0.000614409719087
268	0.00122358742894
58	0.000640470039335
56	0.00115205604044
53	0.00174529615552
52	0.000624772669472
537	0.00118277780282
535	0.00118186206815
534	0.00357004155547
532	0.00117607263832
531	0.00234406576298
530	0.0078067318078
538	0.00174540439189
775	0.000609532119557
988	0.00228301758628
774	0.0
980	0.00116537992528
987	0.017774276242
984	0.0011860765273
117	0.00061445946513
776	0.000606807209196
113	0.000592094585788
112	0.00176478205368
773	0.000563825657664
429	0.00186590907692
428	0.00516890298489
918	0.000716129479204
421	0.00302899021253
420	0.0
423	0.00703511839044
422	0.00245294033464
424	0.00603443480475
427	0.00282700569224
912	0.00117943858859
301	0.00151772808244
305	0.00109988064581
306	0.00419557544919
847	0.00151208356148
846	0.00133853707752
843	0.0029464489318
841	0.000589615488963
840	0.0017087501151
849	0.00283449445084
823	0.000592094585788
568	0.00179010178963
569	0.0133865619528
561	0.00201010474759
759	0.00171843908984
563	0.000629985547679
565	0.00281078224504
566	0.000584228933605
739	0.00311990178704
229	0.00180527858364
228	0.00115698078555
223	0.000593945535107
220	0.00119686885734
724	0.00243366553619
722	0.000592094585788
720	0.00484856661673
605	0.00174148438497
153	0.000599137786276
152	0.00179934455686
157	0.00426897415175
602	0.000566987786914
159	0.00945029855353
158	0.00117674476217
609	0.00601902938432
83	0.000600637874504
634	0.0
48	0.001478747279
951	0.00527159730578
950	0.00406427144313
953	0.000647418089722
952	0.000666898560356
42	0.00117969053736
954	0.00151772808244
40	0.00120375553711
956	0.00140445110578
5	0.00176331991294
485	0.00178656129733
482	0.00172720841789
481	0.000704614825247
472	0.00160734666582
470	0.00635649185516
479	0.00121346364253
