344	0.00253867055489
0	0.00097626987668
347	0.00150719909034
343	0.00472258186817
810	0.00145616986905
811	0.000974602239187
812	0.00251865684713
813	0.00150030190539
814	0.000502188012419
349	0.00101440789408
817	0.000509092935165
719	0.0014262605323
718	0.00843867133587
717	0.000506860381361
716	0.000953166838822
715	0.00200711521871
713	0.000498041339043
712	0.00151047604777
710	0.00195931817849
915	0.0055537336682
913	0.000503154623822
294	0.0040372621866
295	0.000488093167076
292	0.000483406488698
293	0.00145236578797
290	0.00100492432243
591	0.000995065211018
590	0.00100532341508
199	0.00144924462142
599	0.00195626303156
598	0.00151601987385
196	0.00146908705452
191	0.000494054776475
190	0.00101309478711
192	0.0
272	0.00100274949827
273	0.000495908888237
274	0.00153125597113
277	0.00200951810126
278	0.000976025463687
738	0.00469849831355
526	0.00203294671959
527	0.00295924813849
523	0.000455983494825
528	0.00145495863658
443	0.0019970954039
440	0.000486935073824
445	0.00101486096559
109	0.000505176088334
101	0.00144431568875
106	0.00171163086031
107	0.00292839351268
104	0.00202064723815
902	0.00101696347251
900	0.00150170581437
38	0.000471482177585
906	0.000425643817487
904	0.00049651577096
32	0.00353780397888
31	0.00201831085584
35	0.00152529651632
641	0.00135370865788
643	0.000987673561043
644	0.00241747106314
647	0.00101377980954
439	0.00201962774407
649	0.000492748734957
648	0.00252784415303
435	0.00454819679846
433	0.00137471012638
339	0.000488093167076
338	0.00316915819315
334	0.00449735645603
336	0.0015069669929
333	0.00195098008888
332	0.00757699139083
745	0.000468892332125
854	0.00100866328569
855	0.00183825654327
857	0.00252747554997
850	0.00291447147777
851	0.00354879061277
819	0.000511176887602
858	0.000491790446004
6	0.00097626987668
99	0.00195048343423
98	0.000999062354332
91	0.000488093167076
90	0.00751274234136
93	0.0
92	0.000505992061235
95	0.000454732193763
742	0.00399856319069
743	0.00251001965526
744	0.00050455570504
558	0.00300004655902
746	0.00199682795425
748	0.00150721214775
749	0.00239422122785
551	0.00100792123693
550	0.00199512166094
552	0.000509092935165
239	0.000502477596998
236	0.0
231	0.00411195255159
232	0.0020209797528
233	0.000977142593452
147	0.0090494842288
142	0.00152243414311
141	0.0015267541893
613	0.000498041339043
610	0.00102095326334
617	0.00192420663535
614	0.00150809315349
149	0.00144453787976
1004	0.00146039079506
948	0.0065581849713
949	0.00202016789426
946	0.00101051127087
947	0.00101045581764
942	0.000483406488698
940	0.000498041339043
514	0.000924789786762
688	0.0
685	0.00249782163899
684	0.00551676428968
687	0.00247099526562
686	0.00100532341508
680	0.00198180527708
683	0.000500021414712
682	0.000485377290527
132	0.0
136	0.0010120460399
135	0.00435416627507
139	0.0
493	0.00152869160481
24	0.00355150515156
25	0.000994075524082
21	0.000506860381361
28	0.000454732193763
29	0.00134091460493
407	0.00120131801069
405	0.00101215846037
402	0.000425643817487
401	0.00250022929492
400	0.00100150917572
933	0.00100532341508
931	0.000502845818084
937	0.0
409	0.00097626987668
934	0.000490766718839
379	0.0
828	0.000916761572944
371	0.000483406488698
373	0.00101680386627
374	0.000500975405784
377	0.00198014105538
376	0.0
704	0.00149719166026
700	0.00200638223094
702	0.000481940621156
393	0.0
392	0.00151268713273
391	0.000511777539138
390	0.00046021321153
394	0.000499940685731
82	0.00046021321153
83	0.00091819601687
399	0.000471482177585
796	0.000454732193763
795	0.00203302918543
791	0.000506063156106
790	0.00452151848919
799	0.00151136271561
586	0.00955795788703
584	0.000494648733393
585	0.000487112269731
582	0.00135370865788
580	0.000506063156106
581	0.00140968172556
245	0.00226283987948
246	0.00143311876125
241	0.000507787748304
243	0.000995065211018
249	0.0107451197698
248	0.00150052737875
924	0.00291390375884
519	0.000488176709605
518	0.00603526165906
510	0.000984277003625
512	0.000509092935165
1003	0.000498549440058
1002	0.000493175441488
1001	0.00145166536116
1000	0.00149407483817
458	0.00447347450775
951	0.0029752378312
624	0.000511176887602
450	0.00604747117734
629	0.0116942497829
628	0.0
454	0.00150190817242
178	0.0161147909272
595	0.00147789029324
175	0.00137112597979
173	0.000483421513897
171	0.00250900608638
170	0.00046021321153
977	0.000472180590298
517	0.00554414099132
975	0.0
974	0.00201786900136
972	0.000502845818084
971	0.000505992061235
180	0.0
978	0.0101666425448
656	0.0050914921385
654	0.00143276577198
181	0.00102119877338
187	0.00050434306081
184	0.000802230686475
185	0.00249580692006
188	0.00558705111297
189	0.0
658	0.00203312647037
516	0.00149021264884
868	0.00252365268903
13	0.000955313761134
15	0.00148800273913
14	0.00289455491161
17	0.0010120460399
16	0.00146879404259
19	0.000989885134091
863	0.000914750790255
862	0.00194745440018
865	0.000485929981207
867	0.000504826332757
866	0.000472180590298
883	0.00132195544986
881	0.00100370180959
887	0.000498041339043
886	0.000504656935065
885	0.00151320129897
888	0.000505992061235
929	0.0029272785996
809	0.000454732193763
321	0.000998096210105
326	0.000497758172368
327	0.000442376593494
324	0.000495908888237
329	0.00153172375402
775	0.000497362972251
200	0.00201727955602
777	0.000989422337191
776	0.000499940685731
771	0.000457982805341
207	0.00710813673006
772	0.00199847040965
779	0.00203543840457
778	0.00050219547924
77	0.00252281879222
75	0.000499309420329
74	0.00402746671009
71	0.000492545395501
70	0.00246605063765
78	0.00195447302123
2	0.00302933940784
669	0.000506063156106
668	0.000499385813873
664	0.00048500042192
663	0.00146452317088
662	0.00100113512084
692	0.00244768732091
693	0.00146864470834
696	0.00348297542834
697	0.00321501070489
695	0.00152284838312
698	0.000454732193763
542	0.00453013266759
543	0.00152036480655
540	0.00588473029795
541	0.00239470219541
546	0.00249886406359
547	0.00254511975639
8	0.000509036108105
994	0.000904881952408
997	0.0004689749259
996	0.00241665708273
991	0.00393489966723
990	0.00402856269357
120	0.00200574573154
122	0.00301480095447
126	0.00252345648353
127	0.00147275378414
129	0.00100436632967
414	0.00101662609164
415	0.00642312872275
416	0.00303038789362
410	0.00191849032504
920	0.00203266928126
923	0.00600411801703
418	0.000482829087993
925	0.000908040917521
926	0.00451656008004
499	0.00200038569425
319	0.00296122719191
318	0.000500021414712
313	0.0040416265684
311	0.000912714999104
310	0.000471482177585
316	0.0146575729505
314	0.00292037245938
832	0.00339757515305
833	0.00296847043181
837	0.00144835322488
838	0.00406296708188
3	0.000506860381361
369	0.000957029611577
367	0.00398323517023
364	0.000899189847587
362	0.00200662531207
360	0.00152561780608
361	0.000454732193763
381	0.0013331873015
383	0.00249262475622
386	0.000493175441488
784	0.00369157864266
780	0.000924789786762
782	0.0106333699153
783	0.000945834608217
788	0.000418032159983
789	0.000905878098388
151	0.00292749229972
573	0.00100595062195
572	0.00100914266387
571	0.0084954194604
577	0.00753646337394
576	0.000483421513897
575	0.00101017708863
61	0.00500249674975
62	0.00200478552531
65	0.00243098456852
67	0.0020356289575
68	0.000454732193763
250	0.00252179111054
251	0.000454732193763
256	0.00201850922923
939	0.000491846730726
731	0.00346183562934
730	0.00151506697591
737	0.000974451168966
509	0.000484849021279
506	0.00532281771201
507	0.00152502683712
502	0.00538994697801
503	0.000498954374597
500	0.00501913586313
630	0.0015320533111
631	0.00152561780608
633	0.00199686948258
469	0.00356349440039
468	0.000977397273242
465	0.000504069414617
466	0.00202731399091
168	0.00857627643162
169	0.0
164	0.000939410061456
165	0.00303778699631
166	0.00301478902713
167	0.00152011112733
160	0.00304173598511
161	0.000499940685731
163	0.00251954919181
965	0.00050434306081
962	0.000942399308085
963	0.000509648062702
935	0.00149707429178
878	0.00146583148656
879	0.000468832919428
874	0.00316431485832
872	0.000454732193763
873	0.00180739032447
870	0.00193678334748
890	0.000988222532764
891	0.00455601260377
895	0.00201511070239
899	0.000445041340155
646	0.000504078557085
356	0.0151272937951
355	0.00100532341508
808	0.000487823572943
353	0.00101674222586
351	0.0010128524426
803	0.00100982835033
802	0.00050434306081
800	0.000501470823981
216	0.00199297937873
214	0.00851795217038
762	0.00100349382053
767	0.00243698072249
764	0.00180709990409
765	0.00302967577383
957	0.000509092935165
956	0.00298190956313
289	0.000968421935817
288	0.00408721695438
4	0.000483406488698
280	0.0141983879458
285	0.00150767545846
284	0.000494648733393
674	0.00100914029428
677	0.000506860381361
671	0.0
260	0.00100977348723
267	0.00506533089422
266	0.00100968497316
264	0.000451085600495
58	0.000497362972251
56	0.00141971416873
53	0.00251655670545
52	0.00252465175699
535	0.00251989654796
534	0.00197682112768
533	0.00046021321153
532	0.000899326491511
531	0.00141859028325
530	0.00658711515006
539	0.000505508661864
538	0.00146386781915
988	0.00101595331653
774	0.000505662308487
980	0.00049651577096
987	0.0136855375714
984	0.00403050630987
114	0.00049651577096
113	0.000504078557085
112	0.00050455570504
119	0.000504069414617
118	0.000488093167076
773	0.000511777539138
429	0.0019947745481
428	0.00303859622725
919	0.0
918	0.000495666213943
421	0.00202588544184
423	0.00473075035127
422	0.00298517796731
425	0.00908379040758
424	0.00203061753569
427	0.000450058112181
912	0.00706505550312
309	0.000484849021279
301	0.00152671544841
302	0.00101341245012
306	0.00149432149521
846	0.00102095326334
844	0.00100713544141
843	0.000802230686475
841	0.000498041339043
840	0.001810758133
853	0.000471482177585
849	0.00228393486928
823	0.00100711139127
568	0.0
569	0.000488093167076
751	0.000507025575666
750	0.000509175724204
754	0.00043904994328
561	0.00152561780608
759	0.00202133372427
758	0.000992024953457
565	0.00150025607867
566	0.000484620807244
739	0.000506063156106
229	0.00249848305642
228	0.00195847004862
225	0.000404533569142
224	0.0010100869639
223	0.00049651577096
220	0.000502160021662
88	0.000897125995072
724	0.0033633854564
725	0.000505992061235
723	0.000994075524082
720	0.00199047160816
721	0.00403882978937
605	0.0049245250037
150	0.00151271075835
607	0.00249179798508
152	0.000499488809981
601	0.0
157	0.00403160797793
602	0.00201723006836
609	0.00150555518228
976	0.00097626987668
634	0.000841083088411
958	0.0
48	0.00497465809507
46	0.0
950	0.00139393252437
953	0.00152219564239
952	0.0010108228517
955	0.00180670195178
954	0.00152514353813
40	0.00151318685538
41	0.000994075524082
638	0.00197185811544
5	0.000455505109732
486	0.000509917849325
485	0.000501470823981
484	0.00255136774947
483	0.00149159110533
482	0.00191897923777
480	0.000454732193763
472	0.0045465167682
470	0.00195144421476
471	0.00100736926075
476	0.000499309420329
478	0.000507025575666
