344	0.0020605228929
0	0.000404280032884
346	0.000405065164333
347	0.000406207221446
340	0.000407498335298
343	0.00161847550765
810	0.00121049191879
811	0.000828472425073
812	0.00120556660563
813	0.00242415399245
814	0.000402681585715
349	0.00163878817529
817	0.000878210725865
718	0.00971894221759
716	0.00323704263372
715	0.00121508132912
713	0.000406275456394
712	0.00244766187365
711	0.000401545541506
710	0.00121284116091
915	0.0126816579372
299	0.000812654564023
294	0.00483564352397
292	0.000407498335298
293	0.00204751810874
290	0.000809003020379
591	0.00244309146149
590	0.00121948849626
595	0.00526001752441
198	0.000410077759219
597	0.000401682425253
195	0.000404461912846
598	0.000402819137391
196	0.000817376694934
191	0.00123331806026
190	0.00289663854588
193	0.00285645465915
192	0.000403449334471
272	0.00285413436209
273	0.000417531359791
274	0.00124501423569
275	0.00162375248807
277	0.000406988481403
278	0.00162940760714
738	0.0028507689091
526	0.00166063195987
527	0.000808069658585
521	0.00120823906358
522	0.00040996268629
528	0.000403154607562
443	0.00203975078952
109	0.00040304939904
102	0.000406159324391
101	0.000402720896543
106	0.000808050903373
107	0.0145331719851
104	0.00201380942088
105	0.000406772099218
902	0.00125111791981
900	0.00122426895164
38	0.00203515432891
906	0.000406159324391
907	0.000804271850897
904	0.000807019582817
905	0.000410953861817
32	0.00365037782336
31	0.00163891049258
30	0.00201436458795
35	0.000878210725865
641	0.00121906814933
640	0.000407498335298
643	0.00201900311514
644	0.0012162014352
647	0.00122843806657
439	0.0020122603859
649	0.000813011515111
648	0.00322878259009
435	0.0044479137492
433	0.00162885626208
338	0.00243942262774
335	0.00242515977394
334	0.00203745431967
337	0.00120759462059
336	0.000406305613277
333	0.00283903946082
332	0.00160650605666
744	0.00120763001609
745	0.000407266080795
854	0.000404673731878
855	0.00122210122469
857	0.00285880037425
850	0.001627285504
851	0.00127940922824
6	0.0012172441693
99	0.000404724987849
98	0.00365697021669
90	0.00892154856098
92	0.00122889394103
95	0.00122050701053
740	0.00162298771527
742	0.00325483921732
743	0.00040304939904
559	0.000810591128653
558	0.00115419133265
746	0.00282113239085
748	0.000405457317981
749	0.00245421529053
557	0.000407198859108
556	0.000402735117056
551	0.000806897222246
550	0.000414148411849
553	0.00121509585902
552	0.000435953674224
239	0.00163019707392
235	0.00122121395565
236	0.00120860759255
231	0.0028459007895
232	0.00241681976311
233	0.00203269090162
155	0.000407769911098
147	0.00446964189236
142	0.00122951829793
143	0.000420751973258
141	0.00131200806102
610	0.000417941758705
611	0.000404411309062
617	0.00203629135828
614	0.00172630403601
149	0.00444418109351
1004	0.00202088815668
948	0.00727633513469
949	0.00241516464619
946	0.00403091056772
947	0.000408311857656
942	0.000406921483939
943	0.000406155654728
940	0.00122185555047
517	0.00607239363692
685	0.00121159834786
684	0.00594802289961
687	0.00327521216824
686	0.000407778395057
680	0.000754158259975
682	0.000815097470141
133	0.00282363512239
132	0.000405482577949
137	0.000407290962541
136	0.00204632712204
135	0.000814419819237
134	0.000406275456394
139	0.00162528974977
138	0.00121029337482
491	0.000404156719582
24	0.00292109222389
25	0.00156328695031
21	0.000824430870503
28	0.000406503216831
29	0.00121049875203
407	0.000804271850897
939	0.00164309290526
404	0.000404461912846
402	0.00081040690289
401	0.00203900046674
931	0.000407498335298
936	0.000405482577949
409	0.000404280032884
934	0.000404461912846
379	0.000408311857656
373	0.000840327204269
374	0.000813588201034
377	0.00121208535646
376	0.000811157505148
704	0.00039598094848
706	0.00123611963087
707	0.000812740780347
700	0.00201285281213
702	0.000404411309062
703	0.00164266999265
393	0.000805806686007
392	0.000405302606243
391	0.00213240071995
390	0.000407769911098
397	0.00081548635354
181	0.00167348508165
399	0.000404428652887
84	0.000406159324391
796	0.000813671855584
795	0.00132144576373
791	0.000405506188949
790	0.00522055568622
799	0.000808505817479
586	0.0076875814481
587	0.00082280553351
584	0.000381660452429
582	0.00121893227948
580	0.00081548635354
581	0.00162788560916
245	0.00528530397605
247	0.000406159324391
246	0.00161207286445
241	0.000442257051641
249	0.00202179157045
248	0.00244895735849
924	0.00121418919009
970	0.000407498335298
518	0.00202485453493
511	0.00040996268629
510	0.000406159324391
513	0.000405482577949
512	0.000435953674224
1003	0.000407098814876
514	0.000799160346215
1001	0.00201996136241
1000	0.00269550680909
458	0.00234170129276
622	0.00243439340688
951	0.00416833773577
624	0.0024394386104
450	0.00204296224134
451	0.000442257051641
629	0.00248202567923
628	0.000404724987849
454	0.00244256855795
178	0.0105268834186
199	0.00162177778984
175	0.000403449334471
173	0.000809881648387
171	0.000812478492463
170	0.0012217745525
977	0.0024271559261
976	0.000809005020733
975	0.000407778395057
974	0.00241933216376
971	0.00122951829793
657	0.000812223323147
978	0.0104157658607
656	0.000826695565592
599	0.000404280032884
654	0.00203787626458
2	0.00201151747718
652	0.000403449334471
187	0.00244649496391
184	0.00321534766566
185	0.000817678920712
188	0.00259189631694
189	0.00324925010595
658	0.00083265912404
650	0.000403844880194
764	0.00121922177691
868	0.000803787181265
13	0.000814308829411
15	0.0011348796218
14	0.00242760638573
17	0.000819039022865
16	0.000805161580264
863	0.000403984854017
862	0.000809005020733
865	0.000817276618328
866	0.00202268233125
883	0.00403019133754
881	0.000815142686038
880	0.000402819137391
885	0.0036291003913
752	0.00122717181832
888	0.000819791713012
929	0.000404724987849
322	0.00202861523382
323	0.00244789961052
320	0.00241754516748
321	0.00160782201998
327	0.000807240411253
324	0.000813354513837
329	0.00162613470139
759	0.000402681585715
688	0.00080759752372
201	0.000806065652817
200	0.00328224901187
758	0.00155808315082
205	0.000407498335298
207	0.00175840124809
206	0.000811541207389
208	0.00120860759255
779	0.00160974535293
77	0.000402735117056
75	0.00489149727769
74	0.00403164985057
72	0.0012233459921
71	0.000404461912846
70	0.00528092853851
78	0.000809487591994
669	0.000815276730355
668	0.00120980391527
664	0.000806781636924
663	0.00161118167463
662	0.00285447432417
692	0.000814319681343
693	0.00121429454857
696	0.00161956704724
697	0.00326336683814
698	0.000406503216831
699	0.000402735117056
542	0.00202995443886
543	0.00122663815771
540	0.00487788543865
541	0.000404457975688
546	0.000407266080795
547	0.00260211461514
544	0.000814697194407
8	0.000407498335298
995	0.000414717365335
994	0.00243885625555
997	0.000407198859108
996	0.000808404713711
991	0.000407599134842
990	0.000819039022865
120	0.00819742707929
122	0.0024364985211
125	0.00162204397582
126	0.00241995788061
127	0.00202777951832
414	0.000822215700633
415	0.00937903091684
416	0.00201371187669
410	0.00121218810224
411	0.000402616318346
920	0.00211074254997
923	0.00447297670577
418	0.000808326335207
925	0.000825482892597
926	0.00121660071414
499	0.00159821481396
319	0.0019435633337
318	0.00119062665801
313	0.00282110511164
311	0.000406503216831
310	0.00162539116964
316	0.0118803548692
832	0.00162058073513
833	0.000826381845709
837	0.000407266080795
834	0.000407498335298
835	0.000406489020161
838	0.000408471791902
369	0.00365027887376
367	0.014251215932
364	0.000406190697367
365	0.000404362837668
362	0.00322833310468
360	0.000833491492853
361	0.000406503216831
381	0.00121078270854
383	0.00202105050009
384	0.00040125336696
386	0.000777733422684
387	0.000402743896343
388	0.00162424618628
784	0.00366952094644
787	0.000407498335298
780	0.000399037437848
782	0.00242260329661
783	0.00203237786309
788	0.0016219092251
789	0.00245466135001
151	0.00244359611985
573	0.0028239990808
572	0.000402720896543
570	0.000407290962541
577	0.000406305613277
575	0.00040164730883
60	0.000816108560318
61	0.0040594052674
62	0.00242592356429
64	0.000406159324391
65	0.00163239589562
66	0.00120776504285
67	0.000818204533683
68	0.000406503216831
253	0.000814397750591
250	0.000805367224285
251	0.00081406362872
256	0.000805730984755
731	0.00191344418455
730	0.00362724878394
509	0.000405607216161
506	0.00485569244136
507	0.000420751973258
505	0.000402204458148
502	0.00445866037991
503	0.000768183874784
500	0.000808295018605
630	0.00126148805109
631	0.000417941758705
633	0.00162584387654
469	0.00747769721007
468	0.000403449334471
465	0.000400917663693
464	0.000807716778059
927	0.000407198859108
460	0.000811766540552
168	0.00483224718783
169	0.000810325451591
164	0.000811217949982
165	0.00245844480511
166	0.00282484638014
167	0.0013138356187
160	0.000839673596873
161	0.00040708173367
163	0.000808109271445
966	0.00120596614637
962	0.000807597695605
963	0.000816431614258
969	0.00162137758881
935	0.0016136384816
909	0.000404267347672
878	0.000404724987849
879	0.000811800462927
874	0.00243809948172
872	0.000406503216831
873	0.002844024794
870	0.000407668209959
890	0.0024091426958
891	0.00331364127087
893	0.000406159324391
895	0.00161540303973
898	0.000810947669769
899	0.000806350562782
646	0.00121302966478
356	0.00443779116128
809	0.000406503216831
808	0.00120956899832
353	0.00125970801552
351	0.00164039717005
803	0.000806510385955
802	0.00121898992082
800	0.000404122231648
807	0.000814486816702
806	0.00082030830179
804	0.000407607098335
216	0.00154131934301
214	0.00610487767457
952	0.00204976255031
762	0.00121189354305
763	0.000407498335298
767	0.000809745834
218	0.000404052436464
765	0.00403831312348
957	0.000878210725865
956	0.000775458261493
289	0.000806681039094
288	0.000427886091151
281	0.00164276874089
280	0.00667539438197
283	0.000407498335298
284	0.0011348796218
679	0.00039598094848
674	0.000404673731878
676	0.00202391432572
670	0.00444786961806
671	0.000815276730355
267	0.00364875543221
266	0.00120708161016
264	0.000814607379038
268	0.000406275456394
56	0.000812874729463
50	0.000405141739813
53	0.00367370937074
52	0.00362535622325
537	0.0012085641911
536	0.0
535	0.000816777171538
534	0.0162493480618
532	0.00161382002515
531	0.000406503216831
530	0.00327668384126
538	0.000404280032884
988	0.000871578567055
983	0.000406988481403
980	0.00162110290046
987	0.0126042817071
984	0.0036296511112
985	0.000403449334471
115	0.0
114	0.000812313459967
117	0.000406275456394
776	0.00163063009915
111	0.00040125336696
113	0.00121311087467
112	0.00040289096058
771	0.00121670750796
119	0.000802550160765
118	0.00121061364363
772	0.031782426069
429	0.000407842870061
428	0.00450781418541
919	0.00121504128851
918	0.00118792062712
421	0.00129715198417
423	0.00201860429888
422	0.0011358187124
425	0.00403153735029
424	0.00176310303924
427	0.000406171515226
912	0.00846332669963
309	0.00121933439013
300	0.000407769911098
301	0.000878210725865
302	0.000819039022865
306	0.00325815392381
846	0.000417941758705
844	0.00197006443369
843	0.00241227687268
841	0.000808891168278
840	0.0024382581912
955	0.00203145023799
849	0.00121678572535
823	0.00161368930138
822	0.000406159324391
568	0.00326585685738
569	0.00121676841983
751	0.00121265468432
750	0.000845922132715
754	0.00201336871011
561	0.000832090170554
562	0.000406159324391
736	0.000812869967345
565	0.00242112934194
739	0.000839673596873
229	0.0020907164339
228	0.00161783384959
225	0.000804271850897
224	0.00122900170916
223	0.000407830661182
220	0.00367252604374
88	0.000804497039454
724	0.00284268813725
722	0.000405913461397
723	0.00115859494953
720	0.00202080234388
721	0.00362979751791
605	0.00889839090337
150	0.00165440098802
153	0.000404339140991
152	0.000407940447256
601	0.000812314979119
154	0.000406159324391
157	0.00243459572786
602	0.00282534081573
159	0.000408133150161
83	0.00122370234126
634	0.00162089483357
48	0.00387091758848
46	0.000811768544885
950	0.00120341096829
953	0.00122446269556
45	0.000806117734017
42	0.00122064488548
954	0.000878210725865
40	0.00407804843863
41	0.00154149840417
638	0.00162290037121
5	0.0012118775566
489	0.000406159324391
484	0.000869858388297
483	0.000409565551049
482	0.000406503216831
480	0.000406503216831
472	0.00282275853549
470	0.00283792347569
471	0.000828774196005
477	0.000406159324391
474	0.000406159324391
478	0.000405302606243
