344	0.0016162255207
0	0.0114826116242
347	0.0010737734038
341	0.00109428228271
343	0.00373232050567
810	0.000538446767725
812	0.00266398843621
813	0.00267856427963
349	0.00109250830066
817	0.00108447156065
719	0.00157010294018
718	0.00815435526543
716	0.00054511588251
714	0.000535185933516
713	0.00108027221413
712	0.0
710	0.00273858693146
915	0.00709516076507
736	0.000536704145345
299	0.00103653151724
294	0.00588391311711
295	0.0010941681854
292	0.000513036922636
293	0.000548119025713
290	0.00162151603316
291	0.00215767778103
591	0.00321223831227
590	0.000537406978932
592	0.00323474227105
595	0.00217360197396
198	0.000537629541391
596	0.000538236849338
599	0.00164253495334
194	0.000537275211739
197	0.000533366331922
196	0.00431162328421
191	0.00107189007886
190	0.00164629271053
192	0.000528716418061
272	0.00162355964198
273	0.000537275211739
274	0.00164297210913
275	0.000536123071246
277	0.00106606972815
278	0.00161880783906
526	0.00167132039973
522	0.00053504796211
528	0.00324772340569
443	0.00267624050045
441	0.000535236704657
440	0.000538833900906
447	0.00427398590783
445	0.00167246546951
103	0.000524524565192
101	0.00108108280952
107	0.00377412468864
104	0.0026668382207
105	0.00106421060292
900	0.00107540794217
38	0.00106742317796
905	0.000532279582456
32	0.00107895976074
31	0.00107245774665
30	0.00160268232964
35	0.000960440606971
641	0.000516855315727
643	0.00108814406325
644	0.00160050338735
647	0.00109870749694
439	0.00160356078244
648	0.00640880456815
435	0.00160996963903
432	0.00104630464589
433	0.00159234061378
339	0.000546775894168
338	0.000516855315727
335	0.0134589010971
334	0.00535895165875
337	0.00320123560123
333	0.00218733205764
332	0.00373607768388
854	0.00321018128366
855	0.00107128118689
857	0.00218519122193
850	0.00320659081531
851	0.00384184260133
819	0.000513702686925
6	0.0010941681854
98	0.0064755023156
91	0.00053657331339
90	0.0139166166499
95	0.000516855315727
96	0.0
742	0.00322030633817
743	0.00213805786247
559	0.0
558	0.000433168992001
746	0.0101913119998
556	0.00160356078244
550	0.00107140928983
553	0.00107646097837
239	0.0010771547313
236	0.00107728066863
230	0.000537406978932
231	0.00260806661794
232	0.00534134693949
233	0.00108108622708
147	0.00806103519102
618	0.000472517108157
142	0.00654081653421
143	0.000513036922636
613	0.000544086748682
614	0.00220755116412
149	0.000529208597535
1004	0.0021595417774
948	0.00804737911659
949	0.00106908157487
946	0.0032038420904
947	0.00160666032359
942	0.000535700420348
940	0.000535185933516
514	0.00053759524099
517	0.0026891649229
685	0.00439084324646
684	0.00155035919575
687	0.00160885230467
686	0.000537406978932
680	0.0
683	0.000540394391236
682	0.0026142372357
133	0.000533892621178
132	0.000525962438309
137	0.000535700420348
136	0.00108972965743
135	0.00642863274319
134	0.00161412478983
139	0.00102392207011
493	0.00222631724972
24	0.00166856363808
25	0.0014241174969
26	0.000542061744905
28	0.000516855315727
29	0.00214945976648
407	0.00104200158438
405	0.000535700420348
404	0.000545259832369
402	0.00254376397689
401	0.00322784037405
400	0.000535741950404
933	0.00160928643554
931	0.00107765877609
936	0.00106975667865
409	0.00163928406791
371	0.00108951317391
373	0.000433168992001
372	0.00108956869009
377	0.0043310869508
704	0.000535185933516
706	0.00107450979844
707	0.00107715303463
700	0.00317378855885
703	0.0010767266852
393	0.00054093812286
392	0.000536503925257
391	0.0011147320617
176	0.000534396517033
82	0.000538236849338
181	0.000538833900906
399	0.000507302788481
398	0.0
86	0.00214488677518
796	0.00162391989949
795	0.00128712642353
794	0.000534953910339
791	0.0
790	0.0032054159089
586	0.0187058406085
587	0.000535618400577
585	0.00109368322432
582	0.000516855315727
580	0.0
581	0.000535612299523
589	0.000541590263539
245	0.00362035077173
246	0.0016249973458
249	0.00164228721112
248	0.00160745122287
924	0.00211671048617
513	0.000539148623541
512	0.00042692682636
1002	0.000462990403788
1001	0.00105846572868
516	0.00103710058463
458	0.00100082197541
622	0.0
951	0.00644660506956
624	0.00103474541294
450	0.000537629541391
629	0.0105450480298
628	0.00269054790482
454	0.00811092378855
457	0.00054169455678
178	0.0131090223613
199	0.0031795006598
175	0.00268087978439
173	0.00161136885245
171	0.000537406978932
977	0.00268770907117
976	0.00218679622142
972	0.000537406978932
971	0.00109356570014
180	0.0
253	0.00162175073315
654	0.00156389888327
2	0.00321671402735
187	0.000537629541391
650	0.00260827936473
185	0.00105792305195
188	0.000549676962744
189	0.00109189177668
658	0.00111314852294
659	0.00107247167357
869	0.000534396517033
868	0.0042758677363
13	0.00104830701806
14	0.00211193034647
17	0.00052727161497
16	0.0021380557827
19	0.00108912960733
863	0.000535741950404
862	0.00273885430445
865	0.00107523814473
866	0.00108673568121
883	0.00216012352112
881	0.00103488167581
880	0.000537275211739
885	0.000534117682704
752	0.00163154369508
889	0.000534056328861
809	0.000516855315727
322	0.00213914825851
327	0.00105596615791
329	0.00154478716631
688	0.000538446767725
201	0.000538446767725
200	0.00492353617206
776	0.00376990697032
771	0.00216132735706
207	0.00348076507555
772	0.00107204973943
209	0.00160348012958
208	0.000538446767725
77	0.00106878531506
75	0.0048259269864
74	0.00427542728278
70	0.00159066914179
78	0.00163144339714
669	0.000540593726014
668	0.00267856427963
664	0.000538446767725
663	0.0032014195364
692	0.00536688043219
693	0.00216170696134
696	0.0010888048841
697	0.000540556524974
695	0.00107788133855
698	0.00361258576192
542	0.00216112869653
543	0.00109356570014
540	0.00154612720359
541	0.00266348884094
546	0.00107044399385
544	0.000541095021983
994	0.00208041935334
996	0.00212550102115
991	0.0010941681854
990	0.000545186131676
993	0.000535741950404
120	0.00216356868067
122	0.00107739934148
126	0.00587613374384
127	0.00105632518289
128	0.000533554252556
415	0.00107935882867
416	0.0117613483569
410	0.00157339360396
920	0.00275573945651
921	0.00211108318503
922	0.000542061744905
923	0.00320126526151
418	0.00213341243986
925	0.000516855315727
926	0.000537406978932
319	0.00139650456078
318	0.00211382876533
313	0.00320795963063
311	0.000516855315727
310	0.00315063654866
316	0.00108969851223
832	0.000539148623541
833	0.000534320666575
830	0.00209717269336
837	0.00105701613375
834	0.000536704145345
835	0.000535741950404
838	0.00162985189213
369	0.00161975942754
364	0.00102857306199
365	0.00162685693032
362	0.00595895052203
360	0.00222709300986
361	0.000516855315727
381	0.00370416978494
383	0.0037974645233
784	0.000535741950404
782	0.00320495723706
783	0.00156547577398
788	0.00153666943465
789	0.000516855315727
151	0.000540589826267
573	0.00320588655466
572	0.00108349178415
577	0.000537406978932
153	0.00053468435109
575	0.00160345639653
61	0.00162201135078
62	0.00270105001793
67	0.00160344141301
68	0.00103798299547
69	0.000533695615767
250	0.00106803546528
251	0.00156585457497
256	0.00374135850554
257	0.000534396517033
603	0.000507302788481
939	0.000534421609883
731	0.000542817233354
730	0.00213764273873
732	0.000547392291237
735	0.0010680921328
737	0.00107852919103
509	0.00210597809142
506	0.00903204355874
738	0.004175092796
505	0.00053339009261
502	0.00545181366546
500	0.00160386051595
630	0.00331643824967
631	0.00111314852294
633	0.00162069839961
469	0.000857983720672
468	0.00158954880841
465	0.000532659350452
464	0.00107777406609
901	0.000535741950404
168	0.0101518731127
164	0.000518797567235
165	0.00369007670779
166	0.0021383978485
167	0.00164388760543
160	0.00219398443009
161	0.000534396517033
966	0.00160544799974
963	0.000534766227424
935	0.00214327157313
908	0.000533128721086
909	0.000548425516972
879	0.00213539526721
872	0.00102857306199
873	0.00206893364519
870	0.00107545183752
890	0.00320083424672
891	0.00498776620282
898	0.00107485544331
646	0.00107947607262
356	0.00854984825091
355	0.000537406978932
808	0.00161329648581
353	0.00165717844827
803	0.00161078639373
802	0.00107907789739
800	0.000540327449078
807	0.0069654501687
804	0.00103710058463
216	0.00141685681314
214	0.00864086092867
769	0.00159604848112
762	0.00213673018114
955	0.00103104114025
767	0.00164253495334
764	0.00206207543464
765	0.00427007817741
957	0.000537275211739
956	0.00102777617629
288	0.00334706094464
4	0.001070937125
281	0.0015974537301
280	0.0105554170212
283	0.000542061744905
285	0.000537406978932
284	0.0
674	0.00214167366077
670	0.00215737854027
260	0.00106820800395
267	0.00379102321206
266	0.00213780375129
264	0.000534396517033
268	0.00486109201843
58	0.000534396517033
56	0.00157331051797
50	0.0
53	0.00161958879371
52	0.00106820151037
537	0.00215500302518
535	0.00108035314976
534	0.00160364694039
532	0.00208699446748
531	0.00155134329295
530	0.00440459144988
538	0.0010941681854
774	0.000535514162474
980	0.00161108776177
987	0.0160549985719
984	0.00213716015944
985	0.000538446767725
117	0.00108027221413
111	0.001068588067
110	0.000534288940096
112	0.00429146694992
119	0.000532659350452
118	0.00216467165385
429	0.00215837841177
428	0.00544551141929
918	0.00053379053718
421	0.00128712642353
420	0.0
423	0.0053904371795
422	0.00108489956346
425	0.00266673410499
424	0.00128712642353
912	0.00963038914885
308	0.000533148460591
309	0.000529882423709
302	0.00163178018122
304	0.0010705947406
305	0.000533106000618
306	0.00269480588245
846	0.00167135656437
844	0.00195774205168
843	0.00104765961011
840	0.00154612445206
853	0.000518797567235
849	0.00264813828094
823	0.000540454395473
568	0.00161037677088
569	0.00109086264285
754	0.000534411448811
561	0.00278399547042
759	0.00213665885848
563	0.0010840733987
565	0.000528196900355
566	0.000540589826267
739	0.00110470786718
229	0.00160904498696
228	0.0027264406214
225	0.000520018190242
223	0.00107005694349
221	0.000536361327718
220	0.00053619799414
727	0.0
724	0.0038124551693
723	0.0
720	0.00321413093919
721	0.002668160803
605	0.0054748166913
607	0.00375576526798
152	0.00107130344326
157	0.00214191960999
602	0.00213827825798
159	0.00161478176145
158	0.00053099678726
609	0.00538562288455
83	0.00107965865439
634	0.00153557271272
48	0.0014055200279
46	0.000524524565192
950	0.00107059891091
953	0.000433168992001
952	0.00217687688942
42	0.000518797567235
40	0.00483824560426
41	0.0
638	0.00311786640202
5	0.00268977457727
488	0.00107442555627
484	0.000556283548355
482	0.00103287699913
480	0.000516855315727
472	0.00481059912876
470	0.00164228721112
477	0.00103520387155
479	0.00107327254375
