344	0.00124254128363
0	0.0126149854849
347	0.00181636889525
343	0.00301113926222
810	0.00299339872546
812	0.00308412007081
817	0.00130966221251
719	0.00243492338921
718	0.00430006950134
716	0.0022834531481
715	0.000606789827097
713	0.00120446129623
712	0.00184422758189
710	0.00253829406819
915	0.00248610627975
736	0.000610788095844
299	0.000542532194249
294	0.00251971884276
295	0.00126466147408
293	0.00123252367952
290	0.000612218950803
291	0.00120815320097
591	0.00306410842669
592	0.00361638163475
595	0.00184636421079
198	0.00060476608299
597	0.000609274861912
596	0.000618271835317
599	0.00126466147408
197	0.000604333361686
196	0.00060476608299
191	0.00182401062183
190	0.00421229316407
193	0.00551028086455
192	0.000594377692865
272	0.00186351714922
273	0.000603925359369
274	0.000704724104738
275	0.00118921418023
277	0.000606789827097
278	0.00181194827714
524	0.000594963580821
526	0.00126268206015
522	0.000618177325908
443	0.00307143210062
442	0.000596772057953
447	0.000631059958914
445	0.000641197412747
444	0.000601373699506
102	0.00180919237462
103	0.00179539832157
101	0.000597833588354
106	0.000556335075102
107	0.00238841286063
105	0.00120932955586
900	0.00183260591203
38	0.00120517676743
904	0.000662744239045
32	0.000604715049681
31	0.00186490218581
30	0.00243815144925
35	0.00133111882054
641	0.00120032226687
643	0.00119001485459
644	0.00181344006133
438	0.0
439	0.000612349985247
648	0.000610239440676
435	0.00244885846419
432	0.000600305538434
433	0.00181558211661
338	0.00180445592136
335	0.0148688299378
334	0.00854243020196
333	0.00189283202353
332	0.00122481150696
854	0.0024106083274
818	0.0
857	0.00186472267815
850	0.00181425242026
851	0.00329831732994
853	0.00181202356265
858	0.00325112377416
6	0.00126466147408
98	0.00482494774418
91	0.00241554887468
90	0.00725741824681
92	0.00125572147627
95	0.000600305538434
96	0.0
740	0.00174120501739
742	0.00549340428792
743	0.00122400602367
558	0.0012019531856
746	0.00487389738429
557	0.00122279033245
551	0.00120222696164
550	0.001844061799
553	0.00119001485459
239	0.00368918842994
236	0.000593809705788
231	0.00300779609447
232	0.00246361385923
233	0.00121449906018
1	0.00119449113101
147	0.00485664378188
618	0.00060898687386
142	0.00309013611775
141	0.000671038640855
612	0.004193876882
617	0.00244210210474
614	0.000680555843418
149	0.000595180806235
951	0.00181354829061
947	0.00183680626393
942	0.000610221582468
940	0.0012191472382
517	0.00314166390345
685	0.000635332843787
684	0.00120956953183
687	0.00426504428409
686	0.000641597334823
680	0.00366696693673
682	0.000598990944033
136	0.000620748114213
135	0.00671487437205
134	0.00120650032781
495	0.00061789609754
139	0.00715134298665
497	0.000599928318835
493	0.00127786743423
24	0.00253437309916
25	0.0018017327345
927	0.0108383038215
28	0.000600305538434
29	0.000593809705788
406	0.00122121849273
405	0.000604483333562
404	0.00122760803412
401	0.0030445031505
933	0.00121004906271
936	0.000609825283872
409	0.00189907053734
379	0.00061789609754
828	0.0
373	0.000704724104738
377	0.00244167754268
704	0.00299588495478
705	0.00123453840324
707	0.00242577069092
700	0.00123092515223
702	0.00182547099735
703	0.00122508782767
393	0.000618177325908
392	0.000639289526871
176	0.000618177325908
82	0.000639289526871
181	0.000704724104738
398	0.000614776990635
86	0.00123173675484
795	0.00272221103735
790	0.00368848666826
798	0.000603710964337
586	0.0128233101156
587	0.000609825283872
582	0.00540029174669
581	0.00183119191556
588	0.000611145049219
589	0.000609274861912
245	0.0078561690499
246	0.00120805865732
241	0.000678602253593
249	0.00189907053734
248	0.00121251303782
511	0.000600305538434
510	0.00239243554339
513	0.00179829291663
1004	0.00358587913456
1003	0.00121781239937
1001	0.00242003976207
516	0.00122620424706
458	0.00179159953145
626	0.0
624	0.000603710964337
450	0.010506560213
629	0.0107810713326
454	0.0042353928192
457	0.000610225068971
178	0.0119966320112
199	0.00301111654671
175	0.00238032453147
174	0.000594963580821
171	0.00122780205305
170	0.00121470491603
977	0.00480523600551
976	0.00126466147408
971	0.00124270523146
180	0.0
978	0.00338153878963
656	0.000704724104738
654	0.00185809911927
2	0.00438548388781
187	0.000618271835317
184	0.00127957191936
185	0.00122581921117
188	0.00533917414514
189	0.00364885312568
658	0.00253551903908
659	0.00122615307801
868	0.00121345077299
13	0.000608551818278
12	0.000610417267834
14	0.0
17	0.00124263231901
16	0.00117448711271
19	0.0
863	0.0
862	0.00189283202353
866	0.000610225068971
883	0.00115463513803
881	0.0
880	0.000605981435746
886	0.000598510544879
322	0.00178096111117
321	0.0018279950531
327	0.000594377692865
324	0.00119321919458
329	0.00242173432948
688	0.00180266594327
201	0.000593809705788
200	0.00248658891093
203	0.0
758	0.00119459163878
771	0.00122507431787
770	0.000601373699506
207	0.00200122316908
206	0.000594963580821
209	0.00122237846637
208	0.000593809705788
779	0.00126166708766
77	0.00183783927822
75	0.00366689708347
74	0.000612218950803
78	0.00370513910524
664	0.000593809705788
663	0.00120612959739
662	0.00308644317561
660	0.000604897463797
692	0.00610968032708
693	0.00126466147408
697	0.00423530601266
695	0.00123707305964
698	0.00360786407412
542	0.00242578878806
543	0.000620748114213
540	0.00603212048762
541	0.00479780410873
546	0.00491489228652
547	0.00135915809701
549	0.00122786285988
995	0.000611145049219
994	0.00179951153185
996	0.0042081545549
991	0.00253702259302
990	0.00184796203717
120	0.00544786334882
122	0.000603122024553
125	0.00179230751348
126	0.000610440347202
127	0.0
414	0.000603479221796
415	0.00489457506142
416	0.00675067233966
410	0.00121023016286
413	0.00121575467337
920	0.000704724104738
923	0.00304298456265
418	0.00120040517391
925	0.000604483333562
926	0.0012133322324
499	0.00720275217548
319	0.00299159633442
318	0.000599330091155
313	0.00122166021077
311	0.00180397813698
310	0.00420090932565
316	0.014270973303
832	0.00180524791
833	0.001840326023
836	0.000611145049219
837	0.00181367041271
835	0.00122542222848
838	0.00127477146733
368	0.000599309119448
369	0.00119991880616
364	0.00180117994374
360	0.000635332843787
361	0.000600305538434
381	0.0035718505351
383	0.00243821580368
386	0.00059731204882
388	0.00060896382194
784	0.00122330157519
782	0.0036804962812
783	0.00305694098941
788	0.00167562141015
789	0.00183072172663
151	0.000603366309075
573	0.00244948272016
572	0.000618271835317
577	0.000596113423631
153	0.000599928318835
575	0.00122576407322
61	0.00679719220515
62	0.00121642790588
64	0.000598255613763
65	0.00121730532799
67	0.00318065717437
68	0.00121145058765
253	0.0
250	0.00119888831077
251	0.000600305538434
256	0.00183745786275
603	0.000542532194249
939	0.0011915318258
731	0.000619592687475
737	0.000593809705788
509	0.000597222810429
506	0.00724752101216
738	0.00244447713259
502	0.00689947289674
500	0.00306391985173
630	0.00191906484697
631	0.000635332843787
633	0.0030637094864
469	0.0101172093287
468	0.000593809705788
464	0.000593809705788
466	0.000612135672561
462	0.00730596966556
168	0.00918638365065
169	0.0012182855867
165	0.00372855471472
166	0.0042861751418
167	0.00266911836724
160	0.00380615684469
966	0.00181638760109
963	0.011003629314
968	0.000601928500692
935	0.00182150926133
908	0.000610239440676
879	0.000592810202773
872	0.000600305538434
873	0.00120082434829
891	0.0070387465454
647	0.00248309608615
896	0.000568734407983
898	0.00060034206341
646	0.00120222696164
356	0.0141026412234
809	0.00120684794374
808	0.000593809705788
353	0.00134592151748
802	0.000618271835317
807	0.0
216	0.00179931422674
214	0.00371845917567
769	0.000611145049219
762	0.00306234218188
767	0.00126466147408
764	0.00361442524742
765	0.00671499699314
957	0.000678602253593
956	0.001809909983
281	0.000644639004293
280	0.0025711140958
284	0.00061100601058
679	0.000599330091155
676	0.000598255613763
670	0.00177302828745
671	0.00060998544573
260	0.00122489349176
267	0.00319015551272
266	0.000612349985247
264	0.000603710964337
268	0.00302310055837
58	0.0
56	0.0012103761101
53	0.00364477832042
537	0.000593809705788
535	0.00181183403859
534	0.0029986925093
532	0.000593809705788
531	0.00240340730705
530	0.00384598393493
538	0.00189283202353
988	0.0013419257756
774	0.00121468891152
980	0.00181080252907
777	0.000568734407983
984	0.00122279033245
985	0.000593809705788
117	0.00120646830832
776	0.000609033816024
113	0.000601373699506
112	0.000629085659579
119	0.000614838534423
118	0.000593809705788
772	0.0060696287325
429	0.00241891571901
428	0.00559820105735
918	0.00359245790413
421	0.00136369097989
420	0.0
423	0.00419092074255
422	0.00123811280947
911	0.000596772057953
424	0.00136369097989
912	0.0024496137546
309	0.000596244964148
855	0.00303839703007
301	0.00134964089445
302	0.000620748114213
306	0.00184138810731
847	0.000634973362054
846	0.00191139551456
844	0.0023915140016
843	0.0012496765367
842	0.000603289677286
840	0.00120082434829
849	0.0029811050663
823	0.00300821548781
568	0.00432383106426
752	0.00182401062183
754	0.000614373484469
561	0.00191139551456
563	0.000614346353615
565	0.0030147334002
566	0.0
987	0.0174319744865
229	0.00061764127741
228	0.00185847117986
223	0.00120575464882
220	0.00183261583305
726	0.000593809705788
724	0.00115357529678
722	0.000601373699506
723	0.000602209837904
720	0.00488057405189
729	0.00061764127741
605	0.00187473204574
607	0.0104953414154
152	0.000614277179257
154	0.000594963580821
157	0.00118583580916
602	0.00122212590209
159	0.00673552673736
609	0.00546515669025
83	0.00061143731626
634	0.00163575251454
958	0.0
48	0.00179639198186
46	0.000599309119448
953	0.000620748114213
952	0.000620748114213
955	0.00181014135884
954	0.000678602253593
40	0.00123707305964
41	0.000602209837904
5	0.00175863448273
488	0.00061789609754
487	0.000594963580821
485	0.00120222696164
483	0.00126194552696
482	0.00181630960925
472	0.00244932589964
470	0.00126466147408
471	0.000600305538434
477	0.00119390181462
