344	0.00612751603442
347	0.00311255528725
343	0.00566551155537
810	0.0
812	0.00277479984237
813	0.00611637164465
349	0.0
817	0.0
719	0.00133622990126
718	0.0115453223267
716	0.0
712	0.00139241697954
710	0.00133207395126
421	0.0
299	0.0
294	0.00536436389128
426	0.00128435526215
292	0.0
290	0.0
291	0.00146969424379
591	0.00165986024177
592	0.00362782653262
199	0.00113215541097
198	0.0011499361025
599	0.0
196	0.0011499361025
191	0.00147521675186
190	0.0011499361025
193	0.00338681163591
272	0.002691505851
274	0.0
275	0.0
527	0.00292369215737
522	0.00165802585814
443	0.00472340037128
444	0.00149940276621
103	0.00142390673414
101	0.0
106	0.00435230246993
107	0.00136776732163
104	0.00128857627165
105	0.00117292287317
900	0.00288573392036
901	0.00137287513848
32	0.00176775744481
31	0.00308524067779
30	0.0025953973602
641	0.00126795964908
643	0.0
438	0.0
439	0.00129854925224
649	0.00135771813218
432	0.0
433	0.0012251772231
338	0.00126795964908
335	0.0
334	0.0016522815209
337	0.0026328808233
333	0.0
332	0.00138480450106
854	0.00267692832321
855	0.00266871050917
851	0.00858940781307
99	0.0
91	0.0
90	0.0118117792571
740	0.00291554185854
742	0.0131418626391
743	0.00256568672155
559	0.0
558	0.00300923624734
746	0.00765916890348
553	0.0
239	0.00136776732163
235	0.00110156162718
231	0.00124723728684
232	0.00906713740236
233	0.00146969424379
147	0.0
142	0.00155849943511
143	0.00161611212629
141	0.00522152679431
617	0.00397591539797
614	0.00369594409536
948	0.0101270578677
949	0.00513719983279
946	0.00386532892869
947	0.0
944	0.00112238168494
943	0.0027904831405
517	0.00499040842477
685	0.0
684	0.00450265114352
680	0.00324204442536
682	0.0
133	0.00257380656416
136	0.00307026726403
135	0.00510980428988
134	0.00249596917729
138	0.00130593155346
491	0.00132447398057
493	0.00448175499805
24	0.00149265105732
25	0.0027656299347
29	0.0
407	0.0
400	0.00137287513848
933	0.00155938190567
936	0.00171571641536
409	0.0
379	0.0
829	0.0
828	0.0
371	0.00132447398057
377	0.0
704	0.00127959381666
707	0.00110156162718
700	0.00427469680047
702	0.00125317697873
703	0.00296756043276
391	0.00304848407946
394	0.00149331694082
82	0.00137287513848
83	0.0123918658122
86	0.00231517848387
797	0.00161611212629
795	0.0
791	0.0035069732765
790	0.00945428220483
7	0.0
586	0.00551826053571
245	0.00261500460847
243	0.00498491849098
818	0.0
418	0.00471240348873
1003	0.00294294894141
1002	0.0
1001	0.00376756029426
516	0.0
624	0.0
450	0.00696917001181
629	0.00899860572395
628	0.00171571641536
457	0.0
178	0.00358830135287
595	0.00330534536552
175	0.0
977	0.00594158729142
976	0.0
971	0.00153920537484
180	0.0
654	0.0
2	0.0
650	0.0
188	0.00535751690133
189	0.00304085961835
184	0.00532794634026
868	0.00666749561101
15	0.00486600328096
14	0.0050651105402
19	0.0
863	0.00137287513848
862	0.00342392502277
881	0.0
880	0.00110156162718
885	0.00287146568119
356	0.00262746461606
322	0.00436770681331
321	0.0
329	0.0
201	0.00129969229845
774	0.0
776	0.00149331694082
771	0.00431811311135
773	0.0
772	0.00124856265171
779	0.0
75	0.00250592117492
70	0.0028503382868
668	0.00461467475437
663	0.00569936124556
662	0.00390904804616
692	0.00294294894141
693	0.00181064972789
696	0.00327773588251
697	0.00651137893022
542	0.00149458520378
543	0.00136776732163
540	0.0089233947719
541	0.00227736429078
546	0.00161611212629
8	0.00161611212629
994	0.0025068019409
996	0.00357894858416
990	0.00152674124269
998	0.0
120	0.00694442761058
125	0.00147521675186
126	0.00795350467585
127	0.0
415	0.00523829329113
416	0.00901385173555
410	0.00400847515556
920	0.00450320570934
921	0.0023156544405
923	0.00777313889786
924	0.00245227541615
925	0.00252101259379
499	0.00150584637079
319	0.0
318	0.00138209948832
313	0.00129501059667
311	0.00129583537069
310	0.00689059956451
316	0.00760656630408
314	0.0
832	0.00562341262198
497	0.0
369	0.00150535002417
362	0.00531896840006
381	0.0
383	0.00262403796696
388	0.00596362850662
784	0.00137287513848
787	0.0
782	0.0124608690797
783	0.0
788	0.00291969751229
789	0.00161611212629
151	0.0
571	0.0238702264529
577	0.00612675975833
574	0.00129969229845
61	0.0181238073553
62	0.0119438216271
65	0.00112039532059
67	0.00915793564751
255	0.00153462219818
731	0.0193471818364
730	0.00133196436763
509	0.0
506	0.00376756029426
738	0.0
505	0.00131341139545
502	0.00494079538649
503	0.00138430148167
500	0.00138480450106
630	0.00457589837889
633	0.00222394331212
634	0.0043670463653
468	0.0
638	0.00430295581855
462	0.0017603998623
168	0.0117115271264
165	0.00915814473463
166	0.00659843812502
167	0.00339012646478
160	0.00451939148966
161	0.00149331694082
163	0.00449941974017
963	0.00152602061003
969	0.00152004878572
935	0.0106907612981
909	0.0
879	0.0014790306302
874	0.00752773687925
872	0.00125317697873
873	0.00124723728684
870	0.00594331419811
891	0.00448316759701
897	0.0
646	0.00299588211494
951	0.0109656305603
808	0.0
353	0.00152343983378
803	0.00131776788035
214	0.00758405913684
767	0.0
764	0.0024931165195
765	0.00652801562165
41	0.00138430148167
671	0.0
262	0.0
260	0.00129854925224
267	0.001508617539
266	0.00129854925224
58	0.0
50	0.0
53	0.00232358712572
52	0.0117205836364
535	0.00299559174453
534	0.00443188375179
530	0.0105559147989
538	0.0
988	0.00186944154893
200	0.00769038315823
987	0.00250495426361
984	0.00535708634674
114	0.0
112	0.00129969229845
207	0.00305244355291
915	0.0186569389478
423	0.00251557298078
422	0.00324204442536
425	0.00516629980197
424	0.0
913	0.00300796685243
912	0.0025982415507
301	0.00149265105732
306	0.0
846	0.00304848407946
844	0.00150219218013
843	0.00133207395126
840	0.00124723728684
849	0.00246834301173
752	0.0
754	0.0
561	0.00152343983378
759	0.00131776788035
563	0.00161611212629
565	0.0
739	0.00161611212629
229	0.0
224	0.00152133087039
223	0.00141536160556
720	0.0030882518115
721	0.00389230222784
605	0.0
153	0.00235642190269
152	0.00114967908018
157	0.00309400410385
602	0.00516953755966
159	0.00606737737445
609	0.00452227169786
469	0.00348807535239
46	0.00137512153494
950	0.00286777451475
953	0.0
952	0.0030747541817
42	0.0027220512377
957	0.0
956	0.00692430531811
5	0.0
485	0.00283079054649
482	0.00124487103018
481	0.0
472	0.0066134567607
478	0.0
