344	0.00297589152433
0	0.000947073024216
346	0.0
347	0.00181843414312
343	0.00269254652156
810	0.000917279494278
811	0.000472411019933
812	0.0023634310663
813	0.00185818069351
349	0.00148246705397
817	0.000980115467422
719	0.0151063299656
718	0.00839369683184
716	0.00139889135473
715	0.00137562505581
713	0.000466865263938
712	0.00140224586783
711	0.000466381043249
710	0.00189728141684
915	0.00591798636884
916	0.000466453646146
913	0.000710670255745
294	0.00421021932221
295	0.000474854967533
292	0.000473709032141
293	0.00327895894397
290	0.000933558806209
291	0.000466865263938
591	0.000917255698112
590	0.000906795249742
199	0.00133208941091
198	0.000468302857282
599	0.00190549983878
598	0.000918335429686
197	0.000443260312157
196	0.000941058528534
191	0.00140280212759
193	0.00142373469803
270	0.000886777547004
273	0.000467239662977
275	0.000846367130392
277	0.000904918709166
278	0.00417589897503
526	0.000977910204142
522	0.000929770764428
528	0.00142805572065
443	0.0012988983295
447	0.000467849176167
445	0.000977763939409
444	0.00040726238673
109	0.000351979761376
101	0.00043982867262
107	0.00413358926353
104	0.0028029268875
902	0.00146949573488
39	0.000462150085603
38	0.000447884977151
904	0.000466381043249
32	0.00138673812161
31	0.00196739761852
30	0.00139819229615
35	0.000986693165363
641	0.00136432294102
644	0.00312011796295
647	0.000493631635251
439	0.000464563999419
437	0.000886777547004
435	0.00327969638462
433	0.00181453048031
339	0.000474854967533
338	0.00274388375367
335	0.000917279494278
334	0.00609337321845
337	0.000926139656308
336	0.000456625702523
333	0.000947073024216
332	0.00558034605803
744	0.000933329031527
745	0.000886777547004
854	0.00040726238673
855	0.00138696565847
857	0.00198546649695
850	0.00493841626721
851	0.00392521990333
858	0.000459442796356
6	0.00142146680673
99	0.00144740812862
98	0.00234555962879
91	0.00227438765695
90	0.0100718072381
92	0.00098837504746
95	0.00181503421052
96	0.0
742	0.00189643802841
743	0.00139928605375
559	0.0
558	0.00319586339812
746	0.00372101745079
748	0.000456625702523
749	0.000946341658071
551	0.00155515476686
550	0.000911254368838
553	0.0
239	0.000927006615884
235	0.00139134215676
236	0.000871354041687
231	0.00407892007797
232	0.00233107031716
233	0.00186628717164
147	0.00370866667802
618	0.000883445445399
142	0.000989099229268
143	0.000489014357553
141	0.00103043065148
610	0.000991670600766
617	0.00139115002178
148	0.000494074452207
149	0.000935007809814
1004	0.000907973207467
948	0.0158405664399
949	0.000466327170899
946	0.000465966632644
947	0.00232024639835
945	0.000886777547004
943	0.000869107220234
940	0.000929324102238
514	0.00267169700513
688	0.0
685	0.00141028299399
684	0.00176869977618
687	0.00282219280749
686	0.000910797482844
680	0.00191912506439
682	0.0031130961418
459	0.000472246484287
133	0.00140876469857
137	0.000470262862173
136	0.00149300415597
135	0.00709880368113
134	0.000907310975976
139	0.00126743713984
491	0.00089629995649
493	0.000979088083474
24	0.0034143416089
25	0.000456198474536
28	0.000908134394563
29	0.000871764476511
407	0.000466654653344
405	0.000473709032141
404	0.000466381043249
402	0.000433087256276
401	0.00283428211597
400	0.000919621404446
933	0.00136236648725
931	0.000451630652037
409	0.00142146680673
379	0.00140343151037
378	0.000444318223091
828	0.000886777547004
371	0.00190675767243
373	0.00149001625875
374	0.00046938057682
377	0.00186636061088
704	0.00132337700536
706	0.000467239662977
707	0.00514594854244
700	0.00331785427474
702	0.00265917262717
703	0.000470262862173
393	0.000434200564497
392	0.00141238692613
391	0.00297076948328
390	0.0
397	0.0014046537421
396	0.000441058174705
82	0.000948422561318
83	0.0
86	0.000431365271045
796	0.000908134394563
795	0.00101081931705
790	0.00465649132104
799	0.00150087246305
586	0.00895481040383
587	0.000451091294342
585	0.0
582	0.00181014322032
580	0.000451928875868
581	0.00281986691817
589	0.00093972830848
245	0.00227091306153
246	0.00043982867262
240	0.000468645584815
249	0.0018590903809
248	0.000455295890797
924	0.00312217703751
518	0.00115093611308
511	0.000902145991917
510	0.000420987491526
513	0.000404961921874
512	0.000488081406712
1003	0.000931376116152
1002	0.000447710594904
1001	0.00360890778215
516	0.0151146303111
458	0.00132508582078
622	0.0
951	0.00373690165389
624	0.00184706489397
450	0.00329320645294
629	0.00972849824635
628	0.000473709032141
454	0.00374371393178
178	0.0132794343187
595	0.00232567342939
175	0.0013130480453
173	0.00133208941091
171	0.00181523356157
170	0.00137073259873
977	0.000884146895711
517	0.00424757859071
975	0.000468144600182
974	0.00514391513426
971	0.0019931694265
979	0.000886777547004
978	0.00149274139171
656	0.000976252789817
657	0.000886777547004
654	0.00356637093551
181	0.00144752069612
650	0.00177862790674
185	0.000454430433431
188	0.000518105496824
189	0.000954735941555
658	0.000982141053059
184	0.00137739444702
868	0.00233289072038
13	0.00176297792277
15	0.000967546664908
14	0.00311124899301
17	0.00099176069239
16	0.0
863	0.0
862	0.00141571918408
865	0.000474001632495
867	0.00048217833761
866	0.000467239662977
883	0.000462661343563
881	0.00269872759086
880	0.00139840592006
885	0.000467849176167
752	0.00141600118485
888	0.00148592344157
929	0.000953438834978
809	0.000908134394563
323	0.000891488037802
320	0.000462922820723
321	0.00221698922488
327	0.000886777547004
324	0.000471597853766
329	0.00137146430411
201	0.000445311863904
200	0.00497639400996
777	0.0
758	0.000881261659583
207	0.00691340246573
772	0.00280252305012
779	0.000466654653344
77	0.00186499070676
75	0.001410051662
74	0.00655554134368
73	0.000437558098384
71	0.000465119677427
70	0.0018023769374
78	0.00236316865317
2	0.00189851773485
668	0.00046515009078
664	0.00045898537127
663	0.000906155064057
662	0.00326994700415
692	0.00468020003505
693	0.00236318668545
696	0.00279366766731
697	0.00184281704475
695	0.000463830816163
698	0.000908134394563
542	0.000432221766411
543	0.0019931694265
540	0.00502254152297
541	0.00268824353157
546	0.00136977690632
8	0.000493179238963
995	0.000478153157174
994	0.00136508706712
996	0.00177312540067
991	0.00137892664472
990	0.00391185177897
120	0.00468154659558
122	0.00137954154484
124	0.00040726238673
126	0.00236057186713
127	0.00186539001133
129	0.000456625702523
414	0.000983458052762
415	0.00468430265297
416	0.00326272154533
920	0.00294641784165
921	0.00223058963033
922	0.0
923	0.0157177866701
418	0.000442186650569
925	0.00136858089066
926	0.0036573572698
499	0.00271888632766
319	0.00224250440046
318	0.00273320752553
313	0.00233600160532
311	0.000908134394563
310	0.000913783334301
316	0.0167316663372
314	0.000947989530817
832	0.00179594317562
833	0.00361246660272
837	0.00268843951375
835	0.000466659507126
838	0.000494743412209
369	0.00246935986862
367	0.000462150085603
365	0.000928264230733
362	0.00141426529459
360	0.000977910204142
361	0.000908134394563
381	0.00176053314547
383	0.00377945821325
387	0.000507011938772
388	0.000449822677121
784	0.0
780	0.00088938222841
782	0.00625685138471
783	0.00355892156845
788	0.0
789	0.00136121929495
151	0.000462150085603
573	0.00140941572281
572	0.000468038724476
577	0.00319346783789
576	0.00133208941091
575	0.00092417690166
60	0.000463830816163
61	0.0046341701307
62	0.00259935531125
65	0.00284137883198
67	0.00297075432152
68	0.000908134394563
69	0.000447884977151
250	0.0013981567538
251	0.00136135022501
256	0.0018687646337
257	0.000918963494884
731	0.0038604992925
730	0.000471597853766
732	0.000461883187484
509	0.000449822677121
506	0.00847879427438
738	0.00446782833224
502	0.00381920540681
503	0.000439978307088
500	0.00323487422804
630	0.00243442585437
631	0.000487619649195
633	0.00324001271315
469	0.00152058502961
465	0.000947459782493
464	0.00136925044171
466	0.000953776191376
900	0.00187558061664
168	0.00557624971421
169	0.000924585467922
165	0.00437762878428
166	0.00233779938699
167	0.00403786518187
160	0.000953518006345
161	0.000465898357151
163	0.00109565348773
965	0.000470781398267
966	0.00138016215352
962	0.000493631635251
963	0.000496824551722
969	0.000466381043249
935	0.00186453329957
878	0.00095560016327
879	0.000461007768469
874	0.00317733736984
875	0.000462150085603
872	0.000908134394563
873	0.00227090317172
870	0.000948422561318
890	0.00324376011355
891	0.00243763922543
895	0.00187038623214
898	0.000457415506572
899	0.000434418662556
646	0.00244097908599
648	0.00233642742881
356	0.00793523741811
355	0.000455571237508
353	0.000980338458023
351	0.00246992590579
803	0.000472246484287
800	0.000432221766411
806	0.000493631635251
359	0.000474854967533
216	0.00267631444943
214	0.0088055601893
769	0.000457415506572
955	0.00181769266852
761	0.00132662632802
767	0.00142019584976
764	0.00225694490553
765	0.00279808272281
957	0.000507011938772
289	0.00045898537127
288	0.00345286994758
4	0.000951036896556
280	0.00388611967371
284	0.00144809881352
674	0.00094404389371
671	0.000468144600182
672	0.000444026227426
260	0.00139678952747
267	0.00286225975584
266	0.000465966632644
264	0.000895682259566
268	0.00280086936332
58	0.000465898357151
56	0.00137156013965
50	0.0
53	0.00138974864988
52	0.00420355093253
535	0.00286352570875
534	0.000878402998098
532	0.00175986061429
531	0.00136121929495
530	0.00584550633795
539	0.000464995923324
538	0.000947073024216
775	0.000468188500897
988	0.000973632768241
774	0.000463830816163
980	0.00321327694247
987	0.013164754034
984	0.0032874073654
114	0.000919536497587
117	0.000466865263938
776	0.00186264394634
113	0.000404961921874
112	0.00282918628847
119	0.000947459782493
118	0.00231006261937
773	0.000494847768738
429	0.00187873678971
428	0.00297070575252
918	0.000906004874293
421	0.000468551672937
420	0.0
423	0.00220450441162
422	0.00193242827739
425	0.00978622868499
424	0.0015051007852
427	0.000453910992327
912	0.00559600959993
302	0.000493631635251
306	0.000938428768175
846	0.00197182027737
844	0.00134410561937
843	0.00139979736223
840	0.0159309086724
849	0.00225100786003
823	0.000371249769155
568	0.000467968171704
569	0.000947073024216
751	0.000943844338053
750	0.000487619649195
561	0.000487619649195
759	0.000466203279561
563	0.000483492500143
565	0.00219407827478
566	0.000944888660611
229	0.00140558747771
228	0.00142522618139
224	0.000493631635251
223	0.000466381043249
220	0.00046400401285
724	0.0018510280023
722	0.00040726238673
723	0.000877018428948
720	0.0013890643461
721	0.00279944113194
605	0.00990702456809
607	0.00139455288903
152	0.000431365271045
600	0.000444026227426
157	0.00181936728731
602	0.0013998699943
159	0.000462150085603
609	0.00557853573238
976	0.000947073024216
634	0.0
48	0.000896616951694
46	0.000409779784478
950	0.0017840825927
953	0.000493631635251
952	0.00348627556394
42	0.000444702634161
954	0.00100247953279
40	0.00374294875412
956	0.00444983381352
638	0.0013837722045
5	0.00226054503278
488	0.000463830816163
486	0.00147762569484
485	0.00163335409062
484	0.00294045911669
482	0.00139849385827
480	0.000908134394563
472	0.00699862007592
470	0.000947073024216
476	0.000462150085603
479	0.00185393853821
