344	0.00339831667836
0	0.00223259586824
347	0.000565437015057
341	0.00113054813576
343	0.00168737034307
810	0.00159758227695
813	0.00225935292814
814	0.000565597930454
349	0.00113196281448
817	0.000565444715589
719	0.00107649751723
718	0.00788410942759
716	0.000560434753044
715	0.0011274508476
710	0.000558176308663
294	0.00170090969916
293	0.000562483993186
290	0.000565139297279
291	0.0022621480541
591	0.00506023716721
590	0.00113128789172
592	0.00282529699233
199	0.00323313702291
599	0.00113007852185
197	0.00169535861649
196	0.00282996648737
191	0.00224599579832
190	0.00112403213104
193	0.00225290179036
270	0.000538013547196
271	0.000565259474945
272	0.000566094768926
275	0.00165876767132
277	0.00169391186694
278	0.00337205113474
526	0.00170035426284
527	0.00113098883693
522	0.000563954165155
528	0.000344961376093
443	0.00282431621737
440	0.0
447	0.00170159486935
445	0.000567376145663
102	0.00056200983002
103	0.00202924008188
101	0.000491095225494
107	0.0043749345361
104	0.00340297824458
105	0.00107565921306
900	0.000564633482137
38	0.00333337516221
31	0.00113208441035
30	0.000569800095708
35	0.00112005551851
641	0.000559060028482
643	0.000567386717654
644	0.00106268241312
646	0.000568198639105
649	0.000558738080551
437	0.00107483476971
435	0.00169867761244
432	0.000559060028482
433	0.00111903953288
338	0.00167974407628
335	0.0015664964667
334	0.00898993928461
332	0.00283434171024
558	0.0045389830343
854	0.00397590322971
855	0.00167113351339
857	0.00282501840474
850	0.00222547351808
851	0.00169275391863
858	0.00056611161702
6	0.000541124001917
98	0.000565348524925
91	0.000563110758408
90	0.00784447334093
92	0.000565750813383
95	0.000559060028482
740	0.001111754414
742	0.00451473799609
743	0.00450174589043
559	0.00185225984428
745	0.000538013547196
746	0.024261282747
551	0.000568198639105
550	0.00169993142678
553	0.00217828199407
552	0.00112100707706
239	0.00223718240581
236	0.0
230	0.000565437015057
231	0.00504898635232
232	0.00170183164568
233	0.00112380462413
147	0.0107374030065
142	0.00337970794606
617	0.002249087029
614	0.00169732302085
149	0.000565063408368
1004	0.00050935906999
948	0.00735612887273
946	0.00283559313717
945	0.000538013547196
943	0.000344961376093
940	0.0016904001507
517	0.00565566521301
685	0.00113401478003
684	0.00793370136334
687	0.00506765227917
686	0.000565437015057
680	0.00226309933579
682	0.00215507808914
133	0.000565570667075
136	0.00508743460376
135	0.000564490097821
134	0.00113207286521
497	0.00104352216898
491	0.000544872792881
493	0.00113360924879
24	0.00395278184875
25	0.000567693415201
28	0.000559060028482
407	0.000566119861358
939	0.000555473218853
404	0.000564239231039
401	0.00113176763353
933	0.000565437015057
931	0.000565437015057
936	0.00170840801503
935	0.00225944806263
934	0.000562765067959
379	0.00056560190841
378	0.00154824254942
828	0.00430133440017
372	0.000564239231039
377	0.00143673486681
708	0.000475920519627
704	0.00226412205213
707	0.000570794426821
700	0.00111408952313
702	0.00107485635106
703	0.00056362509994
393	0.000566119861358
392	0.00113190754252
391	0.000567376145663
394	0.000568198639105
83	0.00056362509994
86	0.000565140085138
84	0.00111794489656
794	0.000568419305693
790	0.00675087984354
7	0.000531503272108
586	0.011873260415
585	0.00169429701643
582	0.00168295068641
581	0.000564633482137
245	0.00168162435953
246	0.000491095225494
243	0.000563407592556
249	0.00109930031058
248	0.00112664230161
924	0.00376611151012
510	0.000417747149578
513	0.000568198639105
512	0.0
1003	0.00169173401976
514	0.00360193990071
1001	0.00262966627372
516	0.00377129177308
458	0.00170213990252
622	0.00168004135955
951	0.00388311859893
624	0.00168395249614
450	0.00225387302766
629	0.0130156875159
628	0.000560434753044
454	0.00508611876667
178	0.0022479757844
595	0.00338383880516
175	0.00164159951362
173	0.00382074152511
171	0.00169655670551
170	0.000556965657535
977	0.00460045005986
976	0.00113173443408
972	0.000565437015057
971	0.00169774054743
180	0.0
979	0.000538013547196
978	0.000565455564894
656	0.000565453632026
657	0.00270347516824
654	0.00593188173098
2	0.00224615924765
186	0.0
187	0.000563411642626
650	0.00215507808914
185	0.00169111314959
188	0.00282568769611
189	0.00225744128686
658	0.00113270008593
659	0.00168857373961
184	0.00113171097595
10	0.000539981469016
13	0.00271768414384
15	0.00169822894387
14	0.00268838718107
17	0.0011282204977
862	0.00224309498244
866	0.000475920519627
883	0.00282405321675
881	0.00269074701164
880	0.0011409256978
809	0.000559060028482
321	0.00113444648732
326	0.00169537467981
327	0.0010760708546
324	0.00168351008814
329	0.00168611322288
201	0.000546419071831
200	0.00169821509494
776	0.00450131824898
771	0.00281688121716
207	0.00226683938985
206	0.000519456763025
208	0.00050935906999
779	0.00113235419073
75	0.00449511100099
74	0.00510120382064
73	0.00113510949163
70	0.00393502181561
669	0.000562483993186
668	0.00225979778434
663	0.00167606611958
662	0.00113156158744
692	0.00281238057903
693	0.00225805850719
697	0.00167176551957
698	0.000559060028482
542	0.00169484094072
543	0.00169491417388
540	0.00389988123287
541	0.00270250686593
546	0.00169994574129
547	0.00169537410379
994	0.0016846470478
997	0.00112410802399
996	0.00323581288884
990	0.00112678069423
868	0.000562765067959
120	0.00677091715117
122	0.000562923604525
125	0.000417747149578
126	0.00395952013196
127	0.00338109521481
414	0.000566291442217
415	0.0162971526561
416	0.00905521777664
410	0.00169527600003
920	0.00113027461445
921	0.00160073972052
923	0.00841394635992
418	0.00158493303535
925	0.00167331529322
926	0.0028186863594
499	0.00283093486574
319	0.00227045482846
318	0.00170191567718
313	0.000567121213531
311	0.00111612586643
310	0.00104563409595
316	0.0118742884668
832	0.00312528148395
833	0.00225498450678
837	0.001075203098
834	0.00112899625896
838	0.00283063623204
369	0.00170672476449
366	0.000567569837422
364	0.000559060028482
362	0.00112303776654
360	0.00113338812646
361	0.000559060028482
380	0.000565673461536
381	0.0026941969213
383	0.00168351848342
388	0.00555937819098
780	0.00205760161941
782	0.00847410046811
783	0.00433039311729
788	0.000477058336566
789	0.00112073868277
151	0.0011227926605
573	0.00113160382086
572	0.000562483993186
577	0.00167944272708
576	0.00161762151915
575	0.00113680588775
61	0.00450928539212
62	0.00624541045591
67	0.00340222460739
68	0.000559060028482
69	0.00162407472319
250	0.00113040614733
251	0.000559060028482
731	0.00395741705615
730	0.00113345269996
732	0.000515765748818
735	0.00112384556581
737	0.0
509	0.00149471477795
506	0.0081268342973
738	0.0177805149424
502	0.00900271332443
500	0.00452254317883
630	0.00113360924879
631	0.000566233103129
633	0.000565455564894
469	0.0
638	0.00275775065464
464	0.000560434753044
168	0.0022618436144
164	0.00111360116912
165	0.00622609201411
166	0.00339440850033
167	0.0
160	0.00113338812646
966	0.000568773241219
961	0.000561678654284
963	0.000567394844646
908	0.000567416564091
909	0.00112276620075
879	0.00165861790676
872	0.000559060028482
873	0.000559060028482
890	0.00224788042381
891	0.00169785344891
648	0.00452751456847
356	0.00566425944205
355	0.000565437015057
808	0.000544019616322
353	0.000562193022969
803	0.000566156729134
802	0.00112712822012
800	0.000568198639105
804	0.00215270652745
216	0.00226936110897
214	0.00677802189664
769	0.000564633482137
762	0.00113127139199
761	0.00107483476971
764	0.000559060028482
765	0.0034025310077
956	0.00283784891271
288	0.00396897452044
4	0.000563303477844
280	0.00169487355138
285	0.000565437015057
284	0.000565674143129
679	0.00113459418266
674	0.00339808024279
676	0.00078075810431
670	0.00219371489386
672	0.000567706958433
262	0.000520725378913
267	0.00452429689721
268	0.000565865230149
56	0.000559060028482
50	0.000461582915294
53	0.00337391307238
52	0.00113281399934
537	0.0
535	0.00113781091627
534	0.00393250974686
532	0.00324648099014
531	0.00112008990933
530	0.00508873245159
538	0.000562905725305
775	0.00112668876788
988	0.0
980	0.00112844426298
987	0.0184480572261
984	0.00169798745357
111	0.00112805339349
112	0.00396758901955
118	0.00103479429667
773	0.00107012727655
772	0.0118075406748
429	0.000565434036565
428	0.00731543433823
918	0.00113518181766
915	0.00564698228572
423	0.00246774554083
422	0.00283039261057
425	0.00453432191157
424	0.000560668432131
912	0.00339849974846
309	0.000555473218853
302	0.00169514140071
305	0.0011337289613
306	0.0045068866856
846	0.00170073931296
844	0.00170052019884
843	0.00282870063149
841	0.0
840	0.000559060028482
849	0.00219555006842
568	0.00113050150508
752	0.0011284256715
508	0.000541124001917
561	0.00283372820453
759	0.000567118934897
758	0.00397095814984
565	0.0028360505509
739	0.00113016424095
229	0.00225693461316
228	0.00113007852185
223	0.00281041753546
220	0.00225158466007
724	0.0028206354825
722	0.0
723	0.00227007423644
720	0.00507848036997
721	0.00339716845905
605	0.00169529503292
150	0.00169239954503
607	0.01409725345
157	0.00508535991658
602	0.00339188219172
159	0.00677412474073
609	0.00617697267806
634	0.00143479418384
958	0.0
48	0.00397278937534
46	0.000732531546984
950	0.0041396613441
953	0.000565750813383
952	0.00339483826737
955	0.00165028896542
40	0.00281586831808
41	0.00170242566515
5	0.00109076259099
485	0.00170600955538
483	0.0
482	0.00168277559092
480	0.000559060028482
472	0.00226925263134
471	0.000564506527357
474	0.000555473218853
