344	0.0027467703067
0	0.000880690020868
347	0.00132704569475
343	0.00172824038235
810	0.00172929524964
811	0.00089598860653
812	0.00043957337496
813	0.00308991563489
814	0.0
349	0.00276753780286
817	0.00187711323388
719	0.00173281975449
718	0.00311193737247
716	0.000444653005226
715	0.0
713	0.000442447983881
712	0.00132890540452
710	0.00130867313525
915	0.00909882733104
913	0.00166101731887
299	0.000392360744585
294	0.00225689423393
295	0.000440944976346
293	0.00226800440467
290	0.000437735564168
591	0.00177248906047
595	0.0040271537651
599	0.00131859132118
197	0.00132473278296
196	0.000859099975251
190	0.00276337513249
193	0.000432014188886
192	0.000858089369629
270	0.000433989304305
272	0.00223254347754
273	0.00043721040157
274	0.000461546693232
275	0.000425369774507
277	0.00133078691947
278	0.00131408893098
526	0.000453309530709
527	0.000857958013212
522	0.000892472184644
523	0.000440215900116
528	0.000888957763086
443	0.00175752904912
441	0.0
440	0.000422628111398
445	0.000453309530709
444	0.000417779560008
109	0.000440895926399
102	0.000439745044521
103	0.000435534302724
101	0.00128739691993
106	0.000784073338218
107	0.00261472625233
104	0.00176337633077
105	0.00087132495833
900	0.00176774602754
38	0.000418445523245
906	0.000856090110243
907	0.00039867975971
33	0.00175620248173
32	0.00178892947314
31	0.00276749561067
30	0.0013197076335
35	0.00235488996644
641	0.00129564329375
643	0.000425409955877
644	0.00389948447627
647	0.00137959286416
439	0.00352477067063
649	0.00124873471495
437	0.000866668718057
435	0.00177020125979
432	0.000864426423873
433	0.00129448295822
431	0.000478496335153
339	0.000440944976346
338	0.00259962606644
335	0.00980248006122
334	0.00751825019583
337	0.00171981785652
333	0.0013227451996
744	0.000880223364842
745	0.000866668718057
854	0.00124612646574
855	0.00130758166859
857	0.00458893285439
850	0.0061256931291
851	0.00898488319489
819	0.000436932855126
6	0.000874397817758
99	0.000440944976346
98	0.00442460946352
91	0.000874800614755
90	0.00536165883081
92	0.000923937859738
95	0.00129451044296
96	0.00039578032368
740	0.00171365068373
742	0.00702734426032
743	0.00177295365324
559	0.0011757865658
558	0.000445599104874
746	0.0048963753655
748	0.0
749	0.00219941955311
551	0.00166664242741
550	0.00133564577173
553	0.000425409955877
552	0.00139936199741
239	0.00133641687215
236	0.000425409955877
231	0.00655533121133
232	0.00351810882492
233	0.00218662559333
147	0.0013253775647
142	0.00320409224956
143	0.00144668703964
141	0.000948952451081
610	0.000453309530709
611	0.0012988465056
617	0.00132978767874
614	0.00237938011778
149	0.000877456197497
951	0.00354331401597
1004	0.00171767593833
948	0.00572754611136
949	0.0004403587568
946	0.00175986289777
947	0.000888401815819
945	0.000433989304305
942	0.00129822187783
943	0.000794272266471
940	0.000887747336447
514	0.00168786995223
517	0.000451185274178
685	0.00133000329408
684	0.00176919757362
687	0.00132499066661
680	0.00088714899554
682	0.000433989304305
132	0.000814390973912
137	0.000438339361607
136	0.00230266298126
135	0.00485780432823
134	0.00219301521807
139	0.000425529283181
490	0.000446354475866
493	0.000914041696035
24	0.00362651061139
28	0.00173508245336
29	0.00215597168314
407	0.00039867975971
939	0.000869032562455
404	0.000447719949912
402	0.00240507706987
401	0.00180291859871
400	0.00260543027847
933	0.000442374266397
936	0.00170415550333
409	0.000440944976346
378	0.00127256407417
828	0.000866668718057
371	0.000441549659498
824	0.000475673359575
373	0.00137964999101
372	0.00132211042404
374	0.00130803144952
377	0.000457686573598
376	0.000446291082682
704	0.00177465586227
705	0.000879802371454
707	0.0044217280139
700	0.00133378733848
702	0.00866342532056
703	0.000879938998951
393	0.00039867975971
391	0.00275132077351
390	0.000874799043593
397	0.0
394	0.000438314734822
82	0.00087319788048
181	0.000461546693232
86	0.000439185927971
796	0.00130021952378
795	0.00332162022539
790	0.00395850612638
799	0.00124749552622
607	0.00310206555044
586	0.00981577444689
587	0.0
584	0.000446291082682
585	0.00138235393553
582	0.000864426423873
581	0.00172814329116
589	0.000444607455917
245	0.00740361459351
246	0.00128739691993
241	0.0014276335978
249	0.000440944976346
248	0.0017467763715
924	0.00173645785636
518	0.00921849813962
513	0.000417779560008
512	0.000948952451081
1002	0.000432897856753
1001	0.00218320538574
516	0.00306083853363
626	0.000436563777806
624	0.00130139955792
450	0.00530524241545
451	0.000477139699121
629	0.011771163151
628	0.000441549659498
454	0.0017758584631
178	0.0136712138756
199	0.00216965510182
175	0.00170477288233
173	0.000433989304305
171	0.000883081624676
170	0.00218018632707
977	0.00297174241763
976	0.0013504381147
975	0.0
971	0.00183791179349
180	0.0
979	0.000433989304305
978	0.0108431475582
656	0.000461546693232
657	0.000869782404217
654	0.000874688594185
2	0.000876240100145
652	0.00039867975971
187	0.000442047339953
650	0.000866668718057
185	0.000454897566278
188	0.00238170650924
189	0.00133445144792
658	0.00272833196918
659	0.000875554100881
184	0.00167817705924
869	0.0
868	0.00265983937795
13	0.00175760171674
15	0.000889879509203
14	0.00216919872484
17	0.000915575626516
861	0.0
863	0.00393239383932
862	0.0017808543687
865	0.000441320415242
866	0.0
883	0.00124473990954
881	0.00262443558117
880	0.000882929413854
887	0.000452673396331
885	0.00178159944952
752	0.00129237223919
888	0.0018470400357
929	0.00176693302323
322	0.000409172441823
320	0.00039867975971
321	0.000441628074549
326	0.0
327	0.00215757141115
324	0.00129836495214
329	0.00173399341375
688	0.000425409955877
201	0.000824089715587
200	0.00460125292692
203	0.00043854613837
776	0.000438314734822
771	0.000873278532457
207	0.00513019998841
772	0.000886242819609
208	0.000425409955877
77	0.000880433826049
75	0.00356590478405
74	0.000900781766793
73	0.000899777451425
71	0.000447719949912
70	0.00217278870278
78	0.00132779579587
669	0.000971472297747
668	0.00223049449092
664	0.000860871804665
663	0.00171319567948
662	0.00132139511608
660	0.000442047339953
692	0.00219771699095
693	0.00086974532108
696	0.00266593972735
697	0.00218999280549
695	0.000442047339953
698	0.000864426423873
542	0.00127216813659
543	0.000920370831498
540	0.00739018147305
541	0.00130014679606
546	0.00178803721807
547	0.00994757264381
544	0.00145989991447
8	0.000487975440075
994	0.0012986465836
997	0.000441320415242
996	0.00173664478297
991	0.00176319611729
990	0.00786791794123
993	0.000436563777806
120	0.00441497340598
122	0.0
125	0.0
126	0.00264635842667
127	0.000447719949912
414	0.00044488774595
415	0.00587719209165
416	0.00398417891213
410	0.00085476371085
920	0.00095080985767
921	0.00348898683551
923	0.00440056532453
418	0.00174420437607
925	0.00216780635268
926	0.0
499	0.00132516140872
319	0.0013000497137
318	0.000443655659378
313	0.000440895926399
311	0.00173424822073
310	0.00174347143653
316	0.0114743122117
315	0.000455411395033
314	0.000882663537295
832	0.00676749274759
833	0.00089639949325
830	0.00044488774595
837	0.00131302319392
835	0.000436981524518
838	0.0027584582426
369	0.00124640302508
367	0.00267781678324
364	0.000438822159703
362	0.00177642252316
360	0.000453309530709
361	0.000864426423873
952	0.0022984900177
381	0.00172447674496
383	0.00271260712758
387	0.000927493935434
388	0.000438990323075
784	0.00526551643772
780	0.00211093626039
782	0.00218555773853
783	0.00174103016585
788	0.00118133039811
789	0.0129734161084
151	0.0
573	0.000897174434368
572	0.00132288016636
571	0.0083322084353
576	0.000871292661059
61	0.00265865026442
62	0.00251583938368
65	0.00617999910998
66	0.000878342258711
67	0.00320929041542
68	0.000864426423873
253	0.0
250	0.00168464200267
251	0.000864426423873
256	0.000881755022038
257	0.000446354475866
157	0.00264379591207
731	0.00356899041561
737	0.000425409955877
736	0.00175789743963
506	0.0047726483375
738	0.0147702667555
505	0.000429332389688
502	0.00307940571274
500	0.0
630	0.00502601635652
631	0.000909251418567
633	0.00177356855187
469	0.00855138880731
468	0.000425409955877
638	0.00131118740392
464	0.000849090743617
901	0.00043854613837
168	0.00528456765259
169	0.00133776326058
164	0.000794272266471
165	0.0055071239321
166	0.000443173587082
167	0.00379202776458
160	0.00314979822288
161	0.000884669210688
163	0.000831586065397
962	0.00134318943076
963	0.000900708542453
969	0.000866807104769
935	0.00221449646452
908	0.000440215900116
909	0.000899389835539
878	0.00133535011728
879	0.00123143603327
874	0.00303864654634
872	0.000864426423873
873	0.00260097291993
870	0.000874534041654
890	0.00131261382714
891	0.00400266168835
895	0.00124749552622
896	0.0
897	0.000430925526545
899	0.000425409955877
646	0.00250438293794
648	0.00310161097153
356	0.00132058613348
809	0.000864426423873
353	0.000920990016572
351	0.000915575626516
802	0.000442047339953
800	0.00166095848989
807	0.000865174908392
359	0.000440944976346
804	0.000437004023263
214	0.0110370402872
769	0.000436563777806
762	0.000908350607753
955	0.00302902122054
761	0.000866668718057
767	0.00132442211695
764	0.00303763665973
765	0.00440464433086
957	0.00190091268931
956	0.00179628019967
289	0.000431820667603
288	0.0027448726767
4	0.0
280	0.00455193174745
284	0.000446291082682
676	0.0
670	0.00173664856664
671	0.0
260	0.00263883393534
267	0.00360608504909
266	0.000880433826049
264	0.00130067970521
268	0.000885852471255
58	0.000446354475866
55	0.000893807720512
56	0.000864426423873
50	0.000389828287752
53	0.00216720701045
537	0.000847081525856
535	0.00208097941342
534	0.00259620741989
532	0.000433989304305
531	0.0013096544212
530	0.00313399939208
538	0.00132269351912
775	0.000433452841412
988	0.00190526759845
980	0.000849090743617
987	0.013862038909
985	0.000425409955877
114	0.0
117	0.000442447983881
111	0.000438314734822
113	0.00166674239427
118	0.000865190126831
773	0.000458305508783
429	0.0017903990419
428	0.00414783192889
918	0.00044991288038
421	0.00285275971355
420	0.0011928676653
423	0.00212808383169
422	0.000446291082682
425	0.00528938155403
424	0.00378687842199
427	0.00043210147919
912	0.00616455321832
309	0.00127895178847
300	0.00043854613837
301	0.00237938011778
302	0.00230774014216
304	0.0
305	0.000439701680509
306	0.00175603723579
846	0.00228235644959
844	0.000895706824689
843	0.00320454900295
841	0.000445227997326
840	0.00303734376779
853	0.000432603985165
849	0.00258433723672
823	0.000833853401771
568	0.000442047339953
569	0.000440944976346
751	0.000451185274178
750	0.000907286807846
754	0.00039867975971
561	0.000909251418567
758	0.00134930946538
565	0.000445599104874
739	0.000941183431271
229	0.00221006449129
228	0.000440944976346
226	0.000871025076135
225	0.000856558878942
224	0.00092229063273
223	0.00129920944252
220	0.000887207533847
88	0.00128662085694
724	0.00260659909494
722	0.000831597210388
723	0.00134965583511
720	0.0022169848839
721	0.00397002591104
605	0.00220231998554
150	0.000905996110692
153	0.000869408632764
601	0.000432221365144
603	0.0
602	0.00132323776368
159	0.000441392860581
609	0.00265600861029
83	0.00130888064304
634	0.0023663932532
958	0.0
48	0.00311827529409
46	0.0
950	0.00168786995223
953	0.000923937859738
45	0.000878342258711
42	0.0008332725579
954	0.00237690200787
40	0.00177469489796
41	0.000899777451425
5	0.00128952543893
487	0.000422030229327
485	0.00207969135331
484	0.00182874493643
483	0.00043081549125
482	0.00129564329375
480	0.000864426423873
472	0.00131971155317
470	0.000440944976346
478	0.000451185274178
479	0.000446354475866
