344	0.00222617253511
0	0.0029029743065
347	0.00136658280803
343	0.0
812	0.00141166717471
817	0.000765604143604
719	0.000710751248839
718	0.0022014033995
716	0.00146281240914
713	0.000705473875703
712	0.00143748619245
711	0.00072355994664
710	0.000727297207238
915	0.0177697711451
910	0.000698099552818
299	0.00145237991396
294	0.00341149259618
295	0.000727297207238
292	0.0007136246805
293	0.000740896855089
290	0.00070593895123
291	0.00142638484843
591	0.00145167873303
590	0.000673137110043
592	0.000705473875703
595	0.00435204289512
597	0.000710751248839
596	0.00286005278923
195	0.0
197	0.000722049300927
191	0.00071482205363
190	0.00468169362377
193	0.00139833564689
270	0.000710751248839
272	0.000715253161837
274	0.000784091981312
275	0.000746071269088
277	0.000673137110043
278	0.000705473875703
526	0.00150753505922
522	0.00147735792795
599	0.000727297207238
443	0.00211872327682
440	0.00286997464714
447	0.00135795023451
444	0.000684638267633
103	0.000725276060823
101	0.00217975014935
106	0.00060327987727
107	0.00708129257757
104	0.00272975798721
105	0.00142597237523
900	0.00505168405082
38	0.0
904	0.000735327963776
32	0.00223161421144
31	0.0029607846959
30	0.00136566187301
37	0.000681265585827
35	0.000765604143604
641	0.000722049300927
644	0.00142014278203
647	0.00296578563142
439	0.000676900952855
437	0.000710751248839
435	0.00339925794401
432	0.000722049300927
433	0.000722049300927
338	0.00146522939005
335	0.00212745489231
334	0.00729698010015
337	0.00143041576933
333	0.000727297207238
332	0.00407918744559
558	0.00140182557564
855	0.00284184703997
857	0.00368368473718
850	0.00211669621751
851	0.00377394585792
852	0.000715777518522
819	0.0
858	0.000722233030611
6	0.00144826692951
98	0.00706235533073
91	0.00151053030022
90	0.0112162008526
92	0.00148227745246
95	0.000722049300927
740	0.00121291124773
742	0.0028871147061
743	0.0027820365452
559	0.000720060774556
745	0.000710751248839
746	0.00143715383419
748	0.000663165535129
557	0.000677409615236
550	0.000742029964174
553	0.000707536231402
552	0.000765604143604
236	0.001434526491
230	0.000673137110043
231	0.00437662993349
232	0.0020365428502
233	0.00142725213339
1	0.00060327987727
147	0.00877423988641
618	0.000699855678343
142	0.00148227745246
141	0.00228588530961
613	0.000699582321158
617	0.00213354833415
614	0.000765604143604
1004	0.00144202728466
949	0.00345029884913
947	0.0021566780106
945	0.000710751248839
942	0.00213388825067
943	0.000710590612844
940	0.000715777518522
517	0.00070820827632
685	0.00150851472755
684	0.00351374292889
687	0.00285731505788
686	0.000673137110043
680	0.004264820193
682	0.00353251266409
132	0.0
137	0.000708771937509
136	0.00297891694565
135	0.00922885163772
134	0.0021289941515
495	0.00146350842603
491	0.000718658985343
493	0.000752145666647
24	0.00150753505922
28	0.000722049300927
29	0.00141371982459
407	0.00144807544684
939	0.0
404	0.00216641212332
402	0.00143956085773
401	0.00220127582906
933	0.00208312504486
936	0.00141968762366
409	0.000727297207238
453	0.000725517516015
379	0.000722611570944
829	0.0
828	0.000710751248839
371	0.00353842526356
373	0.000784091981312
372	0.00216040682796
377	0.0014606040246
704	0.00349426323911
707	0.00210049998097
700	0.000705026497289
144	0.000700194370156
702	0.00141094561899
703	0.000709466853589
392	0.000696940280646
82	0.000709466853589
181	0.000784091981312
86	0.00141361806244
796	0.000721539032533
795	0.00154173505993
791	0.0
790	0.0028326193591
607	0.0130963878335
586	0.00951050526194
587	0.000709455413609
582	0.00144485854742
580	0.0
581	0.002837095943
245	0.000722049300927
246	0.00145219415647
243	0.000728671868097
249	0.000727297207238
924	0.00142014278203
510	0.0014461018987
512	0.00153295435471
514	0.0021582671046
1001	0.00142843500098
516	0.0028411351296
458	0.000699855678343
622	0.0
450	0.00288221334085
629	0.0142551025562
628	0.000709466853589
454	0.000717352902287
178	0.0188978325342
199	0.000710751248839
175	0.00215812149793
173	0.000710751248839
171	0.00133522837811
170	0.00141948083492
977	0.00358976354717
976	0.000727297207238
972	0.000673137110043
971	0.00148227745246
180	0.0
979	0.000710751248839
978	0.0183104209191
656	0.00152178214967
657	0.000710751248839
654	0.00214221285547
2	0.00361331179218
187	0.00143003416493
650	0.00141650184736
188	0.0060079420016
189	0.00438078051653
658	0.00147080465199
13	0.00142036551613
15	0.00213299399344
14	0.00216466558778
17	0.00148227745246
16	0.00143803898965
18	0.0
863	0.00071915801165
862	0.00665701580422
865	0.000715777518522
867	0.000702915473878
866	0.000735327963776
883	0.00440064067974
881	0.000710751248839
885	0.00135795023451
569	0.00143968423004
809	0.000722049300927
322	0.00130914363177
321	0.000699699112589
327	0.000710751248839
324	0.00216429235999
329	0.0
201	0.000712268847772
200	0.00297240459532
776	0.000715777518522
771	0.00431487166257
207	0.00232305144467
206	0.000721665093783
209	0.00136656434528
77	0.00209185982363
75	0.000708466633643
70	0.0027877234657
78	0.00291976433936
663	0.0
662	0.00212665570485
692	0.00357557559636
693	0.000727297207238
696	0.00218162685431
697	0.00142917199298
695	0.00212961648608
698	0.000722049300927
543	0.00148227745246
540	0.000722049300927
541	0.00142968513185
546	0.0014823662176
547	0.00378379999409
544	0.00142398579484
549	0.000709466853589
994	0.000722049300927
996	0.00142355936854
991	0.00361064324708
990	0.00295340900345
120	0.00779559450729
122	0.00148923753011
125	0.0
126	0.0034150727607
127	0.0073462975157
415	0.00296744949694
416	0.00823474295473
410	0.0014566228993
413	0.0014443191362
920	0.0022096724901
921	0.000710751248839
922	0.00140904917475
923	0.00356942539996
418	0.00285347278056
925	0.00144425638576
926	0.00199610117773
499	0.00700592004847
318	0.000699699112589
313	0.00273033550183
311	0.00144425638576
316	0.0170072375752
833	0.000728671868097
837	0.000710751248839
835	0.000715777518522
368	0.00121291124773
369	0.000724273790385
364	0.000722049300927
365	0.000716387177506
362	0.00420308284916
360	0.00150753505922
361	0.000722049300927
380	0.000717293947535
381	0.0014160983845
383	0.00211111769931
388	0.00217197722388
784	0.0014419696887
782	0.0033948972396
783	0.00283949591117
789	0.00217300067975
151	0.00284422155928
573	0.00135774120907
572	0.00143523746892
577	0.000673137110043
576	0.000710751248839
61	0.00509757439088
62	0.00284825630736
67	0.000759697423823
68	0.000722049300927
253	0.00282663115647
250	0.00145541599363
251	0.00144630585646
256	0.00136365635082
254	0.000715253161837
731	0.00356373044354
730	0.000681780777603
737	0.00142585610063
506	0.00141997982486
738	0.0270306210199
502	0.00514686468221
500	0.00341298154963
630	0.00150851472755
631	0.00150753505922
633	0.00218652006172
469	0.00382295114099
465	0.000708466633643
168	0.00619290769577
169	0.00144206994989
164	0.000612893957608
165	0.00295827107948
166	0.00547479498322
167	0.00228991875354
160	0.00149025831907
963	0.000724256555529
935	0.0021762219515
908	0.000683881095411
909	0.0
879	0.00307906678973
872	0.000722049300927
873	0.000722049300927
870	0.00140966122374
890	0.000701370282405
891	0.00149025831907
896	0.0
646	0.000711834973431
648	0.00684490733888
356	0.00820188734725
355	0.000673137110043
353	0.000784091981312
802	0.000715253161837
801	0.000713529140613
214	0.0243400456918
769	0.00142802542534
762	0.00272634875813
763	0.000700194370156
761	0.00212786644452
767	0.00144723451064
764	0.000722049300927
765	0.00616941917392
957	0.0015185350985
956	0.00280479782949
288	0.000752145666647
4	0.000709466853589
281	0.00215550590335
280	0.00753345854515
285	0.000673137110043
284	0.00142915403586
678	0.000727593399857
679	0.000699699112589
674	0.000696940280646
671	0.000714043613877
260	0.000676937500411
267	0.00137491292388
266	0.000688639079303
268	0.000705473875703
58	0.0
56	0.00144630585646
50	0.00143998260539
53	0.00210674582099
537	0.00143424997878
534	0.0065347133231
532	0.00285125383537
531	0.00145016808731
530	0.00515914976008
538	0.00146819406233
988	0.00152464171671
774	0.000718856337185
987	0.0231027922319
984	0.000677409615236
114	0.00073059533776
117	0.000705473875703
112	0.00488527730756
118	0.00214973851452
773	0.00072220708483
772	0.00422910870048
429	0.00287000793271
428	0.00222004185825
918	0.000699699112589
421	0.00154173505993
423	0.00507569096625
422	0.00287496869253
425	0.0
424	0.00309138886545
427	0.00072220708483
912	0.00278721124595
301	0.000765604143604
302	0.00148227745246
305	0.0
306	0.00143493553017
847	0.00077772831936
846	0.00227220990038
844	0.00211581850383
843	0.00651006887329
842	0.0
840	0.000722049300927
849	0.0014412600922
568	0.00361218682556
752	0.00296326317602
754	0.000735327963776
561	0.00226723248305
565	0.00560582277796
566	0.00211829038423
228	0.00145543933956
223	0.000612893957608
220	0.0028358206348
724	0.00292721375077
723	0.0
720	0.00638938532514
605	0.00291065918589
153	0.000712808119705
152	0.000705398366464
157	0.00132867124017
602	0.00137616779659
159	0.00506778799201
83	0.00144023445264
48	0.00209792120755
951	0.00144237933404
950	0.0
953	0.00222171922015
952	0.00297015696199
955	0.00361086360812
954	0.000765604143604
40	0.01073211938
41	0.0
638	0.000700194370156
5	0.00141371982459
488	0.000722611570944
485	0.000711834973431
483	0.000682830528372
482	0.00142224367108
472	0.00136839852362
470	0.000727297207238
