344	0.00230049596902
0	0.00284330751862
341	0.00057056630628
343	0.00560354054429
810	0.00112790058527
812	0.0028228874754
349	0.000573345338762
817	0.001155414314
719	0.00283389258397
718	0.0107823372376
716	0.00227222809554
715	0.000565469874933
713	0.00170103012675
712	0.0
711	0.000567518665111
710	0.00170751008282
915	0.00627385979734
299	0.000566746978539
294	0.00167721758128
295	0.0011383016636
292	0.00113048364413
293	0.00172325652019
290	0.0017001083428
291	0.00227005589696
591	0.00453498542111
590	0.000565469874933
592	0.000566780800649
595	0.00511764147147
594	0.000566950249197
596	0.000567963743584
599	0.00227466626927
197	0.000569289615358
196	0.00226916154938
191	0.0022694311482
190	0.00338040833214
193	0.00226635004461
192	0.00169430606112
272	0.0011356876911
274	0.00136909563303
275	0.00111448593525
277	0.00056796909154
278	0.00170031895928
526	0.000576276442922
522	0.00113422733954
528	0.00169623162033
443	0.0016981497787
442	0.00112685899329
440	0.00113720708719
447	0.000554450542972
103	0.0028002504628
101	0.00113433077504
107	0.00395279644361
104	0.00168182754754
105	0.000566572906554
900	0.00283442293075
38	0.0
904	0.000567575509853
905	0.000566365379964
32	0.00113831989401
31	0.00286543600724
30	0.000564568633356
35	0.00115274371523
641	0.000560258389596
644	0.00170081562035
647	0.0011507683057
439	0.00111800496896
649	0.000565325528808
648	0.00391121038446
435	0.00111560865258
432	0.000560258389596
433	0.000560258389596
338	0.00111908387242
335	0.00450741866384
334	0.00680015931123
337	0.0028286225743
333	0.00339898669126
332	0.00111560865258
745	0.00056715618645
854	0.00170120864047
855	0.000563739943963
857	0.00344224368215
850	0.00340531926329
851	0.00402065553017
852	0.000567342833937
819	0.00056673407991
858	0.000578914425284
6	0.00227476496587
98	0.00566822182549
91	0.00283401585491
90	0.0079630377816
92	0.00172193936301
95	0.000560258389596
741	0.000566950249197
742	0.00508557092281
743	0.00168667074061
559	0.00219915131343
558	0.00398512813303
746	0.00566687894061
553	0.000566650462701
552	0.00173458090089
239	0.000574907446475
236	0.00283778119177
231	0.00224251194301
232	0.00446747224649
233	0.00113014488
1	0.0
147	0.000567279037623
618	0.00113708379154
142	0.0017195508478
143	0.000567756711256
141	0.00114726835397
612	0.000566950249197
617	0.00226699894825
614	0.00284816085094
149	0.000567518665111
1004	0.00227190050415
949	0.00167676192639
947	0.0
942	0.000565502519999
940	0.000567342833937
517	0.005629659605
685	0.00171863753555
684	0.00510970651026
687	0.00340348139288
686	0.00112860765276
680	0.00113444448305
459	0.000562705802071
133	0.00167905250831
137	0.00169314758523
136	0.00115065955744
135	0.00791846542978
134	0.000566780800649
491	0.0017004036123
493	0.00346446641652
24	0.00230716289211
25	0.00113617172748
927	0.000566551729416
28	0.000560258389596
29	0.00169273168244
939	0.0
404	0.00113544202928
402	0.00220782282015
401	0.00341009969694
933	0.00113012890873
936	0.00225586354704
409	0.00170545785005
934	0.000568718820206
371	0.00283246388397
373	0.000680164692685
372	0.00113645649229
374	0.0
377	0.000567575509853
704	0.00170502943575
707	0.00339768032615
700	0.00281887226111
702	0.00056715618645
703	0.000565970930721
392	0.000574415730928
82	0.00113032430796
181	0.00136909563303
399	0.00111910011666
86	0.0
795	0.00115274371523
790	0.00451775081327
798	0.000566705203947
7	0.000563692333483
170	0.000565502519999
586	0.00725896866999
587	0.000566235967056
582	0.00112455465812
581	0.00225864991391
245	0.00168337603426
246	0.0017004812046
243	0.000567109945578
249	0.00170907012886
248	0.00056674467672
513	0.0
512	0.000576499888719
514	0.001122333728
1001	0.00282969189016
516	0.00170180465412
458	0.00397555079509
622	0.000548843616366
627	0.0
624	0.000558797608547
450	0.00567833064854
629	0.00978810275496
628	0.000565502519999
454	0.0113395349856
178	0.0142271853842
199	0.00226793146738
175	0.00167349635699
173	0.00170153662123
198	0.000566950249197
977	0.00227172987618
656	0.000680164692685
971	0.00230179217014
253	0.00169931188291
978	0.0120949330641
182	0.000560208194696
657	0.000567904446544
654	0.00113798813012
2	0.00282236119109
187	0.00113582622318
650	0.000569120311564
188	0.00399674055699
189	0.00852421358549
658	0.0028819168828
659	0.00112776111657
13	0.00112946370219
12	0.000567199858082
15	0.00170444422105
14	0.00340684028779
17	0.00172191257952
16	0.00113463605908
19	0.00113396137098
863	0.00112622240277
862	0.00285602582687
865	0.000567342833937
866	0.00169841739002
883	0.00510787214737
881	0.00113538943964
880	0.000566211874643
885	0.00167155081299
752	0.000569208183207
322	0.00111788933954
320	0.00113367806823
321	0.00283545337367
327	0.000564005245222
324	0.00113412861584
688	0.00056715618645
775	0.00113296403649
200	0.00115043038347
776	0.000567342833937
771	0.00225248185509
207	0.00690856816322
772	0.00225720706626
209	0.0011221549183
208	0.00113553702898
75	0.00508909333613
74	0.00167059544303
70	0.00113336832576
78	0.00170545785005
669	0.000564117574659
664	0.00112763202413
663	0.00111910011666
662	0.0011356876911
661	0.000566705203947
692	0.00963441340584
693	0.0022763529916
696	0.000567109945578
697	0.00168441737877
695	0.000567808413071
698	0.00391816683285
699	0.00056099851908
542	0.00170007553683
543	0.00172616498908
540	0.00223748902268
541	0.00340239984936
546	0.000565336618419
547	0.00172734492791
544	0.00113360166648
8	0.000565285310159
549	0.00112571434024
994	0.00112914967996
996	0.0022676905529
991	0.00227453192074
990	0.00230086401359
120	0.0135916609664
122	0.000567575509853
126	0.00335808001256
127	0.00340269708113
415	0.0136024157809
416	0.00617486041926
410	0.00113710060494
413	0.00396614078993
920	0.00227972267779
921	0.00113576030029
922	0.00056482178796
923	0.00283383754328
418	0.00113333172636
925	0.00112133349834
926	0.0016967352167
499	0.00624215786877
319	0.00170291552971
318	0.0017046692446
313	0.00279699197353
311	0.00168523453282
310	0.00223368301155
317	0.0
316	0.0132010276807
315	0.000568891290368
833	0.000566235967056
830	0.00113348309604
837	0.00056673407991
834	0.00113296403649
835	0.000567342833937
838	0.00403002385131
368	0.00111502547989
369	0.0
364	0.00281842493834
365	0.000572048251541
362	0.00282488833368
360	0.0017302055663
361	0.000560258389596
381	0.00282118549451
383	0.00169619224339
388	0.00113352036919
784	0.00169087349451
780	0.0016879869095
782	0.00447095722188
783	0.00169739922589
788	0.000562668487209
789	0.000560258389596
151	0.00169928740255
573	0.00111471347336
572	0.00113425393682
577	0.00112784120345
575	0.00111667241705
61	0.0085065403214
64	0.000566785781901
66	0.000563404226852
67	0.00402401202054
68	0.00112860465891
69	0.000555051527673
250	0.000566648005529
251	0.000560258389596
256	0.00111913889167
257	0.000569208183207
731	0.00227538027073
730	0.000560208194696
732	0.000572048251541
735	0.000566950249197
737	0.00112030423475
506	0.00907488023832
738	0.00225775390545
505	0.000565653181493
502	0.0108406204904
500	0.0011162190622
630	0.00230385514804
631	0.000576276442922
633	0.00227400167545
469	0.00115274371523
465	0.000564416606048
464	0.00056482178796
466	0.0
462	0.00056674467672
168	0.00447401426649
165	0.0045939819473
166	0.00222979823916
167	0.00172786351589
160	0.00230791524556
966	0.00225448457049
963	0.00057535254606
935	0.00226414288712
908	0.0011221549183
909	0.000565270705078
879	0.00222271821322
872	0.000560258389596
873	0.00279673328286
870	0.0017015955169
890	0.0
891	0.00523511499624
898	0.000564487394681
899	0.00112628897657
646	0.000565661725091
356	0.0117726588249
809	0.000560258389596
808	0.000566650462701
353	0.00126254761862
803	0.000562705802071
802	0.0011356876911
216	0.00113504297707
214	0.0204241757327
769	0.00056511567363
762	0.00278511176736
955	0.00111908387242
761	0.00113295398068
767	0.0011383016636
764	0.00168291467583
765	0.00224897406028
957	0.000576499888719
956	0.00283850416002
288	0.000576276442922
4	0.000565502519999
281	0.00113296195479
280	0.0017294278341
284	0.000568948863122
678	0.000567879278029
679	0.00056747499382
670	0.00170000889464
672	0.00113508368831
260	0.000558421815903
267	0.00226520034604
266	0.00168150053015
268	0.00340383229845
56	0.000560258389596
50	0.00109997382483
53	0.00282058376531
52	0.00168044117238
537	0.00170513743683
535	0.0
534	0.00680161409345
532	0.00169611597183
531	0.00111947420529
530	0.00518264600982
538	0.00227828352213
988	0.00230404579132
774	0.0
980	0.000567518665111
987	0.0179427817233
984	0.00166871207335
114	0.000567575509853
117	0.00113407987755
111	0.00167355200625
112	0.00168767565146
119	0.000564416606048
118	0.00228698486091
429	0.0028369503781
428	0.00401068676505
918	0.00056747499382
421	0.000576499888719
420	0.00110389514404
423	0.0028318957797
422	0.000568208515995
424	0.00115224728964
912	0.00224623760863
309	0.0
301	0.000576499888719
302	0.000574415730928
952	0.00115036883009
846	0.00229705557618
844	0.00510628418478
840	0.00167827260833
853	0.000559973952219
849	0.00167394866485
823	0.0
568	0.000567808413071
569	0.011948567286
754	0.00170297345299
561	0.00345695101314
759	0.00166551279691
565	0.00226968258028
566	0.00113264577109
739	0.0017031624874
229	0.000566777892093
228	0.0011383016636
226	0.000568680697029
223	0.00168177015661
221	0.000566551729416
220	0.00170030756716
724	0.00283490147469
723	0.0
720	0.00453038227643
605	0.00227637020359
607	0.00906784945605
152	0.0
157	0.00339660034563
602	0.00279788343598
159	0.00622327068075
609	0.00339774542308
976	0.0011383016636
83	0.000563381376335
634	0.000551130208464
48	0.00283912541319
951	0.00113069942578
950	0.00225157720342
953	0.00114856724076
45	0.000563404226852
42	0.00113087061853
954	0.000576499888719
40	0.00624544638451
41	0.0
638	0.0
5	0.000557850304438
488	0.000566950249197
482	0.00111947420529
472	0.00391469795771
470	0.0011383016636
471	0.000566738330149
477	0.000557915387322
474	0.0
