344	0.00105551842313
347	0.000910908449451
343	0.0
812	0.00090729504374
817	0.00524104881477
719	0.00252297416383
718	0.0112353967829
716	0.00124657399813
715	0.000910908449451
713	0.00198877816255
712	0.0
424	0.00524104881477
294	0.000830073219728
292	0.00126934300621
293	0.00111524096339
290	0.00679959749404
291	0.0030422235665
591	0.00484380170307
590	0.00179847093121
592	0.00399400774664
595	0.00373794860142
599	0.00128451272531
197	0.00122364276912
191	0.00493208847767
193	0.00174402189515
270	0.00247377918659
272	0.00118805324101
274	0.00263149467527
275	0.00106831489523
277	0.00179847093121
278	0.00244847642913
526	0.00271515589602
443	0.00285070909187
447	0.000863583904447
444	0.000741272656869
101	0.00400974381504
106	0.0
107	0.00542713674246
900	0.00242616888305
38	0.0
904	0.00124797361276
905	0.0
31	0.00323014394233
30	0.00171994684472
35	0.00524104881477
34	0.0
641	0.0
643	0.0047603958238
647	0.0
648	0.000830073219728
435	0.00089584506261
433	0.0012572584315
334	0.00781383174825
337	0.0
854	0.00109819710002
855	0.00116179804745
850	0.0025038928321
851	0.00388180657852
859	0.000869979033888
6	0.0
98	0.00306400696567
91	0.00253991354465
90	0.00491942708899
96	0.0
740	0.0
742	0.00371448644475
743	0.000889873624996
558	0.000570293432388
746	0.0035408232693
748	0.000910908449451
749	0.00128395039254
557	0.00180217372998
552	0.005336398624
236	0.0025021380998
230	0.000910908449451
231	0.00785260212489
232	0.00178088618389
233	0.00127206196937
147	0.00713753515398
141	0.00428769087994
617	0.00126934300621
614	0.005336398624
149	0.00090729504374
948	0.00099237261064
945	0.00125013641747
942	0.00153616740087
940	0.00228684331757
517	0.00127225243901
685	0.0051101104537
684	0.00405515117007
687	0.00341009967677
686	0.00180424202209
680	0.0
682	0.00125165325542
133	0.00167484168276
499	0.00100829001615
135	0.00142701743693
134	0.00299917412083
495	0.000821705752632
139	0.00133529290357
497	0.0
491	0.0
493	0.00382399295405
24	0.00260329322944
25	0.000570293432388
27	0.000910908449451
404	0.00124549361073
401	0.00531552411013
933	0.00179847093121
931	0.000910908449451
936	0.0
935	0.00261848115073
379	0.000821705752632
371	0.0
372	0.00124549361073
377	0.00936350160929
704	0.00100829001615
700	0.0025697173185
701	0.00127025521085
703	0.0138120730052
82	0.00129846960798
83	0.001983524231
86	0.00189223835212
796	0.00117116879349
795	0.00524104881477
790	0.0072942007772
607	0.0103403289226
586	0.00288391578763
581	0.0
589	0.00226189202952
245	0.0114740759385
246	0.00400974381504
241	0.00263149467527
248	0.003733135155
513	0.00161107892317
1004	0.0
1001	0.0
458	0.00206359352521
624	0.00417653749466
450	0.00832213090343
629	0.0216558021364
628	0.0013471516698
454	0.00502274823514
457	0.0013379821987
199	0.00125013641747
175	0.00214528231124
171	0.00179847093121
977	0.0
972	0.000910908449451
978	0.0439011469527
656	0.00269720478261
654	0.00376237589371
2	0.00206312939461
187	0.00332881712946
650	0.00250607578997
185	0.00126934300621
188	0.00524104881477
189	0.00514330628313
658	0.00135553292142
868	0.00258992587861
15	0.0
14	0.0100061829351
16	0.000848176832545
863	0.00358066827852
866	0.00124797361276
881	0.00117116879349
355	0.000897749639888
321	0.000499612476609
326	0.00120062271015
327	0.0
324	0.0
329	0.00127206196937
688	0.00108139167187
775	0.00117008283903
200	0.0
776	0.00261318776163
773	0.0
772	0.00126934300621
208	0.00250339719464
77	0.00180217372998
75	0.0215745672131
73	0.000520642958295
669	0.0
663	0.0
662	0.00579918050867
661	0.00126934300621
692	0.0120135787658
696	0.00148023250488
697	0.00583074516724
695	0.000852887586183
698	0.00739640651659
542	0.00127225243901
540	0.00612649552799
546	0.00126934300621
547	0.00524104881477
548	0.0
994	0.00318850177907
997	0.0
991	0.00148023250488
990	0.00212795384351
993	0.001983524231
120	0.00126934300621
126	0.000869979033888
127	0.00133529290357
414	0.0
415	0.00820210437213
416	0.0087526548947
410	0.00254652182223
921	0.00586571982064
923	0.0122444516968
925	0.00224491938522
926	0.0164726299838
927	0.00171768008472
319	0.000570293432388
313	0.00434510551081
311	0.00229286062399
310	0.00127225243901
832	0.0
830	0.00127206196937
834	0.00117008283903
835	0.001983524231
838	0.0
368	0.0
369	0.00149715622301
362	0.000451610434705
360	0.00135553292142
380	0.0
381	0.0
383	0.00226987203683
388	0.00253991354465
784	0.001983524231
783	0.0112754730694
788	0.0
789	0.0
151	0.00113082945298
578	0.00117622399012
577	0.00179847093121
576	0.00125013641747
575	0.00174868322639
61	0.00413451157371
65	0.00255329339875
66	0.0
253	0.00113082945298
256	0.00262343656333
255	0.000910908449451
731	0.0
509	0.0
506	0.00250266534257
738	0.00629094102447
505	0.0
502	0.00133849322562
500	0.00360393535753
630	0.00595591584061
631	0.00271515589602
633	0.000990242683165
469	0.0364576675166
202	0.00135553292142
466	0.000962646712255
462	0.0228908525985
901	0.001983524231
168	0.00537133036031
164	0.0
165	0.00424090215178
166	0.000889873624996
167	0.00524104881477
160	0.00264633279838
966	0.00131013547572
969	0.0
909	0.000873130478578
877	0.000910908449451
873	0.00239126772998
870	0.000641057488651
890	0.00138493606262
891	0.00623778045658
894	0.00135553292142
356	0.0152145398177
809	0.0
353	0.0
802	0.00167922066434
216	0.000570293432388
214	0.00556416450834
769	0.0
762	0.000889873624996
761	0.0
764	0.0025015316519
765	0.0066878363239
957	0.0
956	0.00102190386709
4	0.0
281	0.0
280	0.00500908904674
285	0.000887562481761
679	0.000499612476609
670	0.00246078536594
671	0.00234630682916
672	0.0013770372757
260	0.000868921916303
267	0.00330090805487
264	0.00127206196937
268	0.00597855600193
58	0.000429059519781
53	0.00269720478261
52	0.000889873624996
537	0.00125086826954
535	0.00154049211732
534	0.00276648150078
530	0.00645009181991
201	0.00108139167187
988	0.0026095541395
980	0.00249406854544
984	0.000863583904447
117	0.000990242683165
116	0.0
112	0.000826333078157
207	0.00524104881477
429	0.00217604580681
421	0.00524104881477
420	0.0
423	0.00534262353284
422	0.0
910	0.00122364276912
912	0.00733405745855
308	0.000910908449451
301	0.0026095541395
303	0.0
304	0.0
952	0.0
846	0.00446061075131
844	0.000969425740864
843	0.00170838149461
840	0.00347879153476
823	0.0017065145042
568	0.00331057845025
752	0.00123277841569
754	0.00243602685376
561	0.0028470896662
758	0.000477286939136
565	0.00158335530412
566	0.00113082945298
229	0.00609525141115
223	0.00127225243901
220	0.00513387052833
724	0.00335551319131
722	0.000853311315005
723	0.0
605	0.00267661078848
153	0.0
152	0.00285070909187
157	0.00459416775206
602	0.00255146714602
159	0.00706611380118
158	0.0
609	0.00122364276912
634	0.0
48	0.00519380571749
951	0.00127025521085
950	0.0
953	0.0
45	0.0
954	0.00524104881477
40	0.00429185711006
41	0.0
472	0.00180183789258
470	0.0
477	0.0
