818	0.00193818459979
0	0.00486166020628
347	0.0
343	0.00185057812178
812	0.00163097953003
718	0.00679652956465
716	0.000962463685095
713	0.000960148829938
712	0.0019386803197
710	0.00193410111007
421	0.00100777000137
299	0.000939639787116
295	0.000970448797953
293	0.00212176894039
290	0.00289017763612
291	0.000962605896183
591	0.00287449274785
592	0.00381632029675
595	0.000968867833487
597	0.00092067821103
596	0.000968867833487
599	0.000970448797953
197	0.000978411376021
190	0.00101023817009
270	0.000953308991867
272	0.000968867833487
278	0.0038508561783
526	0.0028990372299
528	0.00179022371646
449	0.000967952099882
443	0.00578293733519
103	0.000803863098708
101	0.00124319618414
107	0.00191345782181
104	0.000944379207884
105	0.0014985219196
900	0.00193133151858
32	0.0107523987307
31	0.0050477558896
30	0.00376696027523
35	0.00100777000137
641	0.00191387306145
643	0.000953308991867
644	0.00092067821103
647	0.0070650257819
439	0.00274444398499
648	0.000967952099882
435	0.00194785346106
432	0.000957269649087
433	0.00193568102511
338	0.00194796020628
334	0.00385544406877
337	0.00188545479736
333	0.000970448797953
854	0.0
344	0.00200738720888
857	0.00101011047172
850	0.000971025089615
851	0.00900563804345
6	0.00194343839219
98	0.00960359136107
90	0.00480888173088
92	0.00101011047172
95	0.000957269649087
742	0.00578083945684
743	0.00187744868877
746	0.00384419919873
557	0.00276652927035
551	0.0
550	0.000960752148772
239	0.0
236	0.0
231	0.00666918901079
232	0.00276448420862
233	0.00577833989655
142	0.00300857103028
143	0.000978411376021
141	0.0010086770854
612	0.000939639787116
617	0.00286865563231
614	0.00201554466831
149	0.00115409230933
948	0.000967952099882
949	0.00182523225652
947	0.00290519070829
517	0.0127671027505
685	0.000996799886758
684	0.00354912392453
687	0.00286436247983
680	0.00193030612655
133	0.000945205606995
136	0.00101011047172
135	0.00675342032175
134	0.00283436876865
495	0.000968370774924
139	0.0
497	0.000818325336308
493	0.000996799886758
24	0.00401314135683
28	0.000957269649087
29	0.0
405	0.000965052754375
402	0.000803863098708
401	0.00387411445572
933	0.0
936	0.00190615428213
409	0.000970448797953
379	0.000968370774924
371	0.00099069055719
374	0.000744740448598
377	0.001200143333
704	0.000836939907263
706	0.000922819097948
707	0.00195083938713
700	0.00145921821391
701	0.000961633436864
392	0.0
398	0.00096958067596
86	0.000964984816147
795	0.00101423368299
790	0.00172828922222
586	0.0232234657993
587	0.000945547242721
584	0.00098475888383
582	0.000957269649087
581	0.00192221748868
245	0.00386314140063
246	0.00127406126486
241	0.00202658727927
249	0.00390091817388
248	0.000717780958855
513	0.0
927	0.000953541727686
514	0.000803863098708
1001	0.00172454130974
458	0.00241816962723
459	0.000983210669913
450	0.0154976512604
629	0.0149238410164
628	0.00290072696484
454	0.00287880508832
178	0.0213391492124
175	0.000630416112223
171	0.0
170	0.00190804100398
977	0.0024635480159
976	0.000970448797953
971	0.00101011047172
979	0.00092067821103
978	0.00301389360404
656	0.00202366601755
654	0.00092067821103
2	0.00162424518759
187	0.000968867833487
185	0.000948957766611
188	0.00400806015306
189	0.00194462254885
658	0.00396865088355
868	0.000934368470572
13	0.00092067821103
12	0.000998819964144
15	0.00098475888383
14	0.0018739872029
17	0.00101011047172
863	0.00189779230262
862	0.00485276329557
865	0.000971025089615
881	0.0
322	0.00372267627861
321	0.000438977070387
329	0.000963023397013
200	0.00301052360159
771	0.00384080564287
773	0.000954931416132
772	0.000968834016665
209	0.00093306948089
208	0.0
779	0.00117189916869
77	0.00456052364251
74	0.00190869601583
78	0.000970448797953
662	0.00385959011451
692	0.00577779308686
693	0.00193410111007
696	0.000958946221735
697	0.00382538656301
695	0.00289887204527
698	0.000956603412368
699	0.000914248060989
542	0.00194822508564
543	0.00101011047172
540	0.00957035621379
541	0.00092067821103
547	0.00302223945699
544	0.000956495082058
994	0.00285828458421
997	0.000961633436864
996	0.00147618740838
991	0.000970448797953
990	0.00302990039487
120	0.0019370769318
126	0.00287591490394
127	0.00344565292489
415	0.0028621506126
416	0.00748114860895
413	0.000960752148772
920	0.00199098067128
921	0.00092067821103
923	0.00474465598849
418	0.00305047411782
925	0.00286741803513
499	0.00163021309581
319	0.000397962836875
318	0.000438977070387
313	0.00279580365872
311	0.00286880447759
310	0.00378761781798
316	0.0151161745555
833	0.00284645906822
830	0.00102349737609
837	0.000967952099882
838	0.00202645890163
369	0.000910741599858
364	0.000957269649087
362	0.00230902085522
360	0.00200456988812
361	0.000957269649087
381	0.00476881428847
383	0.00357706565157
388	0.00470519246555
780	0.000803863098708
782	0.00556660417741
783	0.000971025089615
789	0.000957269649087
572	0.00193999932891
575	0.0054062490702
60	0.000968370774924
61	0.0125091568967
62	0.00194822508564
64	0.0
66	0.0
67	0.00604482102716
68	0.000957269649087
251	0.000957269649087
256	0.00093306948089
939	0.00099069055719
731	0.00786782127781
506	0.00144583528048
738	0.0110698532356
502	0.0115589786078
500	0.003792921346
630	0.00595148907131
631	0.00200456988812
633	0.00306125111815
469	0.00301896019197
638	0.00390235678516
462	0.00190364181736
168	0.0155630841075
164	0.000976428586208
165	0.00597464938534
166	0.00284706967966
167	0.00100270615368
160	0.00591998570182
161	0.000967952099882
966	0.0
963	0.00100986404596
969	0.00178197764842
935	0.000960752148772
908	0.00661459534435
879	0.000928565646648
872	0.000957269649087
873	0.000957269649087
870	0.000960085512407
890	0.00191001018751
891	0.00494367869577
438	0.000969243232909
646	0.00389350997468
356	0.0112057997146
809	0.000957269649087
353	0.000990212413063
803	0.00099437805582
802	0.000968867833487
804	0.0
214	0.00956783690626
952	0.00101011047172
762	0.000944379207884
763	0.000895416324883
767	0.000970448797953
764	0.0028614047388
765	0.00563635197168
281	0.000978411376021
280	0.0241314046494
284	0.00098475888383
679	0.000841509837952
674	0.0
260	0.00273597385638
267	0.00391593174961
266	0.00364955493154
264	0.00192010989723
268	0.000960148829938
58	0.00193719533279
56	0.000957269649087
53	0.00102349737609
52	0.00184731754188
535	0.0
534	0.0
531	0.00191376473114
530	0.00696508305549
538	0.00193410111007
988	0.0020095995945
987	0.0268170646028
984	0.00288057691177
114	0.000978411376021
117	0.000960148829938
111	0.000967952099882
112	0.00297814974218
118	0.00290777340178
207	0.00606981438764
429	0.00385080724259
428	0.00501718624996
918	0.00120719689575
915	0.00496588643964
423	0.00196987689692
422	0.00398771101834
424	0.00101423368299
427	0.000954931416132
912	0.00736302079544
308	0.000758406449527
855	0.00479567807981
302	0.00101011047172
305	0.00463958010398
306	0.0019225491975
307	0.000967952099882
846	0.00301437844592
844	0.00123947267483
843	0.00233200553977
840	0.000957269649087
955	0.00573332392295
849	0.000957269649087
823	0.0
568	0.00677774144829
561	0.00402153748521
759	0.000967952099882
565	0.000438977070387
739	0.000956495082058
229	0.0010159864823
228	0.000970448797953
227	0.0
223	0.00279719975484
724	0.00221859425155
720	0.00661673336443
729	0.000592810818326
605	0.000970448797953
607	0.00863143729943
152	0.000964031403698
602	0.00283746196164
159	0.0106761816862
609	0.000945547242721
48	0.00123947267483
951	0.00791497882129
950	0.0040490437376
45	0.0
42	0.000928565646648
40	0.000968867833487
956	0.000397962836875
5	0.0
488	0.000968370774924
485	0.000973759227334
482	0.00192771844704
472	0.00463615441587
470	0.000970448797953
479	0.000967952099882
