344	0.0025647894019
0	0.00124132954666
340	0.000630228846989
343	0.00304750802171
810	0.000623831932122
812	0.00252241992918
813	0.00252324425127
348	0.0
349	0.000638199515442
817	0.00129190355983
718	0.0100783237057
716	0.00250899128308
711	0.000632443853816
710	0.00123541978029
915	0.00761109350944
910	0.000632812935068
294	0.0050455355033
295	0.000623810130157
293	0.00189224988017
291	0.00130564008668
591	0.00504207321021
592	0.00260423165282
199	0.00184539960457
198	0.0006263001606
599	0.000623810130157
197	0.0006263001606
191	0.00118966907586
190	0.00320940535387
193	0.000624095342123
271	0.000630243396928
272	0.00126834918079
273	0.000617626829475
274	0.00320580909227
275	0.0012573677717
278	0.000621400110039
526	0.00127451513803
443	0.00191130066097
442	0.000619056152407
440	0.00187236807178
447	0.00378425128376
445	0.0012773148464
444	0.00126012570318
103	0.0048527970236
101	0.00122721816444
106	0.000538878479055
104	0.00504355823674
105	0.000609993550663
900	0.00253081414177
38	0.00186740413389
904	0.000630476372506
32	0.00252318200529
31	0.00192588211506
30	0.00126039648054
35	0.00193797459969
643	0.000619056152407
644	0.00308752522235
647	0.00382776895832
439	0.000630612302142
649	0.000608679114855
648	0.000631771714993
435	0.00189230255421
339	0.000623810130157
335	0.00189471059486
334	0.00683813854079
337	0.00125966944524
333	0.000623810130157
332	0.000633263790237
854	0.00126197314452
855	0.00190686967776
857	0.00190524566091
850	0.00366319315157
851	0.00888841797214
853	0.0
6	0.00124286628256
98	0.00195759117229
91	0.00125716313398
90	0.000633991935387
92	0.000638199515442
96	0.0
740	0.00110223026896
742	0.00380232709935
743	0.00502477414316
559	0.0
558	0.0018653319359
746	0.010702641234
557	0.000630612302142
556	0.00126058431076
550	0.00250331556246
552	0.0012773673417
239	0.00127436831647
236	0.00124438834067
231	0.00240810677832
232	0.00755911760918
233	0.0012680194422
147	0.00439833038411
618	0.000611110603613
142	0.00254555578735
143	0.00125749998019
141	0.00192269086369
614	0.000644923487884
149	0.00124285376188
1004	0.00184464930357
948	0.00252223682987
949	0.00189110780677
946	0.00439635528383
942	0.000635549838355
943	0.00056532075313
517	0.0107207791898
685	0.000637902928158
684	0.00312690687363
687	0.00249928308865
680	0.00231665997041
682	0.00185672655045
136	0.00127714107042
135	0.00698758274467
134	0.00128611999351
139	0.000600116063607
491	0.000617626829475
493	0.00191242517022
24	0.00445709029207
25	0.00183577926592
28	0.000600915687127
29	0.00187227675729
404	0.000629701494063
402	0.0011351258795
401	0.0039071789649
931	0.00125546821389
936	0.0
409	0.000623810130157
758	0.00185350878403
379	0.000635516062821
829	0.0
828	0.00061656926757
371	0.000635549838355
373	0.00128879123135
372	0.000629344598082
374	0.0018985668426
377	0.00369951157029
704	0.00126520504232
706	0.000654225243497
707	0.000577528938148
700	0.00315508150328
391	0.00127662680692
396	0.000607932423925
394	0.000632812935068
82	0.00191853346701
181	0.00255647728919
398	0.000632833117971
86	0.000637489986153
796	0.00123858369442
795	0.00129103771565
791	0.000630968883277
790	0.00630715925491
586	0.00882964049429
587	0.00190879897281
584	0.00116243825637
585	0.00190832904609
582	0.00179395682251
581	0.00190548260284
245	0.00178298620046
246	0.00247157191664
249	0.00124286628256
248	0.00124375424109
924	0.00123654542117
513	0.000624450223968
512	0.00193216003829
514	0.00242302954496
1001	0.00122265684191
516	0.0031155931782
458	0.00306006066757
624	0.00180663705609
450	0.002527623614
629	0.00445951017169
628	0.000635549838355
454	0.0026128578142
457	0.00061625053901
178	0.0143517215404
595	0.00566320679627
175	0.00247814153945
173	0.00125725566785
171	0.000629138519481
170	0.00127149066745
977	0.00425147338943
976	0.000623810130157
971	0.00127714107042
978	0.0128809625057
656	0.00128405483397
180	0.0
2	0.00568459126422
184	0.000611609650131
185	0.000631068358642
188	0.00256269021422
189	0.0056893475403
658	0.0012761024436
659	0.000633050530308
868	0.00378325109422
13	0.00248705745022
15	0.00116104006169
14	0.00371941904864
863	0.000634465134558
862	0.000623810130157
866	0.00308068946117
883	0.00188261778539
881	0.00247296396127
886	0.00127602966455
885	0.00315270617091
569	0.000623810130157
322	0.00113125801969
321	0.000611198164113
327	0.000609669572494
329	0.0
775	0.0
200	0.004468599654
776	0.000627114482487
771	0.00507363794775
207	0.00580652409597
772	0.00312309287108
209	0.000630228846989
208	0.00123737555662
77	0.00252670103371
75	0.000587290308407
74	0.00378489159385
73	0.000621821421103
72	0.0
78	0.00188538633662
668	0.0018903941891
663	0.00121370208084
662	0.00254075531131
660	0.0006263001606
692	0.00378039516106
693	0.00188577560077
696	0.0025124606016
697	0.00190511751985
695	0.001266530245
698	0.00413675717043
542	0.00251759822467
543	0.00127714107042
540	0.00118011242987
541	0.0018432375612
546	0.00125385078317
547	0.00256422359054
549	0.000630956961449
994	0.00236910502048
997	0.000624988435633
996	0.00245323111186
991	0.000623810130157
990	0.00257299259172
992	0.00062965202591
120	0.00501115327848
122	0.020875426722
126	0.00315407627488
127	0.000629344598082
415	0.00259057579853
416	0.0100891880826
410	0.00188561639003
920	0.00381940889158
921	0.00185707598091
923	0.00434918005627
418	0.00122168743706
926	0.002523135691
499	0.000611198164113
319	0.000608284805047
318	0.00126600665507
313	0.0018901461918
310	0.00181443414121
316	0.0038253330251
315	0.0
832	0.00303436612609
833	0.00063039703577
830	0.00189271009583
834	0.00062575941855
838	0.00127332917246
369	0.000624450223968
364	0.00059667997747
365	0.00123594219463
362	0.00314734488541
360	0.000637902928158
381	0.00123562541998
383	0.00374035158466
386	0.000617319429373
388	0.00189532413919
784	0.000634711556192
780	0.00181708682364
782	0.00504574352197
783	0.00247503447308
788	0.00108398132817
571	0.0063257454667
577	0.00125783296918
153	0.000606424894904
575	0.00126058431076
574	0.000630228846989
61	0.0145416635419
62	0.00188004688619
67	0.00385935869195
68	0.000632397832461
69	0.000582933516838
250	0.000638620930816
256	0.0031533809963
731	0.00174154780539
730	0.00126008074627
737	0.000623831932122
506	0.0173445882234
738	0.00123948133808
502	0.0069196479655
500	0.00189330730217
630	0.00444270567906
631	0.000637902928158
633	0.00187387537323
469	0.00257885736423
638	0.000631167749245
901	0.000634465134558
168	0.00945821042488
169	0.00125916907271
164	0.00114825426997
165	0.00385709803328
166	0.00757356097368
167	0.00385261059635
160	0.00190848804554
161	0.000632812935068
966	0.000630612302142
963	0.000644047069303
935	0.00378156413743
908	0.000630167633547
879	0.0023381522809
872	0.000631771714993
873	0.000589373425207
870	0.000635549838355
890	0.00500073673887
891	0.00381980146045
899	0.000631727630848
646	0.00187451165932
356	0.0195343348113
809	0.00117715107666
808	0.000619056152407
353	0.0019168324732
803	0.00189445314578
802	0.000632833117971
800	0.000626449303662
804	0.00185896533528
216	0.00121847948092
214	0.0056617784446
762	0.00252182479443
761	0.00243554608233
767	0.000623810130157
764	0.00297077810629
765	0.00882136474851
956	0.00369532526769
288	0.00383281175545
4	0.000635549838355
280	0.0159344513779
283	0.00125233948278
284	0.00173996719452
679	0.000615272294899
674	0.00252575739061
677	0.000637489986153
670	0.00123668298188
260	0.0025358900187
267	0.00127153660938
266	0.00126238940589
264	0.0
53	0.00187289108066
537	0.00187653520037
535	0.00126048737481
534	0.00189495474772
532	0.00308556912869
530	0.00888088423746
538	0.00250176389141
988	0.00256918749374
980	0.00252724228256
987	0.00117625314899
984	0.00441438767811
110	0.000630884353881
113	0.000631106234632
112	0.00315979517136
205	0.000623200963299
118	0.000623900102214
429	0.00326228558283
428	0.0146663534526
421	0.000644923487884
420	0.0
423	0.00428620217632
422	0.00350967455184
425	0.0018869583791
424	0.0019351190531
912	0.00629801938715
301	0.000644923487884
302	0.000638199515442
305	0.00125698045647
306	0.00378294179373
846	0.00128194999746
844	0.00184922968879
841	0.000641924462652
840	0.000589373425207
568	0.000632110824681
752	0.00181078367112
754	0.000629344598082
561	0.0019213619157
563	0.000628155382112
565	0.00311509672827
566	0.000627114482487
229	0.00126141916046
228	0.00187433232646
226	0.000619056152407
223	0.0
220	0.00117844429679
724	0.00375165722168
722	0.000629993159909
720	0.00378151560237
721	0.000630167633547
729	0.00061625053901
605	0.00249733533557
607	0.00563541530084
606	0.0
157	0.00314707655958
602	0.0037876993767
159	0.00689870248851
609	0.000651951085606
83	0.00253781616655
48	0.000611110603613
951	0.00632171704239
950	0.00424204810668
953	0.00127476426728
952	0.00191427413464
954	0.0012800338117
957	0.000644923487884
41	0.00124425724384
5	0.00309041336475
485	0.0006263001606
482	0.0
472	0.00503762697297
470	0.000623810130157
477	0.00120263232803
479	0.00126065470467
