344	0.00345319894272
0	0.000768666183272
347	0.00102989633748
343	0.00269717141561
812	0.00290504914131
815	0.000493572908493
817	0.00461606499058
719	0.00050548509299
718	0.00438466190124
716	0.00207820971405
715	0.00105333873882
714	0.00160120530973
713	0.00281028518117
712	0.00103597783017
711	0.000490038669261
710	0.00384019230177
915	0.00183023624929
910	0.00156722561723
299	0.000484204505578
294	0.00224496962542
295	0.000768666183272
292	0.000581421951697
293	0.000410239374926
290	0.00218413916269
291	0.00302000746424
591	0.00319167490977
590	0.000545112337902
592	0.00337771283631
595	0.00206444904385
597	0.000410239374926
596	0.000510793756207
599	0.000768666183272
197	0.00100996475213
196	0.00107178107923
191	0.0
190	0.00419107041032
193	0.002668294691
192	0.000504801333613
270	0.00050548509299
272	0.00360063390095
274	0.0020978788563
275	0.0010050911303
278	0.00108852121093
526	0.00185851898978
522	0.000483234374341
443	0.00207500517484
447	0.00111242460303
444	0.000543192876541
103	0.00324877797805
101	0.0011245094365
106	0.00386944912731
107	0.00418737104323
104	0.00112993061775
105	0.00050455028607
900	0.00314859761477
38	0.00107286308027
904	0.000529761387221
32	0.00103256514115
31	0.00231045099878
30	0.00219945994424
35	0.00461606499058
641	0.00100782920159
643	0.000807699030058
644	0.00199084267289
646	0.00101529225912
437	0.00050548509299
435	0.00183594948991
432	0.00100782920159
433	0.00198953299232
431	0.00155918953223
339	0.000768666183272
338	0.00200670827368
335	0.00180935239148
334	0.00273325146627
333	0.000768666183272
332	0.00104169188079
855	0.00202387654178
857	0.00127803943685
850	0.00050548509299
851	0.00761253214412
858	0.00202137414156
6	0.000768666183272
98	0.00399016752344
91	0.000568251286422
90	0.0047949411874
95	0.0020061741374
740	0.000646331585284
742	0.00528747846442
743	0.00216639659266
745	0.00050548509299
746	0.00285251887105
747	0.00050548509299
749	0.000502803753933
557	0.0011593421452
551	0.000497700956718
550	0.00215603151595
553	0.000980691145528
552	0.00254755194496
239	0.00192519249593
236	0.00120110584539
231	0.00299899937968
147	0.0038347465404
142	0.000666975990606
143	0.0
141	0.00152586766991
612	0.000740822911935
617	0.0027269616216
614	0.00316541608669
149	0.000949334350198
1004	0.00111963180966
948	0.000585505999837
1003	0.00109991439882
940	0.00054902741691
517	0.00433322822694
685	0.00241259589123
684	0.000856248576054
687	0.00158615713727
686	0.00109000047639
681	0.000430553364631
680	0.00326174511614
682	0.00148614709542
133	0.00111124277779
131	0.00050548509299
136	0.00506133580705
135	0.0075771719161
134	0.00173190996849
139	0.00119304533015
491	0.000488590547757
493	0.000922422671211
24	0.000922422671211
25	0.00210957464709
927	0.00218101805955
28	0.00100782920159
29	0.000529761387221
407	0.000490038669261
406	0.000431651578334
405	0.000581421951697
404	0.0
402	0.00113155639124
401	0.00350746505401
933	0.00102989633748
936	0.00165234672981
409	0.000768666183272
408	0.000666975990606
828	0.000645217460928
371	0.000581421951697
372	0.0
377	0.00263058219655
708	0.000430553364631
707	0.00267034425497
700	0.00580563833502
702	0.000999386136653
703	0.00101886576589
393	0.00059701772932
392	0.00061769584597
397	0.00104950259631
176	0.00103076787756
82	0.000581421951697
181	0.00105621320341
399	0.00053652594455
86	0.0010209686724
796	0.00102709373947
795	0.00602460595522
790	0.00443007027291
7	0.00050455028607
607	0.00855356799468
586	0.0140961490674
584	0.00043430357285
585	0.0040733823413
582	0.00200701792715
580	0.0
581	0.00263412776993
588	0.000503349542457
245	0.00199880303693
246	0.0011245094365
241	0.00152494261893
249	0.000768666183272
248	0.000524823682945
924	0.00251550772994
511	0.00100782920159
512	0.00152586766991
515	0.000570559020232
514	0.000538666201191
1001	0.00217811796787
516	0.0193424087344
951	0.00110149609376
624	0.000994331841606
450	0.00935558491453
629	0.0146531262135
628	0.000581421951697
454	0.00914054037873
456	0.000497518304244
457	0.000895551379711
199	0.00201516322606
175	0.0025493699392
173	0.0010102864266
171	0.00209025738262
170	0.000581421951697
977	0.004730690524
976	0.000768666183272
975	0.000521222109075
971	0.00258185870691
979	0.00050548509299
978	0.0300086297122
656	0.00309964384998
657	0.00050548509299
654	0.00247241849107
2	0.00485197793676
652	0.000595573481526
653	0.00050548509299
650	0.00197771504
185	0.0
188	0.00844633152801
189	0.000522614080338
658	0.000922422671211
187	0.00412215125752
184	0.00180381420799
13	0.00050548509299
12	0.000958976022983
15	0.00175744507274
14	0.00050548509299
16	0.000933019920512
862	0.00149271273427
865	0.000545927115456
866	0.00217781443394
947	0.00272179876691
659	0.00151299639796
883	0.000410239374926
881	0.00115062829839
880	0.00052780265402
752	0.000585505999837
322	0.00108585717394
321	0.0011489710804
326	0.00106163918976
327	0.00050548509299
324	0.000494521406779
329	0.00303553455658
775	0.000535920055864
200	0.00258185870691
758	0.0
205	0.000779433139924
207	0.025493596337
772	0.00165230794728
209	0.00167102945898
208	0.00119367473306
779	0.0011699774045
75	0.00162144715601
74	0.00218765578916
73	0.000503827875004
78	0.000768666183272
663	0.00275310549578
662	0.00160215940996
769	0.000529761387221
692	0.00484809471535
693	0.00432908761807
690	0.00101069159035
696	0.0026402105689
697	0.00200711519501
695	0.00262941850137
698	0.00299216882631
542	0.00260637430418
540	0.0198127535452
541	0.00109099109283
546	0.00161069393984
547	0.00305081028884
994	0.00303592929385
996	0.00203571877657
991	0.000768666183272
990	0.00144207019702
120	0.000585505999837
122	0.00102919042594
126	0.00349055508812
127	0.000768666183272
415	0.00221473863067
416	0.00953243059806
410	0.000599170892407
920	0.000552540830703
921	0.00050548509299
923	0.00378098454143
418	0.00203207140916
925	0.00100255005827
926	0.00161309915265
499	0.0025328016513
318	0.00102013531424
313	0.00110938691081
311	0.00205844043143
310	0.00265751447216
316	0.00184627015296
832	0.00240100005243
833	0.00102528908229
836	0.000504479659136
837	0.00050548509299
838	0.00227992343279
368	0.0
369	0.000497700956718
364	0.00100782920159
362	0.00215246181295
360	0.00185851898978
361	0.00150541775239
952	0.00138006017753
383	0.00161927669934
388	0.00146465294934
389	0.000384782721416
784	0.000525578323326
780	0.000596135905076
782	0.00484606516581
783	0.00247015970023
788	0.00129193318536
789	0.0016703634353
151	0.000985964301816
573	0.000558130075546
572	0.00206367069121
571	0.00103784851782
576	0.000996075268966
60	0.000516332806243
61	0.00261381837314
62	0.00200780579737
152	0.000515267583483
65	0.000581421951697
66	0.00105659742908
67	0.00470093341365
68	0.00100782920159
253	0.00107397826807
250	0.000535315172218
251	0.00161336156546
256	0.00221636853388
254	0.000511720445817
939	0.000641769397107
731	0.00218382017892
508	0.00050548509299
506	0.00304984937249
738	0.00297539570598
502	0.00282430102915
500	0.00229471172203
630	0.00244829034112
631	0.000922422671211
633	0.00109071994942
469	0.0038416353681
638	0.00360205512275
466	0.000519645023926
461	0.000504479659136
462	0.00106197184535
901	0.000529761387221
168	0.00225075366221
164	0.0017176941069
165	0.00684511266847
166	0.00281105625297
167	0.00772625364255
160	0.00272744549236
161	0.000585505999837
966	0.00194094248379
969	0.000522614080338
935	0.00247696166166
934	0.0
909	0.00109905215644
879	0.00109505429334
872	0.000503349542457
873	0.00249863287436
870	0.00111664436769
890	0.00159266869525
891	0.0019496363591
648	0.00110133355004
356	0.000585505999837
809	0.00100782920159
353	0.0020384278344
803	0.00061769584597
802	0.00313784090819
807	0.000545927115456
216	0.000503827875004
214	0.00629909301408
215	0.000493901043663
762	0.00166671630598
955	0.00198461339347
761	0.00050548509299
767	0.000768666183272
764	0.00250314832414
765	0.00331752821225
957	0.00305081028884
4	0.00161102707491
280	0.00290660635229
284	0.000461457718739
678	0.000516332806243
679	0.00106718470917
674	0.00117724220282
671	0.00107024952599
672	0.000456574404348
267	0.00203606618544
264	0.00115448332513
268	0.00396582612048
58	0.00113233714696
56	0.00211861718906
53	0.00333028003294
52	0.00057985390298
535	0.00163855951811
534	0.00199329055326
532	0.00099187280717
531	0.00154095719679
530	0.00189921847018
538	0.00284262462179
988	0.00766353916232
774	0.00109441138727
980	0.00168234184367
987	0.0147003357801
984	0.00389071732486
114	0.000470431624702
117	0.0011331001466
776	0.00053594237194
112	0.00117724220282
771	0.00103127941224
773	0.000492320655671
429	0.00244186425801
428	0.00400168153765
918	0.0
421	0.00602460595522
420	0.00111518908481
423	0.00509623215212
422	0.00176086679569
424	0.00993404460861
427	0.000492320655671
912	0.00691024533819
309	0.00119435706173
301	0.00448128447373
303	0.00161277808533
305	0.000550076714775
306	0.00172882664056
847	0.00261114591829
846	0.00407134002863
844	0.00138060019815
843	0.0039510058719
841	0.000808680515096
840	0.00405176590248
849	0.00301384684479
823	0.00106078417894
568	0.00222114863534
569	0.019121697551
737	0.0010050911303
754	0.00202302916597
561	0.00194960019732
759	0.00163238041729
563	0.000431651578334
565	0.0
566	0.000533913098405
229	0.00314565817186
228	0.00149271273427
227	0.00104968899191
226	0.00100259257644
223	0.00108802004443
220	0.00108125594524
723	0.0
720	0.00350852776483
729	0.00043345392577
605	0.000768666183272
153	0.00153261212715
606	0.000590264193403
157	0.00383609336436
602	0.000550076714775
159	0.00606884573224
609	0.00329315894948
634	0.000645217460928
48	0.000503827875004
46	0.0
950	0.00162134289796
953	0.00152494261893
45	0.00105659742908
42	0.000563463805797
954	0.004622868427
40	0.00360060464263
41	0.0
5	0.00147743287553
483	0.000549357331433
482	0.00236560145558
472	0.00167058791162
470	0.00132332922281
471	0.00110449719787
477	0.000595220834798
479	0.00111526738706
