344	0.00218814441549
819	0.00104952650666
346	0.00303045049084
347	0.0121957702337
343	0.0
812	0.00103928356692
813	0.00214223362758
814	0.00103290786635
817	0.00102777556104
719	0.000751927045298
718	0.0106814396957
716	0.00107017890433
715	0.00158276205949
712	0.0021497972373
710	0.00219434572197
915	0.00103886254495
294	0.00513724742785
293	0.0
290	0.00104723029787
591	0.00208432906024
590	0.000810142984472
592	0.00206948021064
595	0.00643097645779
599	0.00327683588847
197	0.0010324277591
191	0.00208385949828
190	0.00658013641045
193	0.00403640340058
192	0.00158251629633
272	0.00108474384556
274	0.00109943526899
275	0.0
277	0.00230775934904
526	0.00111181457938
527	0.00107500636599
443	0.00312090607415
447	0.00412641545639
445	0.00221049980603
103	0.00159802063244
101	0.000821679329279
107	0.00107017890433
104	0.00309458440017
105	0.00103893998991
900	0.00104751199367
38	0.00206690495538
32	0.000843722920771
31	0.00216621985789
30	0.0020316849102
644	0.0021014085358
439	0.00206637350821
648	0.00310054963763
435	0.00516857444496
433	0.000843722920771
338	0.00103470418978
335	0.00102875008299
334	0.00736270403421
337	0.000988086935826
336	0.000772619075015
333	0.00185214725791
332	0.00309100604087
854	0.00103500851478
818	0.0
857	0.00205116776757
850	0.00191876250549
851	0.00213185898427
0	0.00209564317103
6	0.000927360114576
99	0.00216159523838
98	0.000992612777848
90	0.00830826160556
92	0.00108177872334
740	0.000925970702221
742	0.00627817628522
743	0.00702511054453
559	0.0
558	0.000759542730129
746	0.00853199762616
748	0.00158276205949
556	0.00206637350821
550	0.00100348358062
239	0.00209081056099
231	0.00724029546194
232	0.00309985295644
233	0.00208347184175
147	0.000810142984472
618	0.0021014085358
142	0.0
143	0.0
141	0.0021682682539
614	0.00100873372159
149	0.00110034652154
948	0.0155150927295
949	0.00103306474113
946	0.00309268580993
947	0.0
942	0.00106840183822
943	0.00156274828081
940	0.00104723029787
517	0.0166042378216
685	0.0039055401101
684	0.000905034465464
687	0.0010852836467
686	0.00274954955893
680	0.00350400611945
133	0.00103330876708
499	0.0072778521005
135	0.00746532785482
134	0.00102820132958
138	0.0
491	0.00171360277491
493	0.00327006869498
24	0.00209609251283
25	0.00151546306886
29	0.000794345089927
406	0.000832110062999
404	0.00110034652154
401	0.00216621985789
933	0.000810142984472
931	0.000810142984472
935	0.00321624735794
934	0.00110034652154
371	0.00214549240232
373	0.00331939469682
372	0.00658768881602
377	0.00213847727044
704	0.00180813235228
706	0.00395794989877
707	0.00695321730687
700	0.000765640186271
392	0.00103500851478
391	0.00552847865007
181	0.00109943526899
796	0.00101540207408
795	0.00111088805153
791	0.0
790	0.00830917212082
798	0.00106987433575
586	0.0216696774536
584	0.0016572314628
582	0.00104952650666
581	0.00106840183822
245	0.00520550374144
246	0.0024706183431
249	0.0
248	0.00103932764644
924	0.00155855897755
511	0.00111181457938
510	0.0
513	0.00172869683857
1004	0.000788171206401
1001	0.003703825624
1000	0.00102790632888
458	0.00156419150179
622	0.0
951	0.0103367616525
624	0.00104453185184
450	0.00318974227145
629	0.00544769388127
628	0.00106840183822
456	0.00107488245899
178	0.00319810442806
175	0.0
173	0.00151102722306
171	0.000810142984472
170	0.00108728525408
977	0.00474546349721
972	0.000810142984472
971	0.00107494195691
978	0.00110634081841
656	0.00109943526899
657	0.000751927045298
180	0.0
2	0.00103928356692
184	0.00109880020151
188	0.00109299643932
189	0.002137526161
658	0.00218708639396
659	0.00213625249782
11	0.00109925610122
868	0.00619893772007
13	0.0010344651183
15	0.00502546321852
862	0.0
883	0.0010260082803
881	0.00191858185092
887	0.0
885	0.0010324277591
929	0.0
322	0.00278391648459
321	0.000804648771662
326	0.0010324277591
327	0.0015706349828
324	0.00206778962835
325	0.00110034652154
329	0.00419522846873
775	0.00211277957969
774	0.0
776	0.00105312338215
771	0.0
204	0.00101894989043
773	0.00110235495758
772	0.00636774963092
779	0.000843722920771
75	0.00420045032265
74	0.00617680466061
73	0.00357344500667
70	0.0
78	0.0010344651183
668	0.00106824772785
663	0.0
692	0.0114809678214
696	0.00215606989773
697	0.00218610261982
542	0.00190040615379
543	0.00318654969761
540	0.00724494971087
541	0.00151102722306
8	0.00103932764644
994	0.00207990153956
996	0.00311621880742
990	0.00110576037243
120	0.00527851360644
122	0.0
126	0.00918925328681
414	0.00324760879572
415	0.00322777200061
416	0.0112793084071
410	0.0059153093268
921	0.00203039627635
923	0.00408164892853
418	0.00233923499913
925	0.00109588562333
926	0.00543392373041
319	0.000759542730129
318	0.00272094741741
313	0.00102820132958
310	0.00197688484347
316	0.00215212049167
832	0.00303045049084
833	0.00109925610122
836	0.000775071701197
837	0.000959387105728
838	0.0030728644996
369	0.00170903016557
362	0.0
381	0.00398358738086
383	0.0
388	0.00204828968737
782	0.00515367042811
783	0.000987347993361
788	0.0
573	0.00206233261426
572	0.00110034652154
577	0.00158276205949
153	0.00311271731271
575	0.00412965547556
61	0.00526757564896
62	0.00441714174686
66	0.0
67	0.00770877990145
251	0.000843722920771
256	0.00102820132958
731	0.00249238168891
730	0.00412082196052
732	0.00104898565446
735	0.0010324277591
736	0.0
506	0.00229819918052
738	0.00405813552471
502	0.00939943932901
503	0.000713863053963
500	0.0041296776731
630	0.00750152995127
633	0.00200134649944
469	0.00544165790858
638	0.00504557466592
462	0.00328777871492
168	0.0123919616449
169	0.00107374861603
164	0.00248210505602
165	0.00543396409896
166	0.00409340832298
160	0.00111181457938
963	0.00110220682276
908	0.00103207229204
909	0.0
879	0.00174860108677
874	0.00622428421653
873	0.00207247881973
890	0.00308488626482
891	0.00537361818614
896	0.00106618289895
898	0.000978313688758
356	0.0215843308694
355	0.000810142984472
353	0.00220758011744
803	0.00103500851478
800	0.000879248811539
807	0.0010344651183
804	0.00191783298021
216	0.000759542730129
214	0.00627669784015
769	0.0
762	0.0010324277591
761	0.000958421930916
767	0.00109392742635
764	0.00415412618474
765	0.00607777605344
956	0.00227796336602
288	0.00879890578262
281	0.000856710761629
280	0.00664738178192
285	0.000810142984472
284	0.00337082446408
679	0.000804648771662
674	0.0020539584052
676	0.0
670	0.00257463394041
672	0.00152206774103
260	0.00206637350821
267	0.00916632436767
266	0.00103330876708
264	0.00104952650666
58	0.0
56	0.0
52	0.00204935867183
534	0.0
532	0.0038319365462
538	0.00208479416173
200	0.00107494195691
980	0.00107017890433
987	0.0
984	0.0010324277591
114	0.0
112	0.0051370161191
207	0.00331509206435
429	0.00108177872334
428	0.0
918	0.0015741755971
421	0.0022101209191
420	0.000822630384554
423	0.00166540225005
422	0.0025412078806
425	0.00619167443973
424	0.0021014085358
913	0.00170903016557
912	0.0165259171127
516	0.00296095324326
855	0.00325420854532
952	0.00321835382345
306	0.00425187698225
846	0.00331090259875
844	0.00309731943783
840	0.00207314431768
849	0.0
823	0.00172869683857
751	0.00103500851478
561	0.00441815753672
565	0.002353832059
229	0.00106458535872
227	0.0
220	0.00314386116966
724	0.000821679329279
723	0.00147950324023
720	0.00321922526481
721	0.00308678302008
605	0.00368985152364
607	0.00755779520028
152	0.00205471072804
601	0.0
600	0.000754167631766
157	0.00276436167417
602	0.00410297521426
159	0.00212955157958
609	0.00103396893772
634	0.00303045049084
958	0.0
48	0.00535201477788
46	0.000775390247882
45	0.0
42	0.0010344651183
954	0.00110576037243
40	0.00216447539445
41	0.00215504860444
5	0.00171437865105
485	0.000879248811539
484	0.00215726275454
481	0.000780626829639
472	0.0051586627992
478	0.0
