344	0.00103267832602
0	0.00202005408439
347	0.000915736566313
343	0.00243835806449
810	0.000490597352445
813	0.000485798270334
814	0.00047724393511
349	0.00151656633914
817	0.00149858135085
719	0.000944547298312
718	0.0064237307448
716	0.000460574015491
715	0.000915736566313
713	0.000487983033366
710	0.0029856398806
915	0.00806072093183
916	0.000938863747059
299	0.000483366648513
294	0.00236630789029
295	0.000505586515388
292	0.000978825837821
293	0.000524216463028
290	0.00196077075875
291	0.00099764536552
591	0.00147212787955
590	0.00137108870836
592	0.00146048251183
595	0.00527374924144
198	0.00191249191945
599	0.00151155754477
196	0.000484632397743
191	0.000490587817263
190	0.00468221342625
193	0.00336426479032
192	0.000492585839912
272	0.00191779079219
274	0.000521379540088
275	0.0009480944301
277	0.00231208241357
278	0.000489988138961
526	0.00102418307857
527	0.000465234612199
528	0.00193270802741
443	0.00195308458053
442	0.000488162448261
441	0.0
440	0.00193129514617
447	0.00142482858797
445	0.00103559637801
444	0.000957019742897
108	0.0
109	0.000474052978125
102	0.000471922553297
103	0.000958524615912
101	0.0014318833174
107	0.00147221563648
104	0.00142233649987
900	0.000480461834965
38	0.000484968585374
907	0.000498744530632
32	0.0
31	0.00256009290062
30	0.00189608982997
35	0.000838667846921
641	0.00188400247683
643	0.0
644	0.000937863742211
647	0.000508549192324
439	0.00141927272243
435	0.00287647972049
432	0.000472425675208
433	0.000947148700946
339	0.000505586515388
338	0.000947633783855
335	0.00147888985952
334	0.00595266478849
337	0.00148572400691
333	0.00297328433939
332	0.00238202008034
745	0.000469824272574
854	0.00616364482572
818	0.0
857	0.00253289999974
850	0.00092970563268
851	0.00135529393847
6	0.00150108988236
99	0.00100829464142
98	0.000501439878376
91	0.000471862199132
90	0.00291701595911
92	0.000508549192324
95	0.000472425675208
96	0.00096769820757
740	0.000930649578042
742	0.0123009644173
743	0.00381845754278
559	0.0
558	0.00140692355997
746	0.00489309654621
748	0.000918688365197
551	0.000479759131208
550	0.0010137869982
552	0.00130485336028
239	0.00195333638708
236	0.000956114714864
230	0.00045917087607
231	0.00288951917182
232	0.00189983440263
233	0.000979622295183
147	0.00737106831721
142	0.00301709860929
143	0.00096137369544
141	0.00229945590919
617	0.000476970071433
614	0.00171189097175
149	0.000924199617582
912	0.0085210286136
1004	0.000511757652693
948	0.0081238369253
949	0.00189248023839
946	0.000945304301739
947	0.000943054811893
943	0.000961696302313
940	0.000981468035826
517	0.00764596782401
685	0.00201686068783
684	0.00233788364296
687	0.00243434710483
686	0.00186215228669
680	0.000931013565779
682	0.00188030849521
133	0.000946407863213
136	0.00202737981413
135	0.00244516991303
134	0.000465194853025
491	0.000980479300508
493	0.00209149540669
24	0.00151009063388
25	0.000464657277873
28	0.0009444408536
29	0.0
939	0.0
404	0.000943919579698
401	0.00300727709762
400	0.000491871997793
933	0.000915736566313
931	0.000915736566313
409	0.00201075735525
934	0.000465220626352
379	0.00047383803178
829	0.0
373	0.00102939429478
372	0.0018661775169
377	0.000952247672298
704	0.000948365470777
707	0.000968221048492
700	0.00382132974806
702	0.000463602789582
703	0.000971337177915
392	0.000954172895688
391	0.00112958155592
89	0.000491373307155
82	0.0
181	0.000521379540088
399	0.000482143319968
86	0.00097978759061
795	0.00169376905199
791	0.0
790	0.00479352795665
586	0.0133771471258
582	0.00189453202112
589	0.000972526231658
245	0.00189559962592
246	0.00239132342534
241	0.00136581704288
240	0.000476970071433
249	0.0015211250199
248	0.0
924	0.00187401982587
513	0.000479759131208
512	0.00175206039226
1001	0.000979300698486
516	0.00140679973246
458	0.000456565690244
626	0.000490378403362
624	0.00097144264665
450	0.00143497688001
629	0.00870137753389
628	0.0
454	0.00248097278109
178	0.00798401725847
199	0.00188572126462
175	0.00238490447322
171	0.00137108870836
170	0.00097160255566
977	0.00239044221697
976	0.00201398091668
972	0.000915736566313
971	0.00152428760633
180	0.0
979	0.000894273208807
978	0.00270633687792
656	0.00154675978797
657	0.0
654	0.00234952825148
2	0.00143095590962
187	0.00144245701886
650	0.00282299831467
185	0.000466350265826
188	0.00171189097175
189	0.00976826888263
658	0.00102418307857
659	0.0014791520824
184	0.00144356063525
11	0.000482624182297
868	0.00331895406616
13	0.000967468167208
15	0.00140409835926
14	0.000474723025739
17	0.000508549192324
16	0.000945686875375
19	0.000494101385472
863	0.00441549509395
862	0.00575148084516
866	0.000952911683838
883	0.00251197591406
881	0.0014215457432
880	0.000968221048492
887	0.000481106533617
885	0.00332514386784
752	0.000478698953345
888	0.000475211172631
929	0.00401856883085
809	0.00094513872977
322	0.0019641469847
321	0.000471862199132
326	0.000476970071433
327	0.000492585839912
324	0.000476970071433
329	0.000962886496942
201	0.000978759800706
200	0.00304378108846
777	0.000474723025739
758	0.00278849121901
771	0.00290193826099
770	0.000479759131208
207	0.00171152059756
772	0.00398434955286
209	0.000951132817382
208	0.000477428775682
779	0.000478971633567
76	0.000474723025739
75	0.00297656167414
74	0.00570814769472
73	0.00139003059703
72	0.0
71	0.000951141800098
70	0.00145824107301
78	0.00151155754477
669	0.000482131688632
668	0.000485798270334
664	0.000492905537341
663	0.000975419329473
662	0.00336801285474
692	0.0049078544947
693	0.00255733308309
690	0.000488162448261
696	0.00287948537972
697	0.000485838906278
698	0.00141128942227
699	0.000472402159377
542	0.00334769159981
543	0.00251502489245
540	0.00333218637502
541	0.000945183002233
546	0.00149976950429
547	0.00136288430995
544	0.00241348911188
8	0.000482131688632
994	0.00189508564645
996	0.000943769793663
991	0.000505586515388
990	0.000508549192324
993	0.000982250401154
120	0.00921698547915
122	0.0014135867728
126	0.00474862189013
127	0.00242159284259
928	0.000471695784593
415	0.0044149821111
416	0.00900651763658
410	0.00998619939625
920	0.00256450765876
921	0.00102202939447
922	0.000482614698135
923	0.00343141222859
418	0.000948329540721
925	0.000472425675208
926	0.00231760313469
499	0.00472854736617
319	0.000464657277873
318	0.00142029108367
313	0.00331208431545
311	0.000472425675208
310	0.00482684865636
316	0.00913616186467
314	0.0015060758242
832	0.00242677155958
833	0.00049033410366
836	0.000489113317306
837	0.00564110805202
835	0.000988773679038
838	0.00101656394701
368	0.000482143319968
369	0.00143223091553
364	0.000488162448261
365	0.00102518533726
362	0.00145274491219
360	0.00102418307857
361	0.000472425675208
380	0.000482368983433
381	0.00295590489848
383	0.00385380791579
388	0.00242627908451
784	0.000977086757279
782	0.00763205694978
783	0.00236534872303
788	0.000464028165675
789	0.000472425675208
151	0.000486688496102
572	0.000477574386595
577	0.00778926317698
153	0.000952116956646
575	0.00189944491605
574	0.000474052978125
60	0.000480106771404
61	0.00737315133954
62	0.000477415829261
152	0.000491871997793
66	0.0
67	0.0030037481711
68	0.000960588123469
69	0.000950117647145
250	0.00720639009987
251	0.00189057040464
253	0.00146133871385
255	0.000456565690244
731	0.00189019343872
730	0.000472402159377
732	0.00203132401516
737	0.000974016278115
509	0.000490193497172
506	0.00190417628001
738	0.00659178853254
505	0.000495279479951
502	0.00721879386194
500	0.00334623299217
501	0.0
630	0.00154807777729
631	0.00102418307857
633	0.00144489735162
469	0.0139905415137
638	0.00144130061102
466	0.00095803622156
462	0.00241591639855
901	0.000988773679038
168	0.00806737077252
169	0.000943919579698
164	0.00192077345033
165	0.00366057211978
166	0.00427727505543
167	0.000838667846921
160	0.00152831035088
966	0.000473618430666
963	0.000605686857192
969	0.000469039474485
935	0.00242915476244
909	0.00198568795177
879	0.000938213384198
874	0.00284264374042
872	0.000936665203046
873	0.000945294156369
870	0.000971878705943
891	0.00153603866527
898	0.000476198845638
899	0.000946948235991
646	0.000956370428911
356	0.0118742612459
355	0.000915736566313
808	0.0
353	0.000521379540088
803	0.000477079839257
802	0.000971978769196
804	0.000940798592353
214	0.00786162541291
769	0.000982250401154
762	0.000971071456905
763	0.000491133932166
767	0.00248188369485
764	0.00141313407586
765	0.00523196242554
957	0.000838667846921
956	0.00235574439483
289	0.000472595182393
288	0.0052276161135
281	0.000511701679291
280	0.0112439271853
285	0.00137671496281
284	0.00140100985271
679	0.000958154767228
674	0.00190431917457
670	0.000488162448261
672	0.000464657277873
267	0.00291815984734
266	0.00189677843754
264	0.00143487460448
58	0.000496511783393
56	0.00094513872977
50	0.0
53	0.000964570263878
52	0.0028400756614
537	0.000959797759114
535	0.00143411532666
534	0.00248998029547
532	0.00096011794718
531	0.00145684040906
530	0.00255623152913
538	0.00152547551029
775	0.000491871997793
774	0.000470399493295
980	0.000987006922813
987	0.0142004687726
984	0.00331797382474
114	0.000938863747059
776	0.000486500440206
113	0.000479759131208
112	0.00523693135698
118	0.00206278150723
773	0.000523894698723
256	0.0023685631632
429	0.00148797946918
428	0.010669727663
918	0.00326172760247
421	0.00335466977483
423	0.00335726609669
422	0.00233237723928
425	0.00378585927305
424	0.00256679463778
426	0.000482624182297
855	0.00145882014231
301	0.000838667846921
302	0.00101656394701
304	0.0
306	0.00245138684836
307	0.00347783386251
846	0.00154807777729
844	0.00279883529852
843	0.00149574422062
840	0.000945294156369
849	0.000945595594788
823	0.00192465997625
568	0.00189922618032
569	0.0121218751073
754	0.000491871997793
561	0.0025726086438
759	0.00047435031577
563	0.00096137369544
565	0.003758742095
566	0.000971320893844
229	0.00315401198431
228	0.00100884941874
227	0.0
226	0.000482368983433
223	0.00048903447792
220	0.000485763649382
724	0.00254424607802
722	0.000479759131208
723	0.00139403111725
720	0.00291736603665
721	0.00237212904257
605	0.0110630742944
150	0.000972958285957
607	0.0103391662892
606	0.000472713054562
157	0.00188380502556
602	0.00427141938008
159	0.00298259382012
609	0.00195023425315
83	0.00244489771335
634	0.000980819212552
48	0.000938212464958
951	0.00488416356777
950	0.000482143319968
953	0.00101656394701
952	0.00202753921219
955	0.00141887978494
954	0.000838667846921
40	0.00287034413925
41	0.00139403111725
5	0.00148669992905
488	0.000477305397468
485	0.00096027449676
484	0.00103559637801
483	0.00100411926739
482	0.00378899894148
480	0.000472425675208
472	0.00522646559439
473	0.000469475047094
470	0.00100884941874
476	0.000484632397743
474	0.0
478	0.0
479	0.000469039474485
