344	0.00230138974533
0	0.0104992718091
347	0.0018200293703
343	0.00179883833062
810	0.00135188059362
811	0.000455911743853
813	0.00227845051825
814	0.000457947084637
349	0.00184685947033
817	0.000921463945312
719	0.000906117641889
718	0.00594351468522
716	0.000457312508226
715	0.00136569988618
713	0.000456417444704
710	0.00272606866995
915	0.0143022590376
913	0.00219232358181
299	0.000847132776598
294	0.00275221245191
295	0.00045714573391
293	0.00276088053419
290	0.000455952177166
591	0.00137688444327
590	0.000455700999493
199	0.00180253851429
198	0.000456902817082
599	0.00228236066574
197	0.000453167242449
196	0.000914330275043
191	0.000913571825203
190	0.000917382633499
193	0.0018343472526
192	0.000899409551754
272	0.00229354437657
274	0.000463386379408
275	0.000896569126004
277	0.000455700999493
278	0.00091218349014
527	0.00136706070101
522	0.000460645891075
528	0.000910633003943
443	0.00182926013372
441	0.0
444	0.000438449605483
109	0.00043760568404
101	0.000885711252358
106	0.00128312456852
107	0.00182360707577
104	0.00137067629213
105	0.000899147155151
900	0.00137605245853
38	0.000898907056424
906	0.00172888355521
907	0.000445693620389
904	0.000457312508226
33	0.0018266675241
32	0.00183458284656
31	0.0032407801042
30	0.0018276307891
35	0.00276859779917
641	0.000454922820013
643	0.00135015537962
644	0.0036013283667
647	0.00185095147611
439	0.00365493806416
649	0.00088355412161
437	0.000449974770817
435	0.00228996310729
432	0.000454922820013
433	0.000907873219454
431	0.000462050571832
339	0.00045714573391
338	0.000454922820013
335	0.0107943745116
334	0.00639214731499
337	0.00218371141425
333	0.00136813964973
332	0.000914445215325
744	0.000913367812071
745	0.000902925170257
854	0.000872130490526
855	0.00136968642898
857	0.00416772650928
850	0.0063460340683
851	0.00276795834264
819	0.000453029295877
858	0.000461874207452
6	0.00136503010442
99	0.000913718986187
98	0.00456368945499
91	0.000906289118149
90	0.00731249573135
92	0.00185095147611
95	0.000909524648629
740	0.001766220782
742	0.00686197261788
743	0.00183572890257
559	0.00212087220906
558	0.00090424492431
746	0.00365415466293
748	0.000911108534213
749	0.00181421910386
551	0.000438449605483
550	0.00138242297096
553	0.000449434780937
552	0.00138899288205
239	0.00182938324381
236	0.000906008033214
231	0.00273331029456
232	0.00319477649665
233	0.00136545672726
147	0.00729163736508
142	0.00323265014129
143	0.000918950224536
141	0.000925712073994
613	0.000457149500843
611	0.00135031109742
617	0.000914865205501
614	0.00185036738068
1004	0.00134464252947
948	0.00822512898014
949	0.000913698669551
946	0.00137113142703
947	0.00091712340917
942	0.00181248159524
940	0.000914161617896
514	0.00265825905212
517	0.000920341842321
685	0.000449740348668
684	0.00136096324305
687	0.00229192158757
1000	0.00356949435457
680	0.00137045016015
133	0.000456952700288
132	0.000867193745295
137	0.000454699698556
136	0.00277833196805
135	0.00365573709559
134	0.00136423449811
139	0.000878234781284
138	0.000912666062621
490	0.000458129511162
493	0.000463206272734
24	0.001838270732
28	0.00136341471976
29	0.00090074589917
407	0.000445693620389
939	0.00178781738691
404	0.0018359830778
401	0.00228806241077
400	0.00270825129969
933	0.000910686911439
931	0.000455700999493
936	0.00134143650141
409	0.000913718986187
379	0.000461769049491
378	0.000878105004171
828	0.000902925170257
371	0.000457063293765
824	0.000463148872343
373	0.000927192294626
372	0.0013721585128
374	0.00135798724339
377	0.00136870176741
376	0.000457585535866
704	0.00136991002665
706	0.000454591351967
707	0.00410884843656
700	0.00135539193935
702	0.00855523992089
393	0.000445693620389
392	0.000460078140949
391	0.00185326981716
390	0.000907739820032
83	0.000905124561578
399	0.000434021967666
86	0.000915093182378
796	0.00135932715677
795	0.0023164866325
790	0.0050217072239
799	0.000438449605483
607	0.00182540508919
586	0.0105335177688
587	0.0
584	0.000457585535866
585	0.000914368923439
582	0.000454922820013
581	0.00136668623836
589	0.000455420414657
245	0.00318968468418
247	0.000442724019913
246	0.000885711252358
241	0.000463148872343
249	0.00227229799648
248	0.00225790780119
924	0.001802685197
925	0.00091025537025
519	0.000456573252277
518	0.00878529704587
510	0.00305548404893
513	0.000438449605483
512	0.00138455191608
1003	0.000456342708357
1002	0.000446533881156
1001	0.00179580792307
516	0.00181014565272
622	0.000858173812587
951	0.00500089028792
624	0.0013678482713
450	0.00183515802051
629	0.00413326786237
628	0.000913360509059
454	0.00319500660815
178	0.0123397857717
595	0.00459083936816
175	0.00179131453901
173	0.000451311118233
171	0.00136871655624
170	0.0013696671172
977	0.00444504791637
976	0.00229032450554
972	0.000455700999493
971	0.00185163232127
180	0.0
978	0.0101660152182
656	0.000925995471479
654	0.000458291969414
181	0.000463386379408
652	0.000445693620389
187	0.000459549435678
650	0.000449974770817
185	0.00271967502941
188	0.00184646605498
189	0.00270831238136
658	0.000925241425164
659	0.00045759360572
184	0.00267740081847
868	0.00320175339362
13	0.00182069310106
15	0.000914456237335
14	0.00270449783782
17	0.00185177555633
863	0.00136732904823
862	0.00458022661327
865	0.00045742745796
883	0.00133970631504
881	0.00226294845902
880	0.000456600698715
887	0.000456972763743
886	0.000446987923424
885	0.00183194031977
752	0.00182366287973
888	0.00185095147611
929	0.00228437782666
809	0.000910936377881
322	0.000431077281257
323	0.000891254921118
320	0.000445693620389
321	0.000453383401181
326	0.0
327	0.000449974770817
324	0.000435745321654
329	0.000456270322703
688	0.000449434780937
201	0.00134828269915
200	0.00463181621084
203	0.000907739820032
771	0.00045509648557
207	0.00694161541464
772	0.00410845712506
208	0.00090074589917
779	0.000891862351124
77	0.00137048815458
75	0.00275159938327
74	0.00183223833913
73	0.000890947204235
71	0.00045931851245
70	0.00317310133185
78	0.00182928267279
2	0.000456549141893
686	0.000455700999493
669	0.000916922041262
668	0.00228580548245
664	0.000449434780937
663	0.00132453349317
662	0.00275140987304
660	0.000458993898008
692	0.00410593102337
693	0.00182813708921
696	0.00457035583792
697	0.00182949266965
698	0.000454922820013
542	0.000873958097098
543	0.00138797310158
540	0.00683638549562
541	0.00179944459622
546	0.00230139855662
547	0.0106407149979
994	0.000910688865449
997	0.00045742745796
996	0.00179289302562
991	0.00229058080155
990	0.00878819817273
120	0.00502521070454
125	0.000435510761371
126	0.00365171673763
127	0.00045931851245
129	0.00045540753472
414	0.00137315049374
415	0.00638223839638
416	0.00365782230827
410	0.000886620650216
920	0.00277266000536
921	0.00226607752261
923	0.00457654651594
418	0.00223557489619
419	0.000459222049299
926	0.00318812427221
499	0.00362779979496
319	0.00223483874867
318	0.000453383401181
311	0.00091025537025
310	0.000910026947113
316	0.0115586008801
315	0.000463139369225
314	0.00137070113659
832	0.00886738153085
833	0.00227491793816
830	0.000457701652069
837	0.00136105468142
834	0.000456342708357
838	0.00231375539965
369	0.00131767472927
367	0.00274493581772
364	0.000456771866172
365	0.000915196676942
362	0.0018201082236
360	0.000461545371636
361	0.000454922820013
381	0.00180787017083
383	0.00411164674058
388	0.000916983860362
784	0.00317836165713
780	0.000886256312819
782	0.00181808477633
783	0.00135742876012
788	0.000857535106985
789	0.0136491293215
573	0.000458129511162
572	0.0013744915125
577	0.000911108534213
576	0.000453167242449
575	0.000456562946752
61	0.00367318342852
62	0.00174219233511
65	0.00548781105163
66	0.000913800588749
67	0.0013851687187
68	0.000910688865449
250	0.00223698996922
251	0.000910936377881
257	0.000458129511162
157	0.00271560317495
731	0.00228747188267
732	0.000457737766517
737	0.000449434780937
736	0.00182480592192
506	0.0117397497255
738	0.00453091447159
505	0.000435745321654
502	0.0082300703055
503	0.00133714305362
500	0.00137349779167
501	0.000453154297827
630	0.00505723052216
631	0.000461545371636
633	0.00274527177207
469	0.00138899288205
468	0.000449434780937
638	0.00134081615282
464	0.000898119224068
466	0.000458762028104
901	0.000453969397071
168	0.00639494591116
169	0.0013783010463
165	0.00646983638812
166	0.000917392027299
167	0.00323157551441
160	0.000458129511162
161	0.000458129511162
163	0.00130667346638
966	0.000456804865319
962	0.0018306820163
963	0.000919567475492
969	0.000443896630303
935	0.00182634551445
908	0.000457163159351
909	0.000458212705731
878	0.0004569821504
879	0.0012964344633
872	0.000454922820013
873	0.00182156291599
870	0.000912479004589
890	0.000454034620071
891	0.00457490475762
895	0.000438449605483
899	0.000449434780937
646	0.00261880339008
648	0.00320524810122
356	0.000456962403993
355	0.000455700999493
808	0.000451311118233
353	0.00323968262119
351	0.00879707225142
800	0.00130418302901
807	0.000451155164507
216	0.00134921952003
214	0.00911983785774
952	0.00231535359352
762	0.000909066041679
955	0.00318753111193
761	0.000896611528257
767	0.000913718986187
764	0.00227898077346
765	0.00548507082564
957	0.000925712073994
956	0.0013577739496
289	0.000450338049716
288	0.00277231671179
4	0.0
281	0.000457312508226
280	0.00461135236032
285	0.000455700999493
284	0.000457585535866
676	0.000435510761371
670	0.00090074589917
260	0.00274117530155
267	0.00414566266186
266	0.0018271060865
268	0.000456417444704
58	0.000458129511162
55	0.000919005358989
56	0.000454922820013
50	0.000422663051217
53	0.00317844999147
537	0.000449434780937
535	0.00265371002314
534	0.00316935679901
531	0.000910936377881
530	0.00182125187714
538	0.000913718986187
775	0.000451311118233
988	0.00231211477092
980	0.000898119224068
987	0.00319191957091
984	0.000458224039488
985	0.000449434780937
114	0.000899036163193
117	0.000456417444704
113	0.00131557753685
119	0.000456549141893
118	0.000906785761805
773	0.000462549163929
429	0.00182654627034
428	0.00509564898387
919	0.0013241822167
918	0.000449540642428
421	0.00138956297428
420	0.000853740332473
423	0.00310940395442
425	0.00593982407306
424	0.00185284378234
427	0.000455332550237
912	0.00502207736
309	0.000442724019913
301	0.00138862202249
302	0.00370481904884
304	0.0
306	0.000914743106563
846	0.0013862345531
844	0.000902924043609
843	0.00356992577546
841	0.000912146316036
840	0.00182219406748
853	0.000451897435951
849	0.00135216956081
823	0.000873958097098
568	0.000922699022962
569	0.00045714573391
751	0.000460951587679
750	0.000926533694206
754	0.00134872494759
561	0.00092109119495
758	0.0017992251007
565	0.00178800457675
739	0.000919854448301
229	0.00183225002607
228	0.00137086836512
226	0.000451311118233
225	0.00134603850845
224	0.000924875535831
223	0.00135616970861
220	0.00045742745796
88	0.00130497555421
722	0.000876055289522
723	0.00178656481031
720	0.00319467848376
721	0.00182869548605
605	0.00226853752124
150	0.000455911743853
153	0.000894440699886
152	0.000915093182378
603	0.000442724019913
602	0.00182761162584
159	0.000912146316036
609	0.00547544828311
634	0.00170359297207
958	0.0
48	0.00315745247751
46	0.000442724019913
950	0.000886256312819
953	0.00185095147611
45	0.000913800588749
42	0.000897745929243
954	0.00185109703949
40	0.000918656681952
41	0.0022286595234
5	0.00090074589917
487	0.000878234781284
485	0.000873958097098
484	0.00185040936402
483	0.000454686934323
482	0.000917901194538
480	0.000454922820013
472	0.00136977220706
470	0.000913718986187
478	0.000460951587679
479	0.000458129511162
