344	0.00263285331287
0	0.00344042588352
347	0.00229483721314
341	0.000756501689775
343	0.00158271597197
810	0.000835792729749
719	0.00168206159448
718	0.0136657162463
716	0.00171408047021
713	0.00332159800128
712	0.0016653827663
710	0.0017185156737
916	0.00171851388507
294	0.00168258016878
292	0.000762238152468
293	0.00427907986809
291	0.00417052141342
591	0.0016873344294
590	0.00166605108358
592	0.00332908069929
595	0.000854944073029
599	0.0017185156737
194	0.0
197	0.000830582213276
196	0.00166400491964
191	0.000833185351298
190	0.00694634841963
193	0.00336106547295
272	0.00328194500425
273	0.000834946634917
274	0.00174531814324
277	0.00250011286266
278	0.00499983916744
526	0.000871771222926
523	0.000839853246167
528	0.00333771868011
443	0.00153293929461
103	0.000844790398133
101	0.00256833003593
106	0.00154858323378
107	0.00418136856002
104	0.0033604364448
105	0.0
900	0.00166859997838
901	0.000843270952981
907	0.000856830756842
904	0.000854944073029
32	0.00340720785736
31	0.00261226725474
30	0.00168097132745
641	0.00249937584677
643	0.000835886207374
644	0.00149881376399
647	0.000876134302929
646	0.000836121260087
648	0.0033605937758
435	0.00422506833718
432	0.000829595551625
433	0.00418660653107
338	0.000829595551625
335	0.00250252922554
334	0.00334806313612
333	0.0137446369524
332	0.0016907754998
558	0.000826454121524
854	0.0016804030173
855	0.00156240465494
857	0.00349266372512
850	0.00917118687091
851	0.00260085451834
858	0.0008577613745
6	0.00257213596933
98	0.0108339010914
91	0.000843270952981
90	0.0108667109322
95	0.000829595551625
97	0.0
740	0.000763062013835
742	0.00500868270956
743	0.00252545853652
745	0.000840727136367
746	0.00249329940103
749	0.000849572372815
557	0.00084087960356
550	0.00248556789933
235	0.000829051135492
236	0.0
230	0.00167110273691
231	0.00332871498337
232	0.0025127018984
147	0.0108075442154
618	0.00164796911226
143	0.0
612	0.00168782929532
617	0.00249838617711
614	0.00087011216889
149	0.000858057040772
947	0.0
942	0.00151679282689
940	0.000843270952981
517	0.00171139776979
685	0.00175313179732
684	0.00413382936549
687	0.0041838323364
680	0.000828986624121
682	0.00419822379664
133	0.00084087960356
137	0.000756501689775
136	0.00262907128341
135	0.00305591983794
134	0.00416389385218
497	0.000798201576609
491	0.00162436622791
493	0.000871771222926
24	0.00262191851601
927	0.00504316169562
28	0.000829595551625
405	0.000782466341377
401	0.00502972626853
933	0.00225830028832
409	0.00171974227573
934	0.000856830756842
379	0.00078611597083
378	0.0
371	0.00084273566109
373	0.00087011216889
374	0.0
377	0.00516540920712
704	0.00166194676093
707	0.000832753211458
700	0.00250704166107
702	0.00325620818323
703	0.0
392	0.000855194459105
176	0.000856203310682
83	0.0
398	0.000832802988536
86	0.000763601714573
84	0.0
795	0.000873954442646
794	0.000840083813571
790	0.00168464724688
586	0.0151534150221
587	0.000828986624121
585	0.0
582	0.000829595551625
581	0.00151679282689
589	0.000834013926979
245	0.00332525228621
246	0.00341758000702
243	0.000860433265647
249	0.00429410096371
248	0.000843270952981
924	0.00226041542826
511	0.000829595551625
510	0.000864009779463
513	0.000840810288323
1004	0.00237943817755
515	0.000841310034223
514	0.0
1001	0.000798201576609
516	0.00167716834887
458	0.0008259826455
622	0.0
951	0.00167044445042
624	0.000826264443649
450	0.00666308295458
629	0.0139181774262
454	0.00583414639295
457	0.00601690305663
178	0.00852981831715
199	0.00452634934223
175	0.000826264443649
171	0.001510626488
170	0.00391838831347
977	0.00559492880121
971	0.00175835454483
978	0.000868694359183
656	0.00174186206274
657	0.000747480942956
654	0.0008577613745
2	0.00424636195295
184	0.000858057040772
188	0.00175864616213
189	0.00340767990512
658	0.00173690001735
650	0.000839347901326
868	0.00168477860023
13	0.00253955149067
12	0.000833317437553
15	0.000833317437553
14	0.000751332821038
17	0.00175054748891
16	0.00172353963779
19	0.000856830756842
862	0.00257213596933
866	0.000856830756842
883	0.00171408047021
881	0.00167689927517
885	0.00083406177908
569	0.00256808804652
322	0.00232414898472
321	0.000823017511315
327	0.000834382098615
688	0.000813471380651
201	0.0
774	0.0
777	0.000856830756842
776	0.00167082309629
771	0.0
772	0.0025090846815
209	0.0016831697589
208	0.000791899833811
77	0.00253193121324
75	0.0151764082436
74	0.00504901254764
78	0.00166709167628
663	0.00162347359583
662	0.0015497176854
692	0.00244640044863
693	0.0154376701752
697	0.00156240465494
542	0.0058773970633
543	0.000878523794504
540	0.00166007431968
541	0.00154953439765
546	0.00668398127786
8	0.0
994	0.00249192808996
997	0.000835492639409
996	0.00382154834121
991	0.00257084252149
990	0.000862059083929
120	0.00419244587383
122	0.00171347195291
125	0.0
126	0.00589115829891
127	0.0102703943065
414	0.000835492639409
415	0.00166866812034
416	0.0142965116934
410	0.000852573847652
413	0.00167447941141
920	0.00521909145781
921	0.000830582213276
923	0.0108035466483
418	0.00155980324088
499	0.00167876359239
318	0.000845509959235
313	0.00168005899398
311	0.000829595551625
861	0.000856830756842
837	0.00252561825081
838	0.000878887376751
369	0.00253201286932
364	0.00167623772771
362	0.00337082222681
360	0.000871771222926
361	0.000829595551625
381	0.00166974333121
383	0.0016630005511
388	0.000856203310682
784	0.000835231515243
780	0.0
782	0.00588811435715
783	0.000839347901326
789	0.000829595551625
151	0.000818141217039
573	0.00167395262059
572	0.000838123988399
571	0.0150168415128
577	0.00159247335592
575	0.00336464206699
61	0.0119727578165
62	0.00334528576578
64	0.000864009779463
67	0.00261296908554
68	0.000829595551625
253	0.00163923111785
250	0.000841475048405
251	0.000829595551625
256	0.00168381948059
257	0.000830819568339
731	0.00166712259845
732	0.000861106365873
509	0.0
506	0.00375354592395
738	0.00334355749762
502	0.00684346854601
500	0.00420814103439
630	0.00523419290314
631	0.000871771222926
633	0.00340662121728
469	0.00088185007467
466	0.0
460	0.000835492639409
462	0.00167337293795
168	0.0142979078516
165	0.00344626775126
166	0.00252417957703
167	0.00610444841178
160	0.0034545976553
161	0.00083406177908
966	0.00074897270042
963	0.00171315113152
969	0.000791899833811
935	0.00250234560763
908	0.000841475048405
879	0.00153206870765
872	0.000829595551625
873	0.00165469728289
870	0.00166712259845
890	0.00248972238616
891	0.00430117393652
898	0.000835492639409
356	0.0177031508811
809	0.000829595551625
353	0.00173164322699
352	0.000832631491088
802	0.0
214	0.00501128515146
762	0.00168324888107
761	0.000838023332286
767	0.00085998779382
764	0.00249489411607
765	0.00840374987857
281	0.00169017558827
280	0.00349237534079
285	0.00083406177908
674	0.000855194459105
676	0.0
670	0.000833633185201
671	0.00251348446931
263	0.000844553081798
260	0.00504986817312
267	0.00683487547798
266	0.00084087960356
269	0.00166978029514
268	0.00584572124024
56	0.00333420868261
53	0.00249099733324
52	0.00168388855958
537	0.0
535	0.00336776952926
534	0.00258747395977
532	0.000833633185201
531	0.00165864668712
530	0.00260943658396
538	0.00257477677898
988	0.000874096158366
200	0.00613500409814
980	0.0
987	0.0249136204564
984	0.00252345977234
114	0.000854944073029
117	0.00166736340832
113	0.00168160446319
112	0.00169098718885
119	0.000835074874066
429	0.00167060176346
428	0.00350022904135
915	0.00173173028539
423	0.00506392098379
422	0.0
911	0.0
910	0.00083406177908
912	0.00673171957235
306	0.0
181	0.00087011216889
847	0.00174631956
846	0.00174732798772
844	0.0
843	0.000861014779013
840	0.000829595551625
849	0.00165469728289
823	0.00252241405006
568	0.00315256392983
752	0.000833185351298
754	0.00169274344684
561	0.00262041646036
759	0.000841233785062
758	0.0
565	0.0008259826455
566	0.0016477344062
739	0.0
229	0.00155779112496
228	0.0017185156737
220	0.000843270952981
724	0.00171595885204
720	0.00331922529819
729	0.00086252485878
605	0.0017185156737
607	0.0083899600732
603	0.0
602	0.00168471687185
159	0.00668810498096
394	0.00083406177908
609	0.00159218387755
48	0.00248185750086
46	0.0
952	0.00262043725928
955	0.000829595551625
40	0.00251424719117
5	0.000811548440657
482	0.0033529961424
472	0.00504865264327
470	0.0017185156737
