214	0.00560583159639
762	0.0128805146058
760	0.0
761	0.00129069913288
663	0.0
662	0.00154576328865
765	0.0229188871849
137	0.0
135	0.0
24	0.00305510678563
693	0.00161303585273
29	0.00129069913288
289	0.00309722392546
0	0.0356460966644
540	0.0
404	0.00158521361415
546	0.00894000684562
547	0.00154576328865
810	0.00304246114867
812	0.00220218225666
814	0.00329320813204
409	0.00161303585273
994	0.0
997	0.00776200362939
628	0.0
991	0.00161303585273
719	0.00130538969915
718	0.00811585061948
674	0.00308084206947
714	0.00301166845073
670	0.00266040970949
710	0.00161303585273
260	0.00301166845073
267	0.0125662814307
126	0.0323982538733
264	0.0
767	0.00319824946688
977	0.00168351282286
528	0.00328266822018
52	0.00650488283475
414	0.00905969999788
415	0.0
416	0.0130168469092
534	0.00154576328865
410	0.00131000200782
532	0.0169088633448
531	0.0
530	0.00305510678563
294	0.0064877171591
912	0.00651196407443
418	0.0
293	0.00154576328865
538	0.00161303585273
591	0.00301636336548
775	0.00158521361415
199	0.00304942462601
891	0.012203039924
599	0.00161303585273
980	0.00126352657489
67	0.0
700	0.00129069913288
987	0.0
702	0.00146421101186
192	0.00364626837256
270	0.00129069913288
742	0.0451401124181
113	0.00331839538298
277	0.00128520942964
83	0.00301636336548
86	0.00328266822018
118	0.00269058060325
379	0.00154576328865
836	0.000791869584372
837	0.0
790	0.0064877171591
581	0.0
535	0.00661276109395
522	0.00870964757325
369	0.00981231391437
915	0.00907115922656
364	0.00340751990824
365	0.00133455010829
425	0.00323918452905
607	0.00661208762771
828	0.00158521361415
586	0.00963090258148
692	0.0
542	0.00959479522371
443	0.00301636336548
306	0.00599031715709
245	0.0
381	0.0038226790517
383	0.0
913	0.0032821282258
249	0.00161303585273
107	0.00825480367928
881	0.00151201031131
105	0.0
784	0.00301636336548
900	0.00605479586107
923	0.00301636336548
851	0.0029739537916
782	0.00622248642166
783	0.00202722305879
924	0.00404887113739
789	0.0
849	0.0
519	0.00161303585273
643	0.00131455159873
644	0.0058946221106
646	0.00323128493406
648	0.0387663439973
433	0.0
517	0.0491734732551
516	0.00229280554182
335	0.0041316388903
629	0.00305510678563
570	0.00328266822018
576	0.00158521361415
333	0.00161303585273
332	0.00329320813204
61	0.0385746271035
62	0.00644601906095
178	0.00315879914138
250	0.0
251	0.0
173	0.00315374078718
886	0.0
854	0.0154523989046
541	0.00263305507911
746	0.00593306745643
730	0.0032563502047
899	0.00295213765164
248	0.00548413382801
657	0.00315374078718
654	0.0
2	0.0
650	0.00129069913288
6	0.00161303585273
506	0.0302733367833
738	0.0
78	0.00319824946688
502	0.00458698964433
500	0.00985286692629
659	0.00301636336548
568	0.00301636336548
751	0.00623048590075
633	0.0
737	0.0
833	0.0
565	0.00308084206947
99	0.00161303585273
984	0.00972427822449
885	0.00323918452905
228	0.00161303585273
90	0.0090125761304
166	0.0063095855602
314	0.00161303585273
161	0.0
220	0.0
11	0.0
868	0.029228650231
13	0.00129069913288
14	0.00387067066832
963	0.0
862	0.0108746255937
969	0.00129069913288
841	0.0
89	0.0060725096095
935	0.0
721	0.00328266822018
728	0.00137520027985
605	0.00692350046933
630	0.00131455159873
153	0.00160873892772
743	0.00634157218889
887	0.0
745	0.00158521361415
157	0.00308084206947
602	0.00317931290036
159	0.00301636336548
889	0.0032563502047
550	0.00298589511491
553	0.00335175389129
996	0.0
239	0.00301636336548
976	0.00161303585273
236	0.000891643238489
231	0.0
232	0.00328266822018
233	0.0
929	0.00319824946688
950	0.0
322	0.0
5	0.00388599733057
362	0.0
329	0.0
688	0.00158521361415
201	0.00206105475841
774	0.0
776	0.0
771	0.0
796	0.00127927042638
898	0.00268147563621
208	0.00271106592616
617	0.0
803	0.00606673718438
75	0.00549749546479
485	0.00638068404369
687	0.00908072272535
573	0.0
480	0.00158521361415
948	0.0064877171591
949	0.00652781775546
946	0.00323918452905
947	0.0
942	0.0
940	0.0030330881879
356	0.0157270628237
470	0.00161303585273
1001	0.00528028561282
685	0.00662395555966
478	0.00623048590075
804	0.00129069913288
