344	0.00118430562131
0	0.0017712291602
347	0.0
340	0.000591620516546
810	0.000587282619312
812	0.0011839273717
814	0.000592044719577
349	0.000590617033515
817	0.000592201765673
718	0.00472763950321
716	0.00118126884858
715	0.0
713	0.00118559381795
712	0.00118398986138
710	0.00175448527958
915	0.00887757982889
916	0.0
910	0.000591547907879
299	0.000562623876792
294	0.0041414393558
295	0.000590513800649
293	0.00177125714611
290	0.000591547907879
291	0.00118712890509
591	0.00295068130222
592	0.0017784168768
595	0.00354348445555
599	0.000590513800649
196	0.00177695399995
191	0.0011842122652
190	0.00177619753119
193	0.00118453883812
192	0.00117641446701
272	0.00236996550688
275	0.0023489623408
278	0.00236977224335
526	0.00118409341494
528	0.00118355607868
443	0.0029628764148
447	0.00236793989461
103	0.000585944782584
101	0.00117316144821
107	0.00412499602185
104	0.00118462515243
105	0.000587623255297
900	0.00355381367179
901	0.000592510780847
907	0.000591936776381
904	0.00118187377976
32	0.000591816606444
908	0.00118459319777
37	0.0011840841608
35	0.00177636925748
643	0.00117448632247
644	0.0029256410052
647	0.00177563656443
439	0.00177708424564
648	0.000589631213084
435	0.0023681447815
432	0.000592343023561
339	0.000590513800649
338	0.000592343023561
335	0.0140993663763
334	0.0118416084774
337	0.0017660698395
333	0.000590513800649
332	0.004736518104
854	0.000592361940843
857	0.00414489028134
850	0.00293892293211
851	0.00355137241936
852	0.000591547907879
819	0.000590609815334
858	0.000591404838542
6	0.00118078172897
98	0.00118712890509
91	0.00946194528374
90	0.00829023154837
92	0.000592290781824
742	0.0142175864601
743	0.00354970747064
559	0.00169126174298
558	0.0041496414541
746	0.003552572816
550	0.00177673028495
553	0.000587282619312
552	0.000592201765673
239	0.000592714326281
236	0.00293937975453
231	0.00176963883839
232	0.000592398447423
1	0.000578026696348
147	0.0
142	0.0071070178746
143	0.000589821445759
141	0.00118374967355
612	0.000591547907879
613	0.00118425813415
617	0.00236847920158
614	0.000592201765673
1004	0.00176482365171
948	0.000592162285007
949	0.000592300425386
947	0.00177728532828
940	0.000591547907879
517	0.00473542449187
685	0.00118435065066
684	0.00829656731817
687	0.00295792938322
680	0.000592437403854
136	0.00296112822265
135	0.00176861234889
134	0.00237039492955
139	0.00511496815054
497	0.0
491	0.00117136695377
493	0.00177684875398
24	0.00473598520911
25	0.00177828370486
28	0.0
29	0.00176793963894
407	0.00355109014222
939	0.000567399506656
404	0.000590647309247
402	0.0068510053378
401	0.00296712789821
400	0.000592510780847
936	0.000578026696348
409	0.00118096123188
934	0.000590647309247
379	0.000592620881722
371	0.000591547907879
373	0.00059223205775
372	0.0023625449004
374	0.000592964003696
708	0.0
704	0.00237018640565
700	0.00414160821059
702	0.00117070813753
176	0.000592170205978
181	0.00117988702222
399	0.000587048746562
86	0.00118520193731
795	0.00236946671131
791	0.0
790	0.00473836071675
798	0.000592964003696
586	0.0183551495789
587	0.000593115763645
585	0.000592382057774
582	0.00235467482994
580	0.0
581	0.00177160811624
245	0.001179343745
246	0.00176199223185
241	0.00118416749181
243	0.00118316842442
249	0.00236171290528
248	0.00177485914445
924	0.00175489914809
519	0.000590513800649
510	0.00113749846153
513	0.000592916331746
512	0.00118455265104
515	0.000591547907879
514	0.000562478058494
1001	0.00527605816063
516	0.00117871463454
458	0.00177859357856
622	0.00395867356432
624	0.00294903104128
450	0.00355510699418
629	0.0213179700442
628	0.000589497808166
454	0.00415035980391
178	0.0177147470548
199	0.00175716357633
175	0.00234734117855
173	0.00175830040444
171	0.000592272740618
170	0.00177508437262
977	0.00528704136559
976	0.00118116783467
971	0.00118498053685
180	0.000591962176786
979	0.0
978	0.0136176750951
656	0.000591816606444
654	0.00118344230692
2	0.00236927062373
652	0.000590267928318
187	0.00177762501905
185	0.00413818249877
188	0.00473542024513
189	0.0141663260936
658	0.00118462676203
659	0.00118547478454
11	0.00059237734176
868	0.00118119007574
13	0.000591235409773
12	0.000593007107254
14	0.00351100143285
18	0.000564472297542
863	0.000592510780847
862	0.00530828726385
865	0.000591547907879
866	0.000585944782584
883	0.00414131833011
880	0.0011849545817
885	0.0011836734718
569	0.00118206170853
321	0.00237152276926
327	0.00117425524246
324	0.00116164686275
329	0.00177187087027
688	0.00117526388038
201	0.00117755054763
200	0.00177665798186
776	0.00118371811386
771	0.00177747507048
207	0.005921072394
206	0.000570098954872
209	0.000592061773799
208	0.00176227571897
779	0.00118362775837
77	0.000592446201991
76	0.0017619160165
75	0.00236399097121
74	0.00117869983137
71	0.000590596067189
70	0.00117482513438
78	0.00118116189129
664	0.000587282619312
663	0.000578026696348
662	0.00414723615447
660	0.000592620881722
692	0.00651224611845
693	0.00295584041089
696	0.00296040728325
697	0.000591754982075
695	0.00296272859385
698	0.00353699687181
542	0.00177625695121
540	0.00295006332527
541	0.00117093548696
546	0.00414381418245
547	0.00295816439984
544	0.00118466367152
995	0.000592179956731
994	0.00176978897102
997	0.000591547907879
996	0.00234496325347
991	0.00236538602867
990	0.00295926154732
993	0.00118405868873
120	0.00296137215944
122	0.00177546938697
125	0.00170197075907
126	0.00236894637002
127	0.00294894901152
414	0.000592414626676
415	0.00296496806783
416	0.00592050571236
410	0.000590267928318
413	0.00236835572672
920	0.00118336451432
923	0.00829048704116
418	0.00235116997673
499	0.00296416134854
319	0.000585944782584
318	0.00118564325543
313	0.00414389850879
311	0.000589730104456
310	0.000592162285007
316	0.00236813153293
832	0.00462813844885
837	0.00118394717286
834	0.00118365603528
835	0.00118405868873
838	0.00296092839893
365	0.000590267928318
362	0.00355168720018
360	0.00118409341494
381	0.0035244329148
383	0.000592008170801
385	0.000587282619312
388	0.00293814325595
784	0.00177848560544
780	0.00225445644543
782	0.000592104137796
783	0.00118322927079
151	0.000592273916739
573	0.00177472896878
572	0.000592441953505
153	0.000592414626676
575	0.000592398447423
61	0.00532393981463
65	0.000591547907879
66	0.00117793826646
67	0.00296126565086
250	0.000590513800649
251	0.00118461576418
256	0.00177619368612
157	0.000592170205978
731	0.00236943206467
730	0.00118417129913
737	0.000587282619312
509	0.00117617040092
506	0.00409764602925
738	0.00118322927079
505	0.000588627509543
502	0.00708732281783
500	0.00473593736421
630	0.00296163120323
631	0.00118409341494
633	0.00296140064711
469	0.00592211353414
468	0.000587282619312
638	0.00117928355583
464	0.00176719156915
927	0.000591547907879
168	0.00355388250699
169	0.00118124337644
165	0.00118453390458
166	0.00177626877838
167	0.00355311886284
160	0.0029609627023
161	0.000592162285007
966	0.0
963	0.00118391952746
935	0.000592188216426
872	0.000592427369239
873	0.000589394933288
870	0.00118567771356
890	0.00118455072523
891	0.00414603699186
356	0.0148003799654
809	0.0
808	0.000587282619312
353	0.000592372814818
802	0.00177703738433
216	0.000592927320541
214	0.0408126635338
769	0.000592510780847
213	0.000591203109174
762	0.00236771856644
761	0.000592379463824
767	0.000590513800649
764	0.00176763599643
765	0.00296095334903
957	0.00118491609195
956	0.00177797679895
288	0.000592276808493
281	0.000589775067616
280	0.0165679367878
674	0.000592372814818
676	0.00170197075907
670	0.00235255556863
672	0.000592881400239
260	0.00414562996435
267	0.00888393931836
264	0.000592162285007
58	0.000592162285007
56	0.000592249963351
50	0.00113272283166
53	0.00414450847164
52	0.00294922682208
537	0.0011750026149
535	0.00237113435697
534	0.00350185975674
532	0.00234910007682
531	0.00118404747362
530	0.00828759819686
538	0.00177317006209
775	0.00118365603528
988	0.00177037860601
774	0.00059247921819
980	0.00176546503027
987	0.00296122647501
984	0.0011842664228
985	0.000587282619312
114	0.00117731946761
111	0.000592162285007
110	0.00059216442857
112	0.0017762983752
119	0.0
118	0.000587282619312
773	0.0
772	0.00355363869292
429	0.00296712789821
428	0.00355137188276
918	0.00118559733512
421	0.00296140548515
423	0.00644738031125
422	0.00177689414792
424	0.00296184242913
912	0.00473780387776
301	0.00236743104651
302	0.000592276808493
952	0.00177742715997
306	0.00177848560544
846	0.000592276808493
844	0.00592769537034
843	0.00118362775837
840	0.000589394933288
849	0.000587051539297
568	0.00296296323256
752	0.0023625813037
754	0.00118293769664
561	0.00236890454073
759	0.000592162285007
565	0.00118559733512
566	0.000592918457021
739	0.000591547907879
229	0.00177712278677
228	0.00118159788145
227	0.00117731129834
226	0.000589210763847
225	0.000591936776381
220	0.000591547907879
724	0.00294809720484
722	0.000592916331746
723	0.0
720	0.000591547907879
605	0.00177309440368
607	0.00236717176996
152	0.00118520193731
603	0.000562478058494
602	0.00118371417098
159	0.00592177218248
609	0.00355536635844
83	0.00118547478454
951	0.00355541947947
950	0.000587273104077
953	0.0017761008861
45	0.00117793826646
42	0.000570098954872
954	0.000592201765673
40	0.0053314455983
41	0.0
5	0.00176060886828
488	0.000592620881722
487	0.000587273104077
485	0.00118507650962
483	0.00118466367507
482	0.00236945223515
480	0.000592499565737
472	0.00296163556926
470	0.00118078172897
471	0.000592276808493
477	0.00172087734012
479	0.00118312423936
