344	0.00121410794228
0	0.0119057710164
347	0.0
343	0.00416130611219
810	0.00177581341494
812	0.00177992572587
814	0.000598159203705
349	0.00060690306325
817	0.00121346907273
718	0.0155239453082
716	0.00416378825085
713	0.0
710	0.00118718553406
915	0.0114659504648
294	0.00357616401132
295	0.000595229130837
292	0.000596523862245
293	0.00120325909883
290	0.00300707664139
291	0.00239430255496
591	0.00416900462088
595	0.00238433259622
597	0.000592487705759
599	0.00236869804367
196	0.0012007750132
191	0.00298854503934
190	0.0048345447551
193	0.00659056352741
192	0.000590988146439
272	0.00119418157276
273	0.000586146241849
274	0.00121292236981
275	0.0017520522381
278	0.00179913069067
526	0.00121310253436
527	0.0
522	0.00119399548749
523	0.00234757766901
528	0.00179805663014
443	0.00238428366763
442	0.0
440	0.00177536428323
447	0.00178854908342
444	0.00097533491392
102	0.000595014182631
103	0.0011772180476
101	0.00296126918383
107	0.0160185724422
104	0.00119112306485
105	0.000590462272057
900	0.000596419970224
904	0.000597108490653
32	0.00120325909883
31	0.00121253518289
30	0.000595937096445
35	0.00121385783783
641	0.000596259959332
643	0.000609987286797
644	0.00118330468921
647	0.00181697047249
439	0.00119159098082
648	0.00119000125101
435	0.00179108482603
433	0.000595309706533
338	0.00119896002112
335	0.00296196339719
334	0.00836265165452
337	0.00535327046233
333	0.00416820274876
332	0.00417686527246
745	0.0
854	0.000535811213509
855	0.00118797476781
857	0.00180991226307
850	0.0023826890916
851	0.00786788094335
853	0.00178178062159
858	0.00180934571537
6	0.00238065332667
98	0.00239430255496
91	0.00119747795808
90	0.016029511725
92	0.00060690306325
97	0.000594626775149
96	0.00114142864327
742	0.00715734438782
743	0.00298470006176
559	0.00277114405005
558	0.00561063183709
746	0.00179577310557
551	0.000535811213509
550	0.00119606688605
553	0.00178455054493
552	0.00121481158523
239	0.0
235	0.00119737656531
236	0.00118372031975
231	0.00357317720433
232	0.00417390742024
1	0.0
147	0.0011949155558
142	0.00181498599255
143	0.0
141	0.00303368177524
612	0.00176131478235
617	0.0
614	0.00181383241511
149	0.000592277102177
912	0.00536438370047
1004	0.00176733611774
949	0.00119099989432
947	0.0
942	0.00119115063739
517	0.00418858834564
685	0.00182754470418
684	0.00498339632493
687	0.00298412863742
680	0.00120424283778
683	0.000596959159959
682	0.00296616910942
459	0.000598424505489
133	0.000596921038043
132	0.000596322181265
137	0.00177579404948
136	0.0024275653154
135	0.00835201919679
134	0.00298508618081
139	0.000595014182631
138	0.000599507262292
491	0.000592026231971
493	0.00243590390437
24	0.00121310253436
25	0.00250119557906
28	0.000596555530159
29	0.00237424454663
407	0.000602551058271
939	0.00174167292724
404	0.00119190065922
402	0.00167524892266
401	0.00359865458357
936	0.00238124150962
409	0.000595229130837
408	0.000603916801059
373	0.000604817740714
372	0.000595903425444
374	0.000595149370375
377	0.00533207564896
822	0.000594626775149
704	0.000596890003268
707	0.000599128425732
700	0.00295347096709
393	0.00118493672002
82	0.00119995925173
181	0.000604817740714
399	0.000593942776805
86	0.00238246834305
84	0.00118964095778
928	0.000587026669536
795	0.00242731658988
790	0.00295970301492
798	0.000598189466619
7	0.0011820788707
586	0.0125342366959
587	0.00119703770737
582	0.000596259959332
580	0.0
581	0.00356802484214
245	0.0023843497556
246	0.00177208068536
241	0.00060615060818
249	0.00118996231854
248	0.00178377062148
519	0.00059668916738
511	0.000581619588911
510	0.0011322953544
513	0.000535811213509
512	0.000607707229654
1003	0.000599128425732
1001	0.00236658185404
516	0.00353753129636
458	0.00374845249478
622	0.00221794228344
626	0.00118595126219
624	0.000599595920663
450	0.0011950863273
629	0.0139455203927
628	0.00119001706752
454	0.00478745326191
457	0.000592277102177
178	0.0053757363674
175	0.00292415601603
173	0.00118333773384
170	0.0
977	0.00472515885338
976	0.000595229130837
975	0.000592487705759
971	0.00121013490117
979	0.000592487705759
978	0.0139620949648
656	0.00181718390901
657	0.000593493205275
654	0.00178289545616
2	0.00177597470564
652	0.000593054858614
187	0.000596590981108
650	0.000592974486286
185	0.00119133639422
188	0.00242583645053
189	0.00654925302794
658	0.00121271376926
659	0.000593541558728
868	0.00238739091743
13	0.000592487705759
15	0.00180788933473
14	0.00118478276391
16	0.00119455419054
19	0.000595381301599
863	0.00534381141433
862	0.0011899948722
865	0.00179086977059
867	0.0
866	0.00178146107407
883	0.000597108490653
881	0.00117537937921
886	0.000586146241849
885	0.00357467672607
322	0.00237638131862
320	0.000593054858614
321	0.000624366946312
327	0.00117413876442
324	0.00174852191591
329	0.00239668877607
201	0.00118654806389
200	0.00302812269221
777	0.000597108490653
771	0.000596419970224
207	0.00488389982306
772	0.00299076226541
209	0.00119285813449
208	0.00177542626671
77	0.00417340680183
75	0.00836901385056
74	0.0011919788955
73	0.000623824524732
70	0.00119533407033
78	0.000595229130837
669	0.000599853690942
664	0.00118516269559
663	0.00178382827677
662	0.00298200185632
692	0.00418698969928
693	0.00119323915708
696	0.000598494483981
697	0.000593747844548
698	0.00357517640324
699	0.00119218129642
542	0.00169530291609
540	0.00178938087202
541	0.00177426967392
546	0.00119485019258
547	0.00181334552561
544	0.000597982358051
549	0.000596523862245
994	0.00357781035326
997	0.0011958130837
996	0.00295602604017
991	0.00238956039248
990	0.00121410098781
993	0.000593541558728
120	0.033482765899
121	0.000594724016839
122	0.00180240445057
125	0.000552527972094
126	0.00238874729422
127	0.00358446686877
414	0.000609131724359
415	0.00418813709029
416	0.0107460719148
410	0.00237369958326
411	0.000590462272057
413	0.00119876239498
920	0.00181108489241
921	0.000592487705759
923	0.00179169150638
418	0.00531779000302
925	0.000596555530159
499	0.00182120109005
319	0.000627575444219
318	0.000624366946312
313	0.00357640835983
311	0.000596555530159
310	0.000594344639514
317	0.000586146241849
316	0.00543972716466
833	0.0
837	0.0
834	0.000597982358051
838	0.00121124607426
368	0.00117963703473
369	0.00151269426507
365	0.000592185169134
362	0.0036012410507
360	0.00182223425872
380	0.000591506075434
381	0.00236538486666
383	0.00179910466051
386	0.00062628531663
388	0.00119270804397
784	0.000593541558728
785	0.0
780	0.000591385039165
782	0.00298249077089
783	0.00296809768785
789	0.00120539397964
151	0.00120419773554
573	0.000596792141662
577	0.000625705928114
153	0.00295936391658
575	0.00298123676491
61	0.00358126617678
62	0.00376309351381
67	0.00303904416847
253	0.00180684915862
250	0.000596566102212
251	0.000602551058271
256	0.00238427175335
731	0.00601043117641
730	0.000596921038043
732	0.000597108490653
735	0.000594626775149
737	0.00058401768801
509	0.000594626775149
506	0.0041479539889
738	0.0106703442285
505	0.000594626775149
502	0.00656366602024
500	0.00299094626603
630	0.00182079877011
631	0.00121310253436
633	0.00179420967912
634	0.000552269296392
468	0.000593054858614
465	0.00178142782759
464	0.000593054858614
927	0.000599128425732
168	0.00357168516175
165	0.00363064710208
166	0.00357755561649
167	0.0024319232984
160	0.00121341481671
161	0.000592702752673
966	0.0
963	0.00181042108818
969	0.00178079320153
934	0.000596048544741
908	0.00119112306485
909	0.0
873	0.000595723155162
870	0.000601271076708
890	0.00779091373081
891	0.0036503457039
898	0.000593054858614
899	0.0
646	0.0016876946932
356	0.0125366109825
809	0.0
808	0.000593054858614
353	0.00121394946507
803	0.000597565631919
804	0.000589064054878
216	0.000627575444219
214	0.010202957279
769	0.00118996152895
762	0.00238436431197
763	0.000593493205275
761	0.000589064054878
767	0.00119061043244
764	0.000595723155162
765	0.00715279763481
957	0.000607707229654
956	0.00313280215485
288	0.000606951926183
281	0.00177691698978
280	0.0151391843063
283	0.000473840638737
284	0.000604193642028
674	0.000597982358051
676	0.000552527972094
670	0.00178113559939
671	0.00118846069882
672	0.000627378293979
267	0.00179275715551
266	0.00178758216014
58	0.0
56	0.000602551058271
50	0.0011089162113
53	0.000599243057212
52	0.00179047935574
537	0.00236386819756
535	0.000990840402171
534	0.00357079499632
532	0.00176468698146
531	0.000597338928768
530	0.00363518290088
538	0.00239727320853
775	0.000597982358051
988	0.00121640809758
774	0.0
980	0.00119103721666
987	0.00238849455334
984	0.000595581613837
985	0.000593054858614
114	0.00119241819719
112	0.000596921038043
118	0.00178464756207
773	0.000596555530159
429	0.00239561289282
428	0.0054563858535
421	0.00302820530498
420	0.00112178044298
423	0.00529267602769
422	0.0024150485336
425	0.00119076499219
424	0.00242909434598
427	0.0011958611549
426	0.000601080056705
308	0.000590462272057
309	0.0
301	0.000607707229654
306	0.00357151499464
846	0.00121542774883
844	0.00247644845743
843	0.000597108490653
841	0.000593493205275
840	0.00119282534186
955	0.00358001099281
849	0.00174775619201
823	0.00049242667521
568	0.0
752	0.000597716208162
754	0.00119184167835
561	0.00182157835701
565	0.000624366946312
566	0.000602556833261
739	0.000597982358051
229	0.000595149370375
228	0.00178992832446
223	0.000594344639514
221	0.000597982358051
220	0.00178930628897
724	0.00179710524881
723	0.0
720	0.00478890716298
729	0.000592277102177
605	0.00239162870718
150	0.00119528273009
607	0.0017953026716
152	0.000596018032707
157	0.000597982358051
602	0.000596890003268
159	0.0084323234317
609	0.00419329979763
83	0.000593541558728
469	0.0024350495127
48	0.00250550966066
951	0.0
950	0.00177494014761
953	0.00181697047249
952	0.00242456006709
42	0.00114328187367
954	0.000607707229654
40	0.00417629179946
41	0.0
638	0.00175229647748
5	0.000593054858614
485	0.000535811213509
483	0.000954691938173
482	0.00119466139733
472	0.00238500831957
470	0.00119254453773
477	0.000595014182631
