216	0.00350381960919
214	0.00495616598138
952	0.00386354756797
693	0.00239896956085
762	0.00350703197027
761	0.0
663	0.00123574019175
662	0.00170784332327
765	0.00346246876763
133	0.00118261408293
136	0.00508698446085
135	0.0135042555915
134	0.00254136357679
495	0.00093688828422
718	0.00621369227959
538	0.0011514709365
493	0.00243133306204
24	0.00366175502141
25	0.00120024285796
992	0.00122864644528
734	0.00120650890194
695	0.00190034555624
160	0.00121569020315
29	0.0
630	0.004864922077
344	0.00257994922097
288	0.0060786201578
540	0.00123136133309
347	0.0
4	0.00122816948133
401	0.00773982799681
343	0.00246879394854
810	0.0
280	0.0036384336452
812	0.00471814818917
814	0.00116040512196
284	0.00250093612352
409	0.0011514709365
817	0.00386425090903
995	0.0
994	0.00369038813483
595	0.00390712838525
996	0.00228108807146
991	0.0011514709365
679	0.00120024285796
634	0.0
642	0.00120650890194
674	0.00121948739319
577	0.0
677	0.000816531863991
671	0.00123696096584
672	0.00119827156161
710	0.0011514709365
120	0.0193029543692
915	0.00500917003429
122	0.00124444938465
267	0.00366992841246
575	0.00232054014641
126	0.00470659151236
127	0.00120650890194
2	0.00475012551334
767	0.0011514709365
268	0.00124831322727
95	0.00124749862435
977	0.00682179690855
844	0.00239781687395
61	0.0149895475709
528	0.00247089589137
56	0.0
52	0.00117482724408
379	0.00093688828422
415	0.00512162189543
416	0.0142094482723
534	0.00247613307623
829	0.0
531	0.0
299	0.0
371	0.00247996491374
920	0.00368624781758
294	0.0141686738887
295	0.0011514709365
924	0.00116381854408
374	0.00126552045784
702	0.00115996622762
291	0.00256741278818
591	0.00249247873648
988	0.00264094597776
862	0.00333714628858
199	0.00230216305978
147	0.00482578278021
313	0.00817581510573
957	0.00529360556446
197	0.00225048795417
196	0.00130138049909
700	0.00353777008939
316	0.0113207462154
193	0.0016147614871
392	0.00370250756916
272	0.0016922005634
742	0.00623914782616
274	0.00493270275092
112	0.00853696632567
82	0.00122816948133
83	0.00126111865228
119	0.0011774611838
984	0.00234662684831
832	0.0
414	0.00122983027815
795	0.00268509558677
834	0.00122513438951
790	0.00236338463892
629	0.0243129611294
838	0.00255012285781
581	0.00368748116778
535	0.00218237130784
891	0.00737549930701
429	0.002596994245
428	0.00125955561337
526	0.00121569020315
527	0.00125714012134
369	0.00294375326268
421	0.00268509558677
423	0.00164041596379
422	0.00628336561156
362	0.00500080545027
424	0.00268509558677
360	0.0024455204813
541	0.00232247514467
586	0.00233231223379
692	0.00371309404207
819	0.00125099868672
582	0.00123136133309
809	0.0
542	0.00243164329145
443	0.00246846678095
301	0.00268509558677
413	0.00245497266079
447	0.00351853396015
306	0.00505436430319
444	0.000885520083017
381	0.00217057069933
246	0.00160053584091
241	0.00265347014017
445	0.00121564285889
243	0.00125099868672
102	0.0
103	0.000846866880348
101	0.000793549083446
249	0.0011514709365
107	0.00214005780517
104	0.00346376326279
105	0.00123961333209
784	0.00377788963584
846	0.00243125857556
373	0.00123489808191
372	0.00162132170659
780	0.00168161264764
851	0.0103574860851
32	0.00308167464005
31	0.00254893758989
909	0.0
37	0.00116570468124
35	0.00268509558677
519	0.0011514709365
383	0.00244246668061
823	0.00275201524018
647	0.00502243195037
439	0.0023534840297
983	0.00120650890194
648	0.00704311319524
1004	0.00166885740817
432	0.0
514	0.000846866880348
1001	0.00113174049346
516	0.0
458	0.0
883	0.00249665524949
339	0.0011514709365
932	0.00245770002597
335	0.0
572	0.00089131145928
337	0.00248074297818
628	0.00122816948133
499	0.00115659617423
576	0.00115996622762
333	0.0011514709365
388	0.0025105218907
62	0.00094485915713
65	0.00134207635546
66	0.0
178	0.0265247327323
253	0.00122621534616
772	0.00120650890194
978	0.0293915909513
256	0.00234662684831
257	0.0025645344497
950	0.00168161264764
170	0.00122816948133
854	0.00179596362293
407	0.0
857	0.0025340077579
517	0.00125099868672
0	0.0011514709365
530	0.00491803862554
926	0.00120650890194
248	0.00122513438951
656	0.00123489808191
599	0.0011514709365
180	0.0
181	0.00123489808191
187	0.00089131145928
184	0.000774454826243
6	0.0011514709365
506	0.0045370437024
738	0.00698986051002
188	0.00526694189343
505	0.00124204772066
502	0.00348702636926
980	0.00122513438951
500	0.00348856136739
547	0.00268509558677
568	0.00470481626754
569	0.0011514709365
310	0.0
469	0.0213901105189
468	0.0
746	0.0379461027153
754	0.00125023340657
561	0.00364691161568
759	0.0128654357551
565	0.0011655101032
190	0.00987147833123
739	0.00122513438951
38	0.0
168	0.00236169827268
315	0.00123004963526
885	0.00345237548338
228	0.0011514709365
227	0.0
165	0.00643237977456
166	0.00358772275325
167	0.00398396520907
223	0.00246087458125
161	0.00134207635546
868	0.00118261408293
966	0.00115761844818
802	0.00089131145928
15	0.00375807624486
14	0.00232247514467
16	0.00219425647285
19	0.00109289610968
731	0.00748736323953
867	0.0
349	0.00114498656977
727	0.0
722	0.00267895674404
658	0.00253748232247
721	0.00344467745489
397	0.00123696096584
544	0.00120650890194
631	0.00121569020315
936	0.00368929473986
605	0.0011514709365
150	0.00254832007864
607	0.00864818206624
157	0.00243122543031
602	0.00114504316568
159	0.00495778662942
609	0.00381542647608
550	0.00122513438951
553	0.00106482206426
552	0.00134207635546
931	0.0012060910408
90	0.00665713552974
239	0.00519317042239
976	0.00229421704313
235	0.00371393854342
935	0.00122513438951
923	0.0146995707763
232	0.00705824329425
997	0.00110574863507
48	0.00355702143861
774	0.000938991048352
46	0.0
86	0.000816531863991
953	0.00260330325904
45	0.0
43	0.00117438545047
40	0.00716965513062
956	0.0
323	0.0
320	0.000828261611226
321	0.00231902368241
5	0.0
324	0.00253062421759
614	0.00268509558677
870	0.00122816948133
329	0.00123696096584
775	0.00122513438951
200	0.00129056724445
207	0.00268509558677
141	0.00783618312648
704	0.00238453027322
646	0.00285299672748
779	0.0
450	0.00404727776473
803	0.00121948739319
833	0.0012827996208
74	0.00593532966967
912	0.00243872439546
71	0.000774454826243
70	0.00125735385133
951	0.00747314430523
485	0.00094485915713
483	0.00121569020315
573	0.00110574863507
78	0.0011514709365
512	0.00134207635546
98	0.00129266846011
946	0.00118261408293
947	0.00377211462686
942	0.00245821911659
940	0.00124070423091
472	0.00475309432814
356	0.00243361276965
470	0.0011514709365
954	0.00268509558677
353	0.00369886022853
477	0.0
934	0.000774454826243
685	0.00121569020315
684	0.00840493270618
687	0.00245134973567
680	0.00500924517308
