344	0.0033537095486
0	0.000630667816685
346	0.0
347	0.000645672527614
341	0.00200322934968
343	0.00255894450414
810	0.00063432751985
812	0.000623903350802
349	0.000670404555923
817	0.000666579448735
719	0.0021609903843
718	0.00132267862639
716	0.00131491225362
713	0.00193706439325
712	0.000656591552734
711	0.00199107390218
710	0.000630667816685
915	0.0147076906414
910	0.00131638785298
299	0.000657658362368
294	0.00324655214536
295	0.000630667816685
292	0.0
293	0.00199810202527
290	0.00457611113486
291	0.00130227562032
591	0.00390414298604
592	0.00387534774469
595	0.00129612701237
596	0.00131397917456
599	0.0031747638936
191	0.00196060043971
190	0.00201884553893
193	0.0019632851579
192	0.000662418744848
270	0.00107489798958
272	0.0026189277348
274	0.00201825854395
275	0.001159036969
278	0.000654057537667
526	0.00133374589245
528	0.00130933036926
448	0.000596411972717
443	0.00131866477506
441	0.0
440	0.000620074875086
447	0.00194900783513
445	0.000667166443714
444	0.0
103	0.0
101	0.000648699749988
106	0.0
107	0.00371382925871
104	0.00196556987023
900	0.0013047838602
38	0.00188490098908
907	0.000652002580618
905	0.000647292716008
32	0.00264566019133
31	0.00201102309649
30	0.00130871556864
35	0.000666579448735
641	0.00118100401662
644	0.00214925592514
647	0.00333426323565
439	0.000630309396477
436	0.000630336170834
648	0.00196868319062
435	0.000644852747429
432	0.00117567280446
433	0.0017826285178
338	0.00125735312302
335	0.00190496306434
334	0.0052387801608
337	0.00133470317559
333	0.00240400246284
332	0.00516075304258
745	0.00108644031881
854	0.00195514764481
855	0.00133337221663
857	0.00402201694039
851	0.00331507842483
858	0.00127569516498
6	0.000630667816685
98	0.00578646905562
90	0.00582254564622
92	0.00200675837374
95	0.00059077367429
740	0.0
742	0.00262543409512
743	0.00325459808079
559	0.0
558	0.00525947671096
746	0.00129142384527
557	0.00129765022084
550	0.00130619360447
553	0.00124387314763
552	0.00064971464369
239	0.00197407262073
236	0.003067073445
230	0.000646711940577
231	0.00418314505717
232	0.00324012770711
233	0.00247690221891
147	0.00129285587157
618	0.000657553334313
142	0.00200675837374
141	0.00266558156203
612	0.000672429585802
617	0.00390948396791
614	0.00193512839534
149	0.00057496284017
1004	0.00171263265778
949	0.00129876213439
947	0.00197167013115
942	0.000661272583776
940	0.000645848788073
517	0.00261388331008
685	0.000667166443714
684	0.000660179610386
687	0.00326584226417
680	0.00130880545897
683	0.000653729682866
682	0.000546006055439
131	0.000538494460952
136	0.00335109910588
135	0.00528430151468
134	0.00193706439325
139	0.000594127782637
497	0.000549028663699
491	0.000624895852761
493	0.00133374589245
24	0.00333820120253
25	0.000657553334313
927	0.00519019032729
28	0.00059077367429
29	0.00121218687687
407	0.000668101073883
939	0.00130355389946
404	0.000646656036312
402	0.0
401	0.00457412072953
933	0.000645672527614
936	0.000661272583776
409	0.000630667816685
408	0.000666579448735
379	0.00131363757247
378	0.0
828	0.00108644031881
371	0.000646711940577
373	0.000675346064547
372	0.00258738311827
374	0.00132051373205
377	0.00518668982409
704	0.00262132444067
707	0.000642745175297
700	0.00319069968371
701	0.000647057520671
702	0.00214363374674
703	0.000656781917732
393	0.00195487831684
392	0.000639624339428
82	0.000653790112579
181	0.000675346064547
398	0.000655819186269
86	0.000659878441127
795	0.0020046618838
794	0.00325348380984
791	0.000653857839041
790	0.00437109854861
586	0.0117077563128
587	0.0019329114964
584	0.000653494605098
582	0.00059077367429
581	0.0019864533672
589	0.00131275087304
245	0.00239608672049
246	0.00123277387882
241	0.00199810825343
243	0.0
249	0.00124625486758
248	0.000545406126654
924	0.00375962189075
510	0.00130672292485
512	0.000586389830367
514	0.0
1001	0.00269957407615
516	0.00170449810066
458	0.00196865053405
622	0.0
626	0.000586389830367
624	0.000596411972717
450	0.00389540716578
629	0.0146520110966
628	0.0019770406383
454	0.00518843551942
457	0.000666859440121
178	0.0145109357954
199	0.00215231928054
175	0.00234243796209
173	0.00161799473891
170	0.00133903486518
977	0.00330976751981
976	0.000630667816685
971	0.0026859685457
978	0.00330682417415
656	0.00539012567374
654	0.00117634222627
2	0.00449301445625
186	0.0039261740248
187	0.00131397917456
184	0.00196031402553
185	0.000644300280385
188	0.0019803275767
189	0.00184950899015
658	0.00133374589245
659	0.00130503802274
650	0.00162090404502
868	0.000649269384258
13	0.00272431281416
15	0.00130829663
14	0.0108271707936
17	0.00134017892501
16	0.00117569809274
862	0.00127056276764
865	0.000667166443714
866	0.00247788287548
881	0.000538494460952
880	0.000615587050896
886	0.00064047605065
752	0.000656561672816
322	0.0012783938613
323	0.0
320	0.0006123615228
321	0.00131896292112
326	0.000644504309823
327	0.00112055740883
324	0.00196982850925
329	0.000658886299915
200	0.00604159855051
776	0.000655164498356
771	0.00132051373205
207	0.00532768831459
772	0.00521929816786
209	0.000645848788073
208	0.00123243639789
77	0.00315792044321
75	0.00130771807361
74	0.00585164784294
73	0.000659382840762
72	0.00197122246543
78	0.000630667816685
664	0.00063432751985
663	0.00258236754412
662	0.00328859416133
660	0.00131007891693
692	0.00328084466712
693	0.00126553419895
696	0.0
697	0.000670479855641
695	0.00129432572632
699	0.000630309396477
542	0.00195948156556
543	0.0026859685457
540	0.00354948645207
541	0.00268810526672
546	0.00195323537638
547	0.00132924296864
549	0.000618912007684
994	0.00176915310896
997	0.000647057520671
996	0.00162129109178
991	0.00378322051162
990	0.00468672611936
125	0.0
126	0.00455342202568
127	0.00132233094207
415	0.00459266342701
416	0.00777509921572
410	0.00053735988466
413	0.000648874268538
920	0.00202411109575
921	0.00108390058761
418	0.00162093652469
925	0.000586965892814
499	0.00260180930098
319	0.00328492702518
318	0.000658057226247
313	0.0039165999679
311	0.0011777395671
310	0.000651760331223
317	0.000660788873926
316	0.0147208638181
832	0.00238163231444
837	0.00108450051639
838	0.00334632385477
369	0.000630309396477
364	0.00113617980094
362	0.00463180639069
360	0.00133374589245
361	0.00059077367429
952	0.00335860896208
381	0.00109648805831
383	0.00263267996904
388	0.00131410561682
780	0.0
782	0.00584580527984
783	0.00377527970965
788	0.0
789	0.00059077367429
151	0.000644300280385
573	0.00325139930203
572	0.00327154536737
576	0.000538494460952
575	0.00257054250587
60	0.000656591552734
61	0.0190030982616
62	0.00132014158205
152	0.000651965416877
66	0.0
67	0.00401894639955
68	0.00059077367429
253	0.000654057537667
250	0.00192262455454
251	0.00059077367429
256	0.00261427396768
254	0.000656591552734
731	0.00457139423203
732	0.000658693335372
736	0.000656781917732
506	0.00876938246358
738	0.0060350211975
505	0.0013422639768
502	0.00511868880758
500	0.00324369847421
630	0.00397029794676
631	0.00133374589245
633	0.000654746027561
469	0.00332655687722
638	0.00132179985757
464	0.0013215118122
466	0.00065822782315
168	0.00389727700079
169	0.000646656036312
164	0.000661539056287
165	0.00467964453969
166	0.00973262809479
167	0.00463177605054
160	0.00198956507872
966	0.00387575405487
963	0.000671130912651
969	0.000549028663699
935	0.00129143259525
934	0.000646656036312
908	0.00131188482355
879	0.000639112735895
872	0.00059077367429
873	0.00117567280446
891	0.00200401214672
898	0.000618197867431
646	0.00131440925373
649	0.000645740778975
356	0.00456263876699
809	0.00059077367429
353	0.00134464162017
802	0.001312410739
216	0.00131182573626
214	0.00262402524206
769	0.0
762	0.00195150028051
955	0.00411895997553
761	0.00115740646864
767	0.00126553419895
764	0.00059077367429
765	0.00262462400471
956	0.00522661609786
4	0.00129285587157
281	0.001294422299
280	0.0246208625789
284	0.000653494605098
678	0.0
674	0.00255963793065
676	0.0
670	0.000545406126654
672	0.000658057226247
260	0.000647890207804
267	0.00591362578842
266	0.000630309396477
264	0.000596411972717
268	0.0012885184558
56	0.00190185743285
50	0.0
53	0.00382105144011
52	0.00130135567898
537	0.00310459037279
535	0.0
534	0.00196206393935
532	0.00250167300178
531	0.00117909458066
530	0.0033100246256
538	0.00128038246038
988	0.0019786196123
774	0.000657626771781
980	0.00197535289306
987	0.0159864564134
984	0.00259931711947
117	0.000642745175297
111	0.00130134387227
112	0.00325643481374
119	0.000623903350802
118	0.00126479080372
773	0.000586965892814
429	0.00130227562032
428	0.00534961147044
421	0.00266675394412
423	0.00172723057517
422	0.00195460523357
424	0.00334191551087
427	0.000586965892814
912	0.00389619527581
308	0.00053739050417
301	0.000666579448735
302	0.00267764450809
304	0.0
305	0.00129902603961
306	0.00395202002526
846	0.0020048768051
844	0.00263001038982
843	0.0013339461894
840	0.00059077367429
849	0.00288376651056
568	0.00262657067943
569	0.0025839009466
754	0.00189163031707
561	0.00266729554995
758	0.00263362408926
565	0.00327730633192
566	0.00130661111292
739	0.00131997179623
229	0.000659189234663
228	0.00187038812171
227	0.0
223	0.0012788527921
220	0.00129290630874
724	0.00199733239562
723	0.00197645898981
720	0.00392322386998
729	0.0
605	0.00126553419895
150	0.00130452231148
607	0.00392311715264
606	0.000609046359273
157	0.000648775952303
602	0.00129812292162
159	0.0187223216293
609	0.00196086754291
83	0.000660788873926
634	0.0
48	0.00393781093146
951	0.0038960282092
950	0.0
953	0.00200675837374
45	0.0
42	0.0
954	0.000666579448735
40	0.00984298997313
41	0.00197105286823
5	0.00123946542293
488	0.000656591552734
485	0.00132318400822
482	0.00182963106246
481	0.000655926884399
472	0.00324862548928
470	0.000630667816685
471	0.00257713050984
