344	0.000620711986779
0	0.000620834400703
347	0.000558127359657
343	0.003608307537
810	0.00123999137358
812	0.00241332730275
817	0.000624917167541
719	0.00184849191003
718	0.0123370634633
716	0.000617127800797
715	0.000625467015368
714	0.0012242304073
713	0.00246816967381
712	0.000614309028352
710	0.00186225647497
915	0.00556153530464
910	0.000605285820004
299	0.00059196159765
294	0.000600284933106
295	0.000620834400703
292	0.000614691072892
293	0.000620834400703
290	0.00307301422969
291	0.00308948761504
591	0.000616755655867
590	0.00114011447618
592	0.00369503714545
595	0.00247797503612
198	0.00061435667639
599	0.000620834400703
197	0.000611444894226
196	0.000616893484295
191	0.00245734506388
190	0.00309881237998
193	0.00367230534054
192	0.000619400848468
270	0.00058138088629
272	0.00491317358402
274	0.00124521339063
275	0.000620783042998
277	0.00121174441739
278	0.00123519455478
526	0.00123705910312
528	0.00245071742242
449	0.00184789197523
443	0.000613550120834
440	0.00186096876059
444	0.0012169572771
103	0.00299295911239
101	0.00124142207427
106	0.00300406679807
107	0.0136204898997
105	0.000623086056392
900	0.00244794621488
38	0.000601519420177
32	0.00434344023231
31	0.00185963598667
30	0.000610284080179
35	0.00124547997411
34	0.000615005728837
643	0.0018572386643
644	0.00123851719896
647	0.00062056280657
439	0.000590054021221
649	0.000591454139511
648	0.000602248884488
435	0.00177830691871
433	0.002472879741
338	0.00185087267005
335	0.0024680224607
334	0.00614278846731
337	0.00168940338115
333	0.00186467810757
332	0.00236376262861
854	0.00298253763289
855	0.00245961342506
857	0.001238448375
850	0.00616663110341
851	0.00310308886217
858	0.0
6	0.00185994315376
98	0.00617551480924
91	0.00120831108149
90	0.0049270118152
92	0.000617808301176
95	0.00061178477928
740	0.00179081837844
742	0.00675370181206
743	0.00354001736874
558	0.00236443856812
746	0.00123124676204
749	0.00984273323084
557	0.000590054021221
556	0.000586084341449
551	0.00122459176261
550	0.00182853298188
553	0.000619400848468
239	0.00123444102097
236	0.0
231	0.00306109690209
232	0.000585653411869
233	0.00120702912975
1	0.000443843748485
147	0.00244586382077
619	0.000614081589842
142	0.00124250315124
143	0.00244238881623
141	0.000609897278271
612	0.00181302380103
617	0.000612133865059
614	0.0
1004	0.00124091004876
948	0.00123485626537
515	0.000608485809113
942	0.000614691072892
517	0.0047659866629
685	0.00432402070187
684	0.00468791120406
687	0.00245540250479
680	0.00185151551935
683	0.000616893484295
682	0.00185686881309
133	0.000602248884488
132	0.00119260604534
136	0.00371008177395
135	0.0079886947829
134	0.00123383824682
495	0.000621490609673
139	0.000443843748485
497	0.00124231649479
491	0.00248304424678
493	0.00247172377407
24	0.00370622932809
25	0.000581987116527
29	0.00124064898965
406	0.00061869178885
402	0.000443843748485
401	0.00309260102817
933	0.0016804616447
936	0.00244133991552
409	0.000620834400703
379	0.0
828	0.000600058710923
371	0.00123307272744
370	0.00061869178885
373	0.000620296223091
821	0.000608485809113
374	0.000615124249653
377	0.001852860759
708	0.000618082639759
704	0.00349547136326
707	0.00185224196249
700	0.00546075552725
702	0.00180647496386
703	0.00183687150132
397	0.0
394	0.000605285820004
181	0.000619420947271
796	0.000610660689813
795	0.00124874510992
790	0.00239576623214
586	0.00599425293825
585	0.000610870278231
582	0.00121448239557
580	0.00242054203598
581	0.00307028440601
589	0.00061283056392
245	0.00184001381777
246	0.00185966121298
241	0.00124547997411
249	0.00248577750847
248	0.00554833553867
924	0.00247656676679
513	0.000608485809113
512	0.000624917167541
1003	0.000616962161717
514	0.00059780812785
1001	0.00183555754141
516	0.00304622888805
458	0.00291944748441
624	0.000612128123113
450	0.00552310503449
629	0.013555612925
628	0.0012312395183
454	0.00678856351512
457	0.00061793061422
199	0.0018585565143
175	0.00247964046868
173	0.00185879033819
171	0.000558127359657
977	0.00558605054438
976	0.000620834400703
975	0.0
971	0.00246056912644
180	0.0
978	0.00124981057485
656	0.00124085902966
657	0.00124098171071
654	0.00123793857597
2	0.00241413587398
652	0.000619400848468
187	0.000614528900691
650	0.00247489635375
185	0.00246509134439
188	0.00249151194886
189	0.00310723112408
658	0.00185519036669
184	0.00495751491927
11	0.00122781353675
868	0.00117848473799
12	0.000609897278271
15	0.00309151172181
14	0.000617435351418
16	0.0024752864664
862	0.00496760207848
865	0.0012313537025
867	0.000617121128889
866	0.0012355376786
947	0.0
881	0.000612253119089
880	0.000611444894226
886	0.000611181978648
885	0.00300365315322
752	0.00122137234287
322	0.000595144439352
323	0.00268468828163
320	0.000619400848468
321	0.00115842248471
324	0.00120797801756
201	0.00123652864926
200	0.00370855277072
777	0.00123652238253
202	0.000616496296549
205	0.0
770	0.000608485809113
207	0.00617304012675
772	0.00430923941447
209	0.000593519348033
208	0.0
779	0.00124142207427
77	0.00234899527641
75	0.00798920064491
72	0.00122886480749
78	0.00124232501038
664	0.00123652197736
663	0.00180383718379
662	0.00368037596118
692	0.00369391209074
693	0.00186371837605
696	0.00124111695832
697	0.00307509927998
698	0.00367444269419
542	0.00361385966069
543	0.000618507736035
540	0.00492087560211
541	0.0061923350245
546	0.00122688313803
547	0.00187130905222
548	0.00119353833157
994	0.000617435351418
997	0.0
996	0.00124268091222
991	0.000620834400703
990	0.00124139720727
120	0.00614209494231
122	0.000617435351418
124	0.000616105953492
125	0.00100590814248
126	0.00179076218554
127	0.000614709725328
414	0.000618863768718
415	0.00371113332593
416	0.00303592858173
410	0.0117278663677
920	0.00247576193793
921	0.0012419541252
923	0.0061142082767
418	0.00249084955035
925	0.000615123950342
926	0.00125035008105
499	0.00580366375039
319	0.00291480523909
318	0.00175406076025
313	0.000593519348033
311	0.000615123950342
317	0.000615872081609
316	0.000618381654544
832	0.00119620202007
833	0.00123581857986
830	0.00184656241532
837	0.00122638999836
834	0.000615374680433
838	0.00247475986867
368	0.00119219157972
369	0.000608485809113
364	0.000616755655867
362	0.00244282374391
360	0.00185789350382
380	0.00062064080194
381	0.000619400848468
382	0.000619421727197
383	0.00121177699752
388	0.00240514247311
787	0.000615979022067
780	0.000423483024344
782	0.00177830691871
783	0.000618803439523
788	0.00238638582422
789	0.00124452414061
151	0.00184588406874
573	0.00119233509902
572	0.000614528900691
571	0.0102935100964
577	0.000611555645569
153	0.00246782276446
575	0.00117994089924
61	0.00423362426372
62	0.00179999344292
65	0.00553519961116
67	0.00248025656041
253	0.00061551029686
250	0.00183330162546
251	0.000617435351418
256	0.00180081994762
257	0.000611555645569
731	0.00369610211424
732	0.000621248141183
737	0.00186082469341
509	0.00128256041427
506	0.00681198890468
738	0.00433036130724
502	0.00186439600807
500	0.00417889864791
630	0.00495054191003
631	0.00247717009231
633	0.00245074586826
469	0.00811242183539
468	0.00061942074757
465	0.000602913530047
464	0.0012356367015
927	0.0133867051261
168	0.00827435180694
164	0.00118531999006
165	0.00495292931934
166	0.00298363172957
167	0.00312159168013
160	0.00183586481669
161	0.0012042322536
966	0.000590054021221
963	0.000620711986779
969	0.00186051021228
935	0.000605285820004
879	0.00417297724649
872	0.000610660689813
873	0.00122390536424
870	0.00243970596622
891	0.0061841936616
893	0.000423483024344
894	0.000616496296549
646	0.00237229454278
356	0.0077256371103
808	0.00124037433198
353	0.00123538036783
350	0.000612128123113
803	0.000595066722762
802	0.00122883792904
953	0.00124269490148
216	0.00174172698781
214	0.00429741911948
769	0.000603067169232
762	0.00059605217808
955	0.000616383473822
761	0.00183724334841
764	0.0012193755215
765	0.00241064975284
4	0.00122912495476
281	0.00185834152966
280	0.016740298204
285	0.000605285820004
678	0.000620920039288
679	0.000579081080124
674	0.000613588175393
670	0.00124157189189
671	0.0
672	0.000574628069455
260	0.00176053547842
267	0.00551615464542
268	0.00431703871943
56	0.00123672681399
53	0.00122352755694
52	0.00118340622605
537	0.000619400848468
535	0.00182543231871
534	0.00301037253122
532	0.00122607577584
530	0.00370558968305
538	0.00124232501038
775	0.000612680904984
774	0.0
980	0.00185464216032
987	0.00184865336043
984	0.000600284933106
985	0.000619400848468
117	0.00123473875526
116	0.000614309028352
113	0.0012169572771
112	0.00122682505301
771	0.00307151257438
118	0.00124204298324
773	0.000617101018786
429	0.00185446631074
428	0.00309582719829
918	0.000579081080124
421	0.00186930791649
423	0.00372454143737
422	0.00247636428122
424	0.00249194368514
912	0.00353676530999
308	0.00124855307176
303	0.00239148914079
306	0.00184480995705
847	0.000617808301176
846	0.00123577288504
844	0.00172825992546
842	0.00119674851518
840	0.00183773958791
849	0.00248166548787
823	0.00120467350924
568	0.0
569	0.0241927253297
754	0.00123813116786
561	0.00247517121069
758	0.00115492354498
565	0.00117414780289
566	0.00123029993472
229	0.00184355077005
228	0.00124263248797
223	0.00121125039284
220	0.00245973298798
724	0.00247152463709
722	0.000608485809113
720	0.00246515489239
605	0.00186490379001
150	0.000618925095564
607	0.00428556929766
157	0.00245005239194
602	0.00298688305274
159	0.0110826912619
609	0.00555043564211
634	0.0011863100646
958	0.0
48	0.00641424634106
951	0.00802338765741
950	0.00179557780751
44	0.000579081080124
952	0.000618507736035
42	0.000443843748485
954	0.00125011474159
40	0.00552912638348
956	0.00348902723715
638	0.0029958514281
5	0.00124063269233
485	0.000608485809113
483	0.00184355077005
482	0.00185689246244
472	0.00413586470097
473	0.000620291919505
470	0.00435236522522
