344	0.000946165565704
0	0.00270212041746
347	0.00177668495528
341	0.00290227457829
812	0.00243560304488
813	0.00446838151713
719	0.00170199184929
718	0.0040490632938
716	0.00582713743691
715	0.000888120080369
710	0.00351174870885
915	0.0106960554359
294	0.00416037605634
292	0.000780306942634
293	0.00197681906332
290	0.0
591	0.0029617698488
590	0.00177668495528
199	0.00254707091136
599	0.00180389975795
197	0.000849942182708
191	0.00157673508025
190	0.00181255115986
193	0.0017724920575
270	0.00169632523576
275	0.0
277	0.00535729007929
278	0.00181255115986
526	0.00100365285705
527	0.00176622032128
522	0.000894170565519
528	0.00161702642384
443	0.000636581609752
440	0.0
445	0.00100365285705
102	0.000898220659509
103	0.0
101	0.00076186446583
107	0.00181255115986
105	0.00206878576215
38	0.0
32	0.00190792695314
909	0.00373080633798
35	0.00100365285705
641	0.00107684996687
644	0.00338881310687
647	0.00100365285705
439	0.00166575090277
437	0.000846383053049
432	0.00107684996687
433	0.00107684996687
339	0.000904274096091
338	0.00206101162446
334	0.00834925538482
337	0.0
333	0.00270323248168
332	0.00145096874764
854	0.000680408752325
855	0.00158512021244
857	0.00382370093308
850	0.0145738322988
851	0.00295579100556
6	0.00175684533171
99	0.00180389975795
98	0.00172635203515
91	0.0019638702013
90	0.00338529654096
95	0.00107684996687
96	0.000814973366925
740	0.0
743	0.0
745	0.000846383053049
746	0.00447019136339
748	0.000888120080369
551	0.000623842912516
235	0.00175245757642
236	0.000973166206274
231	0.00215546024623
232	0.0033859785608
147	0.0150955657244
618	0.00186430921483
142	0.00284225295678
143	0.000990703995028
611	0.000845079062079
617	0.00169178118137
948	0.00752553613262
949	0.00835704867888
946	0.000873132673887
945	0.000846383053049
942	0.000812721047158
940	0.0217283298554
768	0.00195550754633
688	0.0
685	0.00278024882308
686	0.000888120080369
680	0.000864919069316
682	0.000846383053049
133	0.00082978782633
130	0.000899332723723
137	0.000804569003117
136	0.00191638866433
135	0.0023524024631
493	0.00100365285705
24	0.00201108899919
28	0.00107684996687
29	0.00254253973232
939	0.0
404	0.0010037070379
401	0.00181255115986
400	0.00166475775582
933	0.00266515685866
931	0.000888120080369
936	0.00484794728562
409	0.00180389975795
828	0.000846383053049
373	0.00102769109812
374	0.000839356461708
377	0.00154146745436
705	0.00179773440958
707	0.00952296651797
700	0.00161891769678
702	0.000846383053049
393	0.000936787170442
392	0.000834688264406
391	0.00409161365594
397	0.000946165565704
83	0.000839356461708
796	0.00107684996687
790	0.00654577730773
584	0.00104837338758
585	0.000932629655718
582	0.00301850400041
580	0.00197699584417
581	0.00156903524283
589	0.0
245	0.00215546024623
246	0.00230151913167
241	0.00100365285705
249	0.00277706596423
248	0.00284196530853
924	0.000846383053049
925	0.00215546024623
518	0.00274062240084
1003	0.000862314060861
1001	0.00438485982068
516	0.00170199184929
458	0.0
626	0.000839356461708
624	0.00193584565784
629	0.00281620401691
453	0.0010037070379
454	0.00090744578102
178	0.0262306446716
595	0.0039988672534
175	0.0
173	0.00335984957434
171	0.000888120080369
170	0.00164392546482
977	0.000825401294115
517	0.00239795038637
975	0.000813592964551
974	0.000815484237491
972	0.000888120080369
979	0.000846383053049
978	0.00373871222203
656	0.00305040050827
657	0.00170199184929
654	0.0026588697653
2	0.00322693456502
186	0.00490077917595
650	0.00170199184929
185	0.00177841219721
188	0.00100365285705
658	0.00100365285705
659	0.000839356461708
184	0.000825401294115
868	0.00247329219003
13	0.00170199184929
15	0.00208532755839
14	0.0025778946645
16	0.000825401294115
861	0.0
862	0.00356193070779
865	0.00179450050388
867	0.000803433459293
883	0.006546263254
881	0.00170199184929
880	0.000864919069316
886	0.000653811517938
569	0.000904274096091
929	0.0153018162654
355	0.000888120080369
322	0.00189407301213
321	0.00186430921483
327	0.000846383053049
325	0.000813592964551
329	0.0036195195462
200	0.00476601582221
777	0.000973166206274
771	0.00925651896352
772	0.00273743756981
77	0.00167206534855
75	0.00459739117818
74	0.00082978782633
70	0.00362780668916
78	0.00180389975795
669	0.00182147697816
668	0.00267623190427
662	0.00128457210292
692	0.00399339578927
693	0.00450479942857
696	0.00462402849069
697	0.000804569003117
698	0.00107684996687
542	0.00169178118137
543	0.00382151553397
540	0.00616915924486
541	0.000846383053049
546	0.00181255115986
547	0.00202486341509
544	0.0018868918284
994	0.00209280712187
997	0.00274066606959
996	0.00254678865419
991	0.000956877916019
990	0.00285409251884
120	0.00532761240005
122	0.00288840173147
126	0.00330902438874
127	0.00181255115986
415	0.0244669347709
416	0.00601482554336
410	0.000825401294115
920	0.00203334779819
921	0.00169895428867
923	0.0102204377597
418	0.000846904991825
419	0.0
926	0.000888120080369
499	0.00278620718293
311	0.00107684996687
316	0.0151091521768
314	0.00180389975795
832	0.00828414597949
833	0.000889435995884
837	0.00170199184929
835	0.000839356461708
838	0.00200668546984
369	0.00128509006703
362	0.00183507813211
360	0.00100365285705
361	0.00107684996687
381	0.000844264760507
383	0.00184983253779
388	0.00163680398551
782	0.00082978782633
783	0.0016599760176
789	0.00107684996687
573	0.000824756940758
577	0.000888120080369
576	0.00169632523576
575	0.00083385491354
61	0.00101595715501
62	0.00378243410559
68	0.00107684996687
250	0.00395502308454
251	0.00107684996687
257	0.00181255115986
730	0.00083821043501
509	0.0
506	0.00768989865972
738	0.029695135275
502	0.00629861419831
500	0.000843903489251
630	0.00717730786826
631	0.00100365285705
633	0.00160060039238
469	0.00102969494114
465	0.000808712761968
460	0.0
901	0.000839356461708
168	0.00750425590362
169	0.0010037070379
164	0.0
165	0.00190161483989
166	0.00259133193753
167	0.00102969494114
160	0.00197897858992
163	0.000680408752325
962	0.00177841219721
963	0.00185287430711
935	0.00449653661449
876	0.000973166206274
874	0.00752213469698
872	0.00107684996687
873	0.00215546024623
890	0.000849942182708
891	0.00295011038477
893	0.000887791762475
895	0.00254420046652
896	0.0
899	0.000845354244588
646	0.00125339543131
648	0.00245284542944
356	0.00755892247848
809	0.00107684996687
353	0.00102769109812
803	0.000834688264406
800	0.000623842912516
214	0.00257947028665
761	0.000846383053049
767	0.00270450266413
764	0.00215546024623
765	0.00326254511379
288	0.0030541570435
281	0.00100365285705
280	0.0359932534294
285	0.000888120080369
674	0.000834688264406
670	0.000900693150817
671	0.000813592964551
260	0.00248063691615
267	0.00178420115555
266	0.00083385491354
58	0.00196577250509
55	0.000901071237172
56	0.00107684996687
53	0.00147848106024
52	0.00082205770646
537	0.0
535	0.0012551214616
534	0.00384958055846
532	0.000846383053049
531	0.00107684996687
530	0.00397315531368
538	0.00357842723731
988	0.000936180993499
987	0.0321876350534
112	0.000834688264406
119	0.000808712761968
118	0.000904274096091
429	0.0027206078359
428	0.0028576589087
421	0.00100365285705
423	0.002352822649
422	0.00205202624463
425	0.00436837381913
910	0.000849942182708
913	0.00191173831094
912	0.00250396133778
309	0.0
301	0.00205090549918
302	0.000946165565704
305	0.000845030943902
306	0.000839356461708
846	0.00100365285705
840	0.00215546024623
849	0.00107684996687
823	0.000629552518794
568	0.00088909138318
752	0.000784856868307
751	0.000834688264406
750	0.00202646594538
561	0.00100365285705
565	0.00168527731007
739	0.00289096050395
229	0.000926134144692
228	0.00360512801642
220	0.00184964580734
724	0.000904274096091
720	0.0106745983178
721	0.00167091264964
605	0.00720842579413
150	0.000843903489251
607	0.00366904488823
601	0.00088909138318
157	0.0
602	0.0
609	0.00267747022918
976	0.000904274096091
634	0.0
951	0.00180170623976
953	0.00100365285705
952	0.000946165565704
955	0.00210827014228
40	0.00181255115986
956	0.0
638	0.0
5	0.00169792548021
485	0.00204889811579
484	0.00407348719726
482	0.00211407851798
480	0.00107684996687
472	0.00334899228168
470	0.000904274096091
