344	0.00103944533609
0	0.00102504393859
347	0.0
343	0.000434762066307
810	0.00150309174238
812	0.000555153433041
817	0.00228547782794
719	0.00283575305967
718	0.00726921276594
716	0.0020597384315
715	0.000565571708472
714	0.000590785509015
713	0.00234798602172
712	0.000430452385554
711	0.000517197870244
710	0.00149460988938
915	0.00563824112866
299	0.000922292252442
148	0.000725223601903
294	0.00178317628264
295	0.000517908568054
292	0.000546828088024
293	0.00209755416674
290	0.00171546336251
291	0.00176651413216
591	0.00270062019486
590	0.00174061928156
592	0.00293636929417
595	0.00193651881936
596	0.000432145511663
599	0.000517908568054
197	0.00052627966981
196	0.000594826284088
191	0.000560097255303
190	0.000583330473837
193	0.00531626170941
270	0.000949261223716
272	0.000219416134628
275	0.000981659283045
277	0.00169837089414
278	0.00174226120276
524	0.000433301425347
526	0.00241612281979
522	0.000548666606138
528	0.00278623727061
449	0.00111667858864
443	0.00188752586423
440	0.00144897814019
447	0.00357411565173
444	0.00114142243405
102	0.000796704549411
103	0.00322190490802
101	0.00150610731038
106	0.00110328908127
107	0.00476380285617
105	0.000465211331235
900	0.000219416134628
38	0.00171458916027
904	0.000517197870244
32	0.00260014276172
31	0.00196488601417
30	0.00293888498517
35	0.00344379013344
641	0.00052627966981
643	0.00160766707189
644	0.00235941055136
647	0.00125968860888
646	0.00414328157805
437	0.00190365308532
434	0.00061167772929
435	0.0023601131787
432	0.00052627966981
433	0.00151335738548
338	0.00107494627595
335	0.00158755278618
334	0.0069179760196
337	0.000354394451034
333	0.000517908568054
332	0.00176626844172
745	0.000949261223716
854	0.00117505888634
855	0.000566826283369
857	0.00247068052266
850	0.00190626112234
851	0.00644776873525
852	0.000587885690913
819	0.000538988301267
859	0.002363430408
6	0.00252165642887
98	0.00699451518936
91	0.00104629963298
90	0.00532704535652
92	0.0
95	0.00052627966981
97	0.000539004709303
96	0.0
742	0.00269290499435
743	0.00417239324275
558	0.00368216872005
746	0.000561044898254
747	0.000949261223716
749	0.00496461589566
557	0.000582871162492
556	0.000574764912969
551	0.00236898481124
553	0.000527545926416
552	0.00112948284162
239	0.000939131306749
235	0.000554061162784
236	0.001516037233
230	0.0
231	0.00378382648643
1	0.000494938384167
147	0.0
142	0.00188362363766
143	0.00110517491102
141	0.00112948284162
612	0.000595356960675
617	0.000562161655933
614	0.00250462990721
149	0.00104602737991
947	0.000425333673657
945	0.000949261223716
942	0.00171830609405
940	0.001747441371
517	0.00295091320052
685	0.00175422993638
684	0.00739540680828
687	0.00323807683506
686	0.00107727414698
680	0.0023929873563
683	0.000594826284088
682	0.00189212943168
133	0.000588021521852
132	0.0
131	0.000949261223716
137	0.000529330685766
136	0.000612662139949
135	0.00778714243319
134	0.00353435945407
139	0.00523855019345
491	0.0010213162801
493	0.00189607517039
24	0.00183527740438
26	0.000219416134628
23	0.000605308963475
28	0.00052627966981
29	0.00101827813906
939	0.000907076589694
404	0.000953524938746
402	0.000396919277989
401	0.00213777418303
933	0.0
931	0.000565439707959
936	0.00169901198545
409	0.000517908568054
934	0.000953524938746
758	0.0012216864876
371	0.00170995098082
372	0.00142778076856
377	0.000517197870244
822	0.000369548477752
708	0.000517197870244
704	0.00186949090318
707	0.00290370330635
700	0.00151168877215
701	0.0
702	0.0014157307642
703	0.0025852656891
82	0.00110969843707
86	0.000986120760656
796	0.000482251980559
795	0.00567113072267
791	0.000517942145445
790	0.00332824853548
607	0.00950979545334
586	0.00544532171552
587	0.00393912602877
584	0.000631276092011
585	0.00166659950887
582	0.00105426862262
580	0.00157134534549
581	0.00221672013587
588	0.00052627966981
589	0.000552748739084
245	0.00477478219601
246	0.00150014021593
241	0.00115599498632
240	0.000595549985642
249	0.00101967478541
248	0.0016172474778
924	0.00188321939091
519	0.000553660066606
511	0.00052627966981
510	0.00123806785388
513	0.00176894034226
1004	0.00149422705404
1003	0.00117542441893
514	0.00202958981081
1001	0.00281916953555
516	0.00237864511062
458	0.000617279849205
459	0.000590058082246
624	0.0010630932466
450	0.000643171208051
629	0.0116676733287
628	0.00223548338907
454	0.00176651413216
456	0.00113511497196
979	0.000949261223716
199	0.00188505359953
175	0.00394155631133
174	0.000433301425347
173	0.000949261223716
171	0.000580063113881
170	0.000591323924511
977	0.00431178503942
976	0.000517908568054
971	0.0
180	0.0
253	0.0
978	0.0199686199586
656	0.00138848610267
657	0.000949261223716
654	0.000949261223716
2	0.00283200661161
653	0.000949261223716
650	0.0053355267903
188	0.00337890850436
189	0.00246455626992
658	0.00193994649593
659	0.000529330685766
184	0.00100867438336
868	0.00413736901643
13	0.0019122796763
15	0.0012300345154
14	0.00291175623527
17	0.00062810715976
16	0.00144359364818
19	0.000548666606138
863	0.000529330685766
862	0.00209645706188
865	0.00117121616475
866	0.00157082175788
881	0.00240587340705
880	0.000580598134846
886	0.000571760321826
885	0.000595445494526
322	0.000952416429446
321	0.00265126806678
326	0.00112154654199
327	0.000949261223716
324	0.0039759830826
329	0.00104811312683
775	0.000561044898254
200	0.0
202	0.000615139909024
771	0.00371418831896
770	0.00058696983852
207	0.00729634217402
206	0.000433301425347
208	0.00194783909379
77	0.00230251064019
75	0.00330213765353
664	0.000527430649888
663	0.00175352664531
662	0.000689743219727
660	0.0011083069019
769	0.00219066262472
692	0.00786271405912
693	0.000517908568054
697	0.00226998237297
695	0.000219416134628
698	0.00320694276454
542	0.00360716899976
543	0.0
540	0.00545637563598
541	0.00293947880416
546	0.00166399192986
547	0.00297900832283
544	0.000587885690913
8	0.000631276092011
548	0.000903168142765
549	0.0
994	0.00052627966981
997	0.00052183870372
996	0.000949261223716
991	0.000517908568054
990	0.000547716138319
993	0.000558826071383
120	0.00173751211953
122	0.000466151962469
125	0.00123497293688
126	0.00233163973387
127	0.00211718143945
414	0.000473964941629
415	0.00161572176628
416	0.00647288252481
410	0.00291390645058
920	0.00576019089017
921	0.000949261223716
922	0.000547716138319
923	0.00267853063961
418	0.000937461817947
925	0.00227557927952
499	0.00392323090719
319	0.000486829946171
318	0.00117944150514
313	0.000588247444486
311	0.00161094340129
310	0.000457067230171
316	0.000918858634266
833	0.00109279913736
837	0.00234832240555
835	0.000587885690913
838	0.0
368	0.000448342210176
369	0.00117863743376
364	0.00161531352088
362	0.00164751576542
360	0.00177345307533
361	0.00052627966981
380	0.000479847882373
381	0.00202783809234
383	0.00110780556525
388	0.000953089722151
784	0.000529330685766
780	0.00156196140756
782	0.00176626844172
783	0.00238483678518
788	0.0007178072308
789	0.00257057322568
573	0.00178170322318
572	0.000219416134628
577	0.00297406133178
576	0.00192866412586
575	0.00116848095357
60	0.000219416134628
61	0.00439852664262
62	0.00472394666021
64	0.00050178088412
65	0.00228357446731
67	0.00409174120611
68	0.0010380611034
69	0.000434762066307
250	0.00171695401014
251	0.00152021969936
256	0.00176611212267
257	0.0011211059539
254	0.000219416134628
157	0.0011715654079
731	0.00503625972129
732	0.000501766217355
735	0.000369548477752
508	0.000949261223716
509	0.000793889219467
506	0.0205217605994
738	0.0181847238121
505	0.000718833589801
502	0.00355996889869
500	0.00235653956631
630	0.00330205388553
631	0.00123281266962
633	0.00119034696894
634	0.0007178072308
638	0.000494938384167
639	0.0
927	0.00939745505435
462	0.00267693767956
168	0.00175135211606
164	0.0
165	0.00544104515009
166	0.00357443395953
167	0.0045484509455
160	0.00182639416473
161	0.00173694436717
966	0.0
963	0.00103944533609
969	0.000490061687146
872	0.00052627966981
873	0.00268118489521
870	0.00166687728418
890	0.000558826071383
891	0.00424105352968
894	0.000615139909024
648	0.00179171561865
356	0.00535484352286
809	0.00052627966981
353	0.00060655698753
803	0.00175261046581
802	0.000430452385554
214	0.0152837957169
215	0.0
762	0.00178894799694
955	0.00325172940009
761	0.00193262425776
764	0.00264957315295
765	0.00230537231763
957	0.00222291351804
956	0.00507158767804
4	0.000555153433041
281	0.0012072780398
280	0.00413685861466
284	0.0012300345154
679	0.00128215652813
674	0.00069625822299
676	0.000494938384167
670	0.00100361892006
672	0.00176656679154
260	0.00232417726301
267	0.00553827822396
264	0.000528585233025
268	0.00951340386135
58	0.00114973022531
56	0.00260279543067
53	0.00230632836659
52	0.00176796472252
535	0.00058696983852
534	0.0030217686771
532	0.00345412088973
531	0.00163414044864
530	0.00180958258747
538	0.00153780986582
988	0.00277837418548
774	0.000209302930102
980	0.00161139010251
987	0.0169031561681
984	0.000595445494526
114	0.000473964941629
117	0.00117753180676
776	0.000587885690913
113	0.00177863779909
112	0.00424132094995
773	0.000540416533716
772	0.00174090851766
429	0.00186827003945
428	0.0
918	0.000617279849205
421	0.00459601739365
423	0.00391715694536
422	0.000631276092011
424	0.00567113072267
427	0.000540416533716
912	0.00408446027719
301	0.00112948284162
303	0.00120672077967
305	0.0029575737563
306	0.00324956940431
307	0.000546828088024
847	0.0
846	0.00179838437809
844	0.0030417767823
843	0.000592253977126
840	0.00160322164987
853	0.0
849	0.00247290903008
823	0.00117727274702
568	0.000432145511663
569	0.011959593909
754	0.000517197870244
561	0.00246628851555
759	0.000590707743013
736	0.000528585233025
565	0.00463533444195
566	0.0
739	0.00109501796423
229	0.00218680404803
228	0.000517908568054
223	0.00142580236245
220	0.00338817882643
724	0.00619016478191
722	0.00058696983852
723	0.0013354285884
720	0.00348106249032
605	0.00102406232091
150	0.000537141167309
153	0.000475873582436
154	0.000433301425347
603	0.00187154920026
602	0.00177336742741
159	0.00991840334103
158	0.000943162092973
609	0.0011908410003
469	0.0147536532442
48	0.000617279849205
951	0.00499397938462
950	0.00169150790045
953	0.00125968860888
952	0.0
42	0.000801799433049
954	0.00228547782794
40	0.00334072168854
41	0.0013354285884
5	0.00203954200252
487	0.000433301425347
485	0.00176894034226
482	0.00261023445019
472	0.00588804582649
473	0.000498407227614
470	0.00254780278293
477	0.000433301425347
187	0.000219416134628
