344	0.000359404571714
0	0.00115942394564
347	0.0
341	0.00105437190964
343	0.0
719	0.00538307667648
718	0.00779940366012
716	0.00565002478048
714	0.00203738849076
713	0.00447530155453
712	0.00448452446547
710	0.00115942394564
421	0.000938811922928
910	0.00642155795249
294	0.00210541247798
295	0.00115942394564
293	0.00253290969798
290	0.00105460942509
291	0.00652992343287
591	0.00213772576311
592	0.00752695127759
199	0.00102363577592
599	0.00115942394564
197	0.000863655050218
196	0.00109259432215
191	0.00124765207907
190	0.00875078757798
193	0.00528213561426
272	0.00253217273878
274	0.00147182687499
277	0.00150117339648
278	0.00108148670029
526	0.00291310418738
522	0.00446845337566
443	0.00253583579791
440	0.00110479612058
446	0.00347785210713
103	0.0
101	0.00229008059677
106	0.0
107	0.00774460543379
104	0.00205155789316
105	0.00125939154491
904	0.00224659726614
32	0.00641047736872
31	0.0021990667275
30	0.0020293565003
34	0.00122161768489
643	0.00244188719917
439	0.00101313847274
436	0.00111428273544
437	0.00113308554633
435	0.00418970032236
433	0.0020603751482
338	0.00208101999412
335	0.00455599811267
334	0.0031704385365
337	0.0
333	0.00115942394564
332	0.00199383924252
558	0.0
854	0.0010048849001
855	0.00127835934687
850	0.00125838042444
851	0.00421688289123
853	0.00131748862602
6	0.0022929834786
98	0.0108286893217
90	0.00751112294613
95	0.00105460942509
96	0.0
743	0.00723424359799
745	0.00112413265869
748	0.0
749	0.00125838042444
550	0.00333685378022
553	0.00115164076337
552	0.00105437190964
239	0.00120674423402
236	0.00334517257946
231	0.00301477609058
233	0.00106842732824
1	0.0
147	0.0059648037928
145	0.00111428273544
143	0.0
612	0.00105467280403
617	0.00197416648415
948	0.00217499711501
515	0.00201579087076
944	0.00128836350721
942	0.000863655050218
940	0.00249710480254
685	0.00642762784116
684	0.0
687	0.00209669013207
686	0.0
680	0.00505933783967
682	0.00219147713
136	0.00532427819591
135	0.00261507525579
134	0.00324248246162
497	0.00124312675958
493	0.00144473857241
24	0.00144473857241
29	0.00115164076337
404	0.0011244343232
401	0.00560312305464
409	0.00226945923509
828	0.0
373	0.00147182687499
374	0.000965125910729
823	0.0010048849001
704	0.0
706	0.0
707	0.00420394907774
700	0.00205227208405
702	0.00102363577592
395	0.0
82	0.00101885273874
398	0.0015048322774
86	0.00129711141981
796	0.0
795	0.00124055352128
791	0.00253028984725
790	0.00310855356618
586	0.0116958691873
587	0.00192999589765
580	0.00122948368146
581	0.00182229253693
245	0.00176350984025
246	0.0058488556376
249	0.0022929834786
248	0.00106842732824
924	0.00308876713859
1004	0.00356757135029
1003	0.00105983090355
514	0.0
1001	0.00590118408926
458	0.0
450	0.0
629	0.0243745184818
454	0.00860673624917
457	0.00337975563839
595	0.00337862398866
175	0.00582155223567
173	0.00266199027695
171	0.0
977	0.00744120717093
976	0.00115942394564
180	0.0
978	0.00152311330717
656	0.00147182687499
654	0.00330873591388
2	0.00755357840712
652	0.00113355953296
187	0.00102268236246
650	0.00225410949856
189	0.0181554057514
658	0.00273310207962
868	0.00101090597067
15	0.00203496330747
14	0.00218336949207
863	0.0
862	0.00367924630137
865	0.00105437190964
866	0.0033688711855
947	0.0
881	0.00113308554633
880	0.00105983090355
886	0.000991905570713
885	0.00837097958024
322	0.0
326	0.00103520378838
324	0.00385629918049
325	0.0
329	0.00213772576311
775	0.00106842732824
774	0.0
202	0.00144473857241
771	0.00392661880393
770	0.0010048849001
207	0.00162581011138
772	0.00527059722537
209	0.00101090597067
77	0.00302884798126
75	0.00426517554336
72	0.0012387243781
71	0.0011244343232
78	0.00105437190964
663	0.0
660	0.00309420675089
692	0.014969834208
693	0.00231717546147
696	0.0
697	0.00274223170697
698	0.00535414315869
542	0.000909203415644
540	0.00156428652253
541	0.00259924938302
546	0.0010499758643
8	0.00102670374321
994	0.000870297615747
997	0.000601261411155
996	0.00125939154491
991	0.00337770399565
990	0.00109871163065
120	0.00510163455172
122	0.00324865679313
126	0.00210541247798
127	0.00113355953296
415	0.00746018228141
416	0.00624048590656
410	0.00220689373559
920	0.0043080234488
921	0.00112413265869
923	0.00659681525988
418	0.00376848744112
925	0.000677097935714
926	0.0
927	0.00706050779008
318	0.00195249187028
313	0.00212153777376
311	0.000677097935714
833	0.00266640978945
830	0.0020224706851
837	0.00317576056727
835	0.00213772576311
838	0.00142336599043
365	0.00226152316202
360	0.00291310418738
380	0.0015048322774
381	0.00225410949856
385	0.00113697095595
388	0.00261861706964
787	0.00107761163946
780	0.0
782	0.00210642630611
783	0.00210207203046
789	0.00230636731309
577	0.0
61	0.00223790152627
62	0.0
64	0.0
65	0.00415034201347
66	0.00107761163946
67	0.00110179185978
250	0.0019923476033
256	0.0010439261343
257	0.000461979177687
255	0.00145456109931
731	0.00617446032447
737	0.00110681692591
736	0.00106842732824
506	0.00222332164953
738	0.00437590915735
505	0.0
502	0.00601676902866
500	0.00410291369116
630	0.00398263708729
631	0.00438810134745
633	0.00531776792003
469	0.0
638	0.0
464	0.00113697095595
462	0.00844381911891
168	0.00508258622579
164	0.0
165	0.00330572186716
166	0.00412273674006
160	0.00144473857241
966	0.0
963	0.000359404571714
969	0.00237668629254
873	0.00287383536536
870	0.00204288960521
890	0.00105983090355
891	0.00693900921925
894	0.00144473857241
898	0.00113697095595
646	0.0
648	0.00206466329437
356	0.0172431457221
353	0.00286954044336
214	0.00867228601572
762	0.0031006740334
761	0.00222406642857
764	0.00176350984025
765	0.00614313181979
956	0.0
280	0.00286349628279
284	0.00100825956426
670	0.00691564126464
672	0.0
260	0.00201690527628
267	0.00512924372011
264	0.0
268	0.00757784514087
58	0.00105437190964
53	0.00456640381299
52	0.00101090597067
537	0.00221788451029
535	0.000909203415644
534	0.00129260468564
532	0.00794825660006
530	0.00286349628279
538	0.00236616817966
201	0.00223835565354
988	0.000398769027631
200	0.00411326199146
987	0.00102664808448
984	0.0010439261343
114	0.0022478422684
117	0.00216280557984
111	0.00207993687332
118	0.00112796362906
429	0.00437396360501
428	0.00403076495961
918	0.0
915	0.00937807581173
420	0.0
423	0.00923300829149
422	0.00102670374321
911	0.00119004639145
424	0.00147465809685
427	0.0
912	0.0020293565003
308	0.0
309	0.0
303	0.0
305	0.00295772022616
306	0.00193863947044
847	0.000398769027631
846	0.00291948920427
845	0.00919503890223
844	0.0
840	0.00175176191606
849	0.00465343261431
377	0.0068371835347
569	0.0243342130342
754	0.00111303773317
561	0.00291948920427
565	0.0
739	0.00102670374321
229	0.00196557130477
228	0.00115942394564
223	0.0
220	0.00422256974213
727	0.0
724	0.00496901999419
723	0.0
720	0.00385517063431
605	0.00347189392137
150	0.00124765207907
607	0.00631158815853
152	0.00257930731713
157	0.00150117339648
602	0.00413854364543
159	0.00987013740903
609	0.00743159669696
48	0.0
951	0.011624283113
950	0.0
952	0.00281993339091
955	0.0
40	0.0029557344958
41	0.0
5	0.00345388929645
483	0.0019835966086
482	0.00115942394564
472	0.00204172670376
470	0.00344630353577
476	0.00105983090355
479	0.00107879058873
