2
0.0124782625805
0.0124782625805
0.0124782625805
0.0124782625805
0.0124782625805
0.0165991543008
0.0165991543008
0.0165991543008
0.0165991543008
0.0165991543008

6
0.00533623988511
0.00533623988511
0.00533623988511
0.00533623988511
0.00533623988511
0.00306788547313
0.00306788547313
0.00306788547313
0.00306788547313
0.00306788547313

10
0.00243139168116
0.00243139168116
0.00243139168116
0.00243139168116
0.00243139168116
0.00108232752283
0.00108232752283
0.00108232752283
0.00108232752283
0.00108232752283

14
0.00105500461697
0.00105500461697
0.00105500461697
0.00105500461697
0.00105500461697
0.000563229060556
0.000563229060556
0.000563229060556
0.000563229060556
0.000563229060556

18
0.000345316282084
0.000345316282084
0.000345316282084
0.000345316282084
0.000345316282084
0.000242524837047
0.000242524837047
0.000242524837047
0.000242524837047
0.000242524837047

22
0.000255338169282
0.000255338169282
0.000255338169282
0.000255338169282
0.000255338169282
0.000249728178171
0.000249728178171
0.000249728178171
0.000249728178171
0.000249728178171

26
0.000270688705338
0.000270688705338
0.000270688705338
0.000270688705338
0.000270688705338
0.000274344126782
0.000274344126782
0.000274344126782
0.000274344126782
0.000274344126782

30
0.000264085668329
0.000264085668329
0.000264085668329
0.000264085668329
0.000264085668329
0.000221787657694
0.000221787657694
0.000221787657694
0.000221787657694
0.000221787657694
