2.06045512318694212794
10.31164842958855309973
0.65660781866531370277
0.3827736142921183693
0.
5.2803450150930766327
7.44445365665512603925
6.70138449944022962512
1.46753864868347516648
7.33734919133819030179
1.69636458120329414179
0.
0.14639938693375936785
8.33675802428047596493
1.21951877859444768326
0.63819581771645150781
0.61669777357344257585
12.44306169460685573824
0.36863620019993703636
8.21373332937734801362
2.66800945121956178951
0.33022747341852409786
0.72153983560161816246
0.73506212621921396266
0.32689121050591490869
3.13886040640728092299
5.04905858867519530264
9.47489283945844462664
4.52818454144127180427
0.36498716263927077907
8.4762867947795079715
0.71687949334559242232
2.09855107532050411123
0.58551414116231759177
0.45680737348723599034
0.
3.39044590748417862258
1.41702554302197869518
0.79343630136795650909
2.80411855223314976371
5.34313973860168189844
7.75351671222362881508
2.32738743366192535333
0.45213660540958316991
0.16039083952351401718
0.85605378590865077726
0.
3.34058962858360564141
2.08319384010081698477
0.
1.08113684847163216141
0.2014060217054028934
0.40091454387943065152
0.
13.95083358886071422944
0.20797428931460218426
1.46807036558517500779
7.35392624768530644985
0.
1.07748781091094603113
0.47193524063159814075
0.18627815456104074299
