xS
75.33064869387816031576
53.26744168972563642228
67.03018205112491045838
49.25048737354552486067
81.51951553076887080351
88.90168012447372802853
47.68217007021668507605
29.63389337482457364104
78.78073769581403951179
62.92550050192571120533
86.82270821430209650771
97.7632809029865654793
30.75397179860578589228
62.55571895577821806
32.58776030099552656338
43.86287168863515972816
65.05993553016065789052
29.63389337482457364104
58.62378441303308562738
73.57310210536797967507

xS_rie_1
75.32884291287074063348
53.2674415159802663311
67.02663356529222937752
49.25048626978735200055
81.51784382596662226206
88.89903547303276809544
47.68014211590767104099
29.63389303435604560377
78.77152372447613970508
62.91959023388317007175
86.8211438976411358226
96.9802869872784896188
30.75397186436552487976
62.5535082757025335809
32.58333908851871996148
43.86287118131664897192
63.77613524852435489265
29.63389303435604560377
57.8215700239894587753
72.9844417022784028859

xS_rie_01
75.33063063432325634494
53.26744168970220982828
67.03014655641379704321
49.25048737342886795432
81.51949881088131633078
88.90165366829823767603
47.68214978673906045969
29.63389337478752239008
78.78064552021481858901
62.92544137432533091214
86.82269257421967267874
97.68378753156383709211
30.75397179860970098275
62.5556968375318120934
32.58771606452410196653
43.86287168857835894187
64.9298735403629763141
29.63389337478752239008
58.54294430062078191668
73.51355653033292014698
